390 5 1
0 0 12.3485 0 0 0
0 0 3.73401 0 0 0
0 0 5.19461 0 0 0
0 0 11.9204 0 0 0
0 0 12.9129 0 0 0
0 0 28.9528 0 0 0
0 0 14.2241 0 0 0
0 0 42.2093 0 0 0
0 0 7.9624 0 0 0
0 0 18.7279 0 0 0
0 0 49.1781 0 0 0
0 0 39.574 0 0 0
0 0 76.3413 0 0 0
0 0 110.067 0 0 0
0 0 134.448 0 0 0
0 0 107.455 0 0 0
0 0 76.4744 0 0 0
0 0 92.7971 0 0 0
0 0 63.9116 0 0 0
0 0 92.0311 0 0 0
0 0 124.784 0 0 0
0 0 104.019 0 0 0
0 0 88.2788 0 0 0
0 0 72.7384 0 0 0
0 0 61.0753 0 0 0
0 0 89.412 0 0 0
0 0 110.255 0 0 0
0 0 86.6639 0 0 0
0 0 120.937 0 0 0
-3.08532e+060 0 135.746 0 0 0
0 0 102.566 0 0 0
0 0 131.895 0 0 0
0 0 149.829 0 0 0
0 0 115.447 0 0 0
0 0 96.5482 0 0 0
0 0 74.3784 0 0 0
0 0 57.833 0 0 0
0 0 65.9092 0 0 0
0 0 59.2838 0 0 0
0 0 54.8571 0 0 0
0 0 92.6176 0 0 0
0 0 64.4263 0 0 0
0 0 44.1757 0 0 0
0 0 29.2483 0 0 0
0 0 17.0721 0 0 0
0 0 49.2253 0 0 0
0 0 75.7019 0 0 0
0 0 102.931 0 0 0
0 0 75.6482 0 0 0
0 0 101.977 0 0 0
0 0 118.405 0 0 0
0 0 87.7712 0 0 0
0 0 65.4289 0 0 0
0 0 87.9967 0 0 0
0 0 62.0212 0 0 0
0 0 69.6334 0 0 0
0 0 47.3112 0 0 0
0 0 48.152 0 0 0
0 0 74.3378 0 0 0
0.133333 0 57.8896 0 0 0
0 0 49.4791 0 0 0
0 0 33.8669 0 0 0
0 0 21.7714 0 0 0
0 0 14.3751 0 0 0
0 0 53.051 0 0 0
0 0 84.2198 0 0 0
0 0 75.0289 0 0 0
0 0 59.8664 0 0 0
0 0 67.3376 0 0 0
0 0 33.8564 0 0 0
0 0 20.9598 0 0 1
0 0 5.41476 0 0 1
0 0 3.00331 0 0 1
0 0 28.1091 0 0 1
0 0 68.9575 0 0 1
0 0 57.6499 0 0 1
0 0 46.2573 0 0 1
0 0 61.4531 0 0 1
0 0 71.8077 0 0 1
0 0 99.2643 0 0 1
0 0 72.8755 0 0 1
0 0 91.1267 0 0 1
0 0 102.089 0 0 1
0 0 118.088 0 0 1
0 0 91.0129 0 0 1
0 0 69.2224 0 0 1
0 0 88.426 0 0 1
0 0 120.249 0 0 1
0 0 91.0178 0 0 1
0.0333333 0 69.2617 0 0 1
0 0 79.075 0 0 1
0 0 65.0938 0 0 1
0 0 63.6208 0 0 1
0 0 53.4455 0 0 1
0 0 92.7564 0 0 1
0 0 47.118 0 0 1
0 0 32.9325 0 0 1
0 0 14.2248 0 0 1
0 0 9.77402 0 0 1
0 0 8.17318 0 0 1
0 0 33.0091 0 0 1
0 0 37.5851 0 0 1
0 0 28.924 0 0 1
0 0 27.986 0 0 1
0 0 15.1128 0 0 1
0 0 15.9623 0 0 1
0 0 12.9777 0 0 1
0 0 14.1885 0 0 1
0 0 30.1833 0 0 1
0 0 69.9375 0 0 1
0 0 89.3634 0 0 1
0 0 99.1831 0 0 1
0 0 74.567 0 0 1
0 0 71.4984 0 0 1
0 0 65.6123 0 0 1
0 0 43.3061 0 0 1
0 0 65.2901 0 0 1
0 0 35.8258 0 0 1
0 0 22.9229 0 0 1
0.0333333 0 13.5764 0 0 1
0 0 13.1339 0 0 1
0 0 28.8745 0 0 1
0 0 26.9457 0 0 1
0 0 41.5566 0 0 1
0 0 36.3222 0 0 1
0 0 36.7501 0 0 1
0 0 31.0129 0 0 1
0 0 27.1913 0 0 1
0 0 25.4295 0 0 1
0 0 21.1128 0 0 1
0 0 16.8903 0 0 1
0 0 11.0929 0 0 1
0 0 21.1192 0 0 1
0 0 14.6226 0 0 1
0 0 31.6981 0 0 1
0 0 22.204 0 0 1
0 0 19.2338 0 0 1
0 0 20.1489 0 0 1
0 0 10.5636 0 0 1
0 0 6.21207 0 0 1
0 0 9.58504 0 0 1
0 0 9.27231 0 0 1
0 0 17.267 0 0 1
0 0 19.1982 0 0 1
0 0 25.0871 0 0 1
0 0 32.0697 0 0 1
0 0 30.7282 0 0 1
0 0 33.9159 0 0 1
0 0 40.1197 0 0 1
0 0 40.6484 0 0 1
0 0 43.6298 0 0 1
0 0 43.634 0 0 1
0 0 51.0611 0 0 1
0 0 55.8042 0 0 1
0 0 54.2393 0 0 1
0 0 5.8393 0 0 1
0 0 104.671 0 0 1
0 0 182.968 0 0 1
0 0 161.382 0 0 1
0 0 227.331 0 0 1
0 0 231.119 0 0 1
0 0 234.126 0 0 1
0 0 236.531 0 0 1
0 0 238.431 0 0 1
0 0 240.745 0 0 1
0 0 242.596 0 0 1
0 0 244.077 0 0 1
0 0 245.262 0 0 1
0 0 252.931 0 0 1
0 0 302.345 0 0 1
0 0 291.029 0 0 1
0 0 282.823 0 0 1
0 0 326.258 0 0 1
0 0 360.282 0 0 1
0 0 386.558 0 0 1
0 0 359.246 0 0 1
0 0 336.603 0 0 1
0 0 319.283 0 0 1
0 0 246.714 0 0 1
0.0333333 0 200.027 0 0 1
0 0 131.714 0 0 1
0 0 92.8675 0 0 1
0 0 57.1298 0 0 1
0 0 39.8828 0 0 1
0 0 22.2444 0 0 1
0 0 6.57433 0 0 1
0 0 9.07868 0 0 1
0 0 7.01879 0 0 1
0 0 9.71235 0 0 1
0 0 20.0148 0 0 1
0 0 29.8559 0 0 1
0 0 8.53767 0 0 1
0 0 17.4071 0 0 1
0 0 12.7989 0 0 1
0 0 21.929 0 0 1
0 0 18.1968 0 0 1
0 0 27.4771 0 0 1
0 0 40.1538 0 0 1
0 0 49.3166 0 0 1
0 0 102.661 0 0 1
0 0 76.1025 0 0 1
0 0 79.1566 0 0 1
0 0 77.0725 0 0 1
0 0 75.0966 0 0 1
0 0 85.3796 0 0 1
0 0 82.9242 0 0 1
0 0 82.8498 0 0 1
0 0 89.0228 0 0 1
0 0 84.1996 0 0 1
0.666667 0 93.9688 0 0 1
0 0 96.6821 0 0 1
0 0 96.6407 0 0 1
0 0 93.5137 0 0 1
0 0 100.549 0 0 1
0 0 74.0016 0 0 1
0 0 84.7923 0 0 0
0 0 96.837 0 0 0
0 0 102.097 0 0 0
0 0 81.6381 0 0 0
0 0 56.4711 0 0 0
0 0 70.5523 0 0 0
0 0 73.9786 0 0 0
0 0 51.4131 0 0 0
0 0 104.856 0 0 0
0 0 79.7055 0 0 0
0 0 61.3267 0 0 0
0 0 65.8705 0 0 0
0 0 74.2444 0 0 0
0 0 87.4756 0 0 0
0 0 67.3795 0 0 0
0 0 54.2746 0 0 0
0 0 39.8483 0 0 0
0 0 44.2153 0 0 0
0 0 57.0309 0 0 0
0 0 44.1197 0 0 0
0 0 33.8911 0 0 0
0 0 26.9781 0 0 0
0 0 41.2206 0 0 0
0 0 44.6403 0 0 0
0.333333 0 33.6024 0 0 0
0 0 46.9877 0 0 0
0 0 30.0505 0 0 0
0 0 16.8427 0 0 0
0 0 35.2755 0 0 0
0 0 27.8939 0 0 0
0 0 43.0506 0 0 0
0 0 30.6139 0 0 0
0 0 17.7604 0 0 0
0 0 27.9671 0 0 0
0 0 42.5337 0 0 0
0 0 25.8748 0 0 0
0 0 42.3017 0 0 0
0 0 50.4326 0 0 0
0 0 59.9301 0 0 0
0 0 65.4994 0 0 0
0 0 74.9122 0 0 0
0 0 73.4817 0 0 0
0 0 31.4421 0 0 0
0 0 74.3844 0 0 0
0 0 102.882 0 0 0
0 0 82.9552 0 0 0
0 0 58.1083 0 0 1
0 0 20.6696 0 0 1
0 0 6.77892 0 0 1
0 0 1.86242 0 0 1
0 0 3.03187 0 0 1
0 0 6.98732 0 0 1
0 0 16.3172 0 0 1
0 0 7.26165 0 0 1
0.3 0 5.69862 0 0 1
0 0 10.7383 0 0 1
0 0 35.5256 0 0 1
0 0 13.1455 0 0 1
0 0 4.99383 0 0 1
0 0 11.2227 0 0 1
0 0 20.6489 0 0 1
0 0 25.3901 0 0 1
0 0 29.4265 0 0 1
0 0 33.4979 0 0 1
0 0 3.89587 0 0 1
0 0 14.4265 0 0 1
0 0 38.547 0 0 1
0 0 41.7803 0 0 1
0 0 22.9048 0 0 1
0 0 40.481 0 0 1
0 0 27.479 0 0 1
0 0 12.9334 0 0 1
0 0 31.1509 0 0 1
0 0 23.4018 0 0 1
0 0 17.8384 0 0 1
0 0 15.3696 0 0 1
0 0 33.9072 0 0 1
0 0 19.2181 0 0 0
0 0 29.7014 0 0 0
0 0 15.2275 0 0 0
0 0 2.45465 0 0 0
0 0 17.9342 0 0 0
0 0 20.7271 0 0 0
0 0 23.7754 0 0 0
0.433333 0 24.3806 0 0 0
0 0 20.2697 0 0 0
0 0 22.0272 0 0 0
0 0 19.5252 0 0 0
0 0 14.8189 0 0 0
0 0 22.736 0 0 0
0 0 21.4987 0 0 0
0 0 5.59195 0 0 0
0 0 4.17518 0 0 0
0 0 17.7256 0 0 0
0 0 16.9866 0 0 0
0 0 16.0983 0 0 0
0 0 15.898 0 0 0
0 0 19.909 0 0 0
0 0 9.58299 0 0 0
0 0 1.48618 0 0 0
0 0 6.95402 0 0 0
0 0 14.0224 0 0 0
0 0 25.2716 0 0 0
0 0 27.7846 0 0 0
0 0 30.7887 0 0 0
0 0 36.0672 0 0 0
0 0 21.1463 0 0 0
0 0 29.417 0 0 0
0 0 10.4613 0 0 0
0 0 40.9064 0 0 1
0 0 82.7251 0 0 1
0 0 166.18 0 0 1
0 0 135.6 0 0 1
0 0 157.711 0 0 1
0.0333333 0 175.349 0 0 1
0 0 189.533 0 0 1
0 0 201.626 0 0 1
0 0 209.739 0 0 1
0 0 210.344 0 0 1
0 0 217.456 0 0 1
0 0 223.965 0 0 1
0 0 179.172 0 0 1
0 0 133.38 0 0 1
0 0 107.107 0 0 1
0 0 74.4153 0 0 1
0 0 50.4899 0 0 1
0 0 45.4501 0 0 1
0 0 25.975 0 0 1
0 0 34.1957 0 0 1
0 0 17.0391 0 0 1
0 0 6.88936 0 0 1
0 0 0.451523 0 0 1
0 0 7.1449 0 0 1
0 0 22.9204 0 0 1
0 0 6.33636 0 0 1
0 0 4.48183 0 0 1
0 0 10.4461 0 0 1
0 0 16.8084 0 0 1
0 0 6.86868 0 0 1
0 0 8.33335 0 0 1
0 0 11.9098 0 0 1
0 0 13.2291 0 0 1
0 0 17.7022 0 0 1
0 0 22.3439 0 0 1
0.366667 0 21.7718 0 0 1
0 0 25.7093 0 0 1
0 0 7.61293 0 0 1
0 0 5.31102 0 0 1
0 0 0.123885 0 0 1
0 0 6.83765 0 0 1
0 0 3.50628 0 0 1
0 0 41.4871 0 0 1
0 0 52.6208 0 0 1
0 0 91.4117 0 0 1
0 0 80.5398 0 0 1
0 0 48.8719 0 0 1
0 0 35.5261 0 0 1
0 0 21.1505 0 0 1
0 0 5.03451 0 0 1
0 0 7.33603 0 0 1
0 0 19.7383 0 0 1
0 0 2.05843 0 0 1
0 0 9.18513 0 0 1
0 0 10.3735 0 0 1
0 0 7.02586 0 0 1
0 0 3.18305 0 0 1
0 0 7.03521 0 0 1
0 0 17.5473 0 0 1
0 0 2.95409 0 0 1
0 0 7.71391 0 0 1
0 0 17.4715 0 0 1
0 0 8.85629 0 0 1
0 0 5.77891 0 0 1
0 0 0.791784 0 0 1
0.7 0 6.41615 0 0 1
