582 5 1
0 0 26.25 0 0 0
0 0 21 0 0 0
0 0 41.6873 0 0 0
0 0 33.3498 0 0 0
0 0 26.6798 0 0 0
0 0 21.3439 0 0 0
0 0 44.9249 0 0 1
0 0 63.9702 0 0 1
0 0 51.1762 0 0 1
0 0 41.8338 0 0 1
0 0 33.467 0 0 1
0 0 80.9403 0 0 1
0 0 64.7522 0 0 1
0 0 94.8574 0 0 1
0 0 75.8859 0 0 1
0 0 61.6189 0 0 1
0 0 49.2951 0 0 1
0 0 40.362 0 0 1
0 0 32.2896 0 0 1
0 0 1.83561 0 0 1
0 0 1.46849 0 0 1
0 0 1.17479 0 0 1
0 0 50.9398 0 0 1
0 0 74.6649 0 0 1
0 0 59.7319 0 0 1
0 0 47.7855 0 0 1
0 0 38.2284 0 0 1
0 0 9.86307 0 0 1
0 0 7.89046 0 0 1
0.1 0 7.0853 0 0 1
0 0 4.7067 0 0 1
0 0 3.76536 0 0 1
0 0 3.01229 0 0 1
0 0 2.40983 0 0 1
0 0 1.92787 0 0 1
0 0 42.9021 0 0 1
0 0 34.3217 0 0 1
0 0 40.0259 0 0 1
0 0 86.0207 0 0 1
0 0 68.8166 0 0 1
0 0 92.4482 0 0 1
0 0 73.9586 0 0 1
0 0 58.1252 0 0 1
0 0 46.5001 0 0 1
0 0 37.2001 0 0 1
0 0 23.0194 0 0 1
0 0 18.4155 0 0 1
0 0 30.6054 0 0 1
0 0 24.4843 0 0 1
0 0 19.5875 0 0 1
0 0 15.67 0 0 1
0 0 12.536 0 0 1
0 0 10.0288 0 0 1
0 0 12.1047 0 0 1
0 0 9.68373 0 0 1
0 0 7.74698 0 0 1
0 0 6.19759 0 0 1
0 0 4.95807 0 0 1
0 0 3.96645 0 0 1
0 0 3.17316 0 0 1
0 0 24.3306 0 0 1
0 0 15.7642 0 0 1
0 0 12.6114 0 0 1
0 0 16.7996 0 0 1
0 0 13.4397 0 0 1
0 0 10.7518 0 0 1
0 0 8.60141 0 0 1
0 0 7.635 0 0 1
0 0 2.84305 0 0 1
0 0 2.27444 0 0 1
0 0 1.81955 0 0 1
0 0 1.45564 0 0 1
0 0 1.16451 0 0 1
0 0 0.93161 0 0 1
0 0 0.745288 0 0 1
0 0 10.5732 0 0 1
0 0 8.45859 0 0 1
0 0 6.76687 0 0 1
0 0 5.4135 0 0 1
0 0 4.3308 0 0 1
0 0 3.46464 0 0 1
0 0 12.2469 0 0 1
0 0 9.79756 0 0 1
0 0 7.83804 0 0 1
0 0 6.27044 0 0 1
0 0 5.01635 0 0 1
0 0 4.01308 0 0 1
0 0 51.3826 0 0 1
0 0 79.2694 0 0 1
0.0333333 0 63.4155 0 0 1
0 0 50.7324 0 0 1
0 0 40.5859 0 0 1
0 0 32.4687 0 0 1
0 0 25.975 0 0 1
0 0 20.78 0 0 1
0 0 16.624 0 0 1
0 0 63.2992 0 0 1
0 0 50.6394 0 0 1
0 0 40.5115 0 0 1
0 0 25.4931 0 0 1
0 0 20.3945 0 0 1
0 0 16.3156 0 0 1
0 0 13.0525 0 0 1
0 0 10.442 0 0 1
0 0 0.637505 0 0 1
0 0 0.510004 0 0 1
0 0 0.484854 0 0 1
0 0 0.387883 0 0 1
0 0 0.310307 0 0 1
0 0 0.248245 0 0 1
0 0 0.198596 0 0 1
0 0 0.158877 0 0 1
0 0 22.8835 0 0 1
0 0 18.3068 0 0 1
0 0 14.6454 0 0 1
0 0 11.7164 0 0 1
0 0 9.37309 0 0 1
0 0 21.2249 0 0 1
0 0 16.054 0 0 1
0.0333333 0 11.8432 0 0 0
0 0 21.6681 0 0 0
0 0 17.3345 0 0 0
0 0 13.8676 0 0 0
0 0 11.0941 0 0 0
0 0 7.87526 0 0 0
0 0 6.30021 0 0 0
0 0 5.04017 0 0 0
0 0 44.9475 0 0 0
0 0 36.82 0 0 0
0 0 29.456 0 0 0
0 0 23.5648 0 0 0
0 0 19.7447 0 0 0
0 0 101.733 0 0 0
0 0 81.3866 0 0 0
0 0 67.4052 0 0 0
0 0 53.9242 0 0 0
0 0 27.7547 0 0 0
0 0 27.7723 0 0 0
0 0 23.2595 0 0 0
0 0 17.5872 0 0 0
0 0 14.0697 0 0 0
0 0 11.2558 0 0 0
0 0 9.00464 0 0 0
0 0 7.20371 0 0 0
0 0 5.76297 0 0 0
0 0 4.61037 0 0 0
0 0 3.6883 0 0 0
0 0 2.95064 0 0 0
0 0 2.36051 0 0 0
0 0 1.88841 0 0 0
0 0 1.51073 0 0 0
0 0 1.20858 0 0 0
0 0 1.81432 0 0 0
0 0 1.45146 0 0 0
0 0 1.16117 0 0 0
0 0 0.928933 0 0 0
0 0 0.67929 0 0 0
0 0 0.543432 0 0 0
0 0 0.434745 0 0 0
0 0 2.45833 0 0 0
0 0 1.96666 0 0 0
0 0 1.57333 0 0 0
0 0 1.25866 0 0 0
0 0 1.00693 0 0 0
0 0 0.805545 0 0 0
0 0 0.644436 0 0 0
0 0 0.515549 0 0 0
0 0 0.412439 0 0 0
0 0 0.329951 0 0 0
0 0 0.263961 0 0 0
0 0 0.211169 0 0 0
0 0 0.168935 0 0 0
0 0 20.4962 0 0 0
0 0 16.397 0 0 0
0 0 13.1176 0 0 0
0 0 10.4941 0 0 0
0 0 8.39524 0 0 0
0 0 17.4255 0 0 1
0 0 13.9404 0 0 1
0.0333333 0 11.1523 0 0 1
0 0 8.92185 0 0 1
0 0 7.13748 0 0 1
0 0 5.70998 0 0 1
0 0 4.56799 0 0 1
0 0 3.65439 0 0 1
0 0 2.92351 0 0 1
0 0 2.33881 0 0 1
0 0 1.87105 0 0 1
0 0 1.49684 0 0 1
0 0 1.19747 0 0 1
0 0 49.042 0 0 1
0 0 39.2336 0 0 1
0 0 64.4377 0 0 1
0 0 100.53 0 0 1
0 0 114.748 0 0 1
0 0 61.3584 0 0 1
0 0 49.0867 0 0 1
0 0 89.2694 0 0 1
0 0 121.416 0 0 1
0 0 131.43 0 0 1
0 0 105.144 0 0 1
0 0 134.115 0 0 1
0 0 109.744 0 0 1
0 0 87.7954 0 0 1
0 0 70.2363 0 0 1
0 0 56.1891 0 0 1
0 0 44.9513 0 0 1
0 0 35.961 0 0 1
0 0 28.7688 0 0 1
0.0333333 0 23.015 0 0 1
0 0 18.412 0 0 1
0 0 58.6026 0 0 1
0 0 46.8821 0 0 1
0 0 37.5057 0 0 1
0 0 30.0046 0 0 1
0 0 24.0036 0 0 1
0 0 19.2029 0 0 1
0 0 15.3623 0 0 1
0 0 12.2899 0 0 1
0 0 9.83189 0 0 1
0 0 7.86551 0 0 1
0 0 6.29241 0 0 1
0 0 5.03393 0 0 1
0 0 4.02714 0 0 1
0 0 3.22171 0 0 1
0 0 2.57737 0 0 1
0 0 2.0619 0 0 1
0 0 1.64952 0 0 1
0 0 1.31961 0 0 1
0 0 1.05569 0 0 1
0 0 0.844553 0 0 1
0 0 0.675642 0 0 1
0 0 0.540514 0 0 1
0 0 0.432411 0 0 1
0 0 0.345929 0 0 1
0 0 0.276743 0 0 1
0 0 0.221395 0 0 1
0 0 0.177116 0 0 1
0 0 0.141693 0 0 1
0.0333333 0 0.113354 0 0 1
0 0 0.0906832 0 0 1
0 0 0.0725466 0 0 1
0 0 0.0580373 0 0 1
0 0 32.9366 0 0 1
0 0 26.3493 0 0 1
0 0 13.9206 0 0 1
0 0 11.1365 0 0 1
0 0 8.90916 0 0 1
0 0 7.12733 0 0 1
0 0 5.70186 0 0 1
0 0 4.56149 0 0 1
0 0 3.64919 0 0 1
0 0 2.91935 0 0 1
0 0 2.33548 0 0 1
0 0 1.86839 0 0 1
0 0 17.5964 0 0 1
0 0 14.0771 0 0 1
0 0 11.2617 0 0 1
0 0 9.00936 0 0 1
0 0 7.20749 0 0 1
0 0 5.76599 0 0 1
0 0 4.61279 0 0 1
0 0 3.69023 0 0 1
0 0 2.95219 0 0 1
0 0 2.36175 0 0 1
0 0 1.8894 0 0 1
0 0 1.51152 0 0 1
0 0 1.20922 0 0 1
0 0 0.967373 0 0 1
0 0 0.773898 0 0 1
0 0 0.619119 0 0 1
0 0 0.495295 0 0 1
0 0 38.9379 0 0 1
0 0 31.1503 0 0 1
0 0 24.9203 0 0 1
0 0 19.9362 0 0 1
0 0 15.949 0 0 1
0 0 12.7592 0 0 1
0 0 10.2073 0 0 1
0 0 8.16587 0 0 1
0 0 6.5327 0 0 1
0 0 54.1623 0 0 1
0 0 92.3495 0 0 1
0 0 122.899 0 0 1
0 0 90.3194 0 0 1
0 0 72.2555 0 0 1
0 0 57.8044 0 0 1
0 0 46.2435 0 0 1
0 0 36.9948 0 0 1
0 0 29.5958 0 0 1
0 0 19.51 0 0 1
0 0 27.8529 0 0 1
0 0 22.2823 0 0 1
0 0 52.0724 0 0 1
0 0 41.6579 0 0 1
0 0 72.2549 0 0 1
0 0 57.8039 0 0 1
0 0 57.7015 0 0 1
0 0 79.3245 0 0 1
0 0 63.4596 0 0 1
0 0 85.9717 0 0 1
0 0 68.7774 0 0 1
0 0 54.7719 0 0 1
0 0 43.8175 0 0 1
0 0 35.054 0 0 1
0 0 28.0432 0 0 1
0 0 72.4346 0 0 1
0 0 97.1633 0 0 1
0 0 77.7307 0 0 1
0 0 62.1845 0 0 1
0 0 49.7476 0 0 1
0 0 39.7981 0 0 1
0 0 31.8385 0 0 1
0 0 26.5125 0 0 1
0 0 21.21 0 0 1
0 0 28.2356 0 0 1
0 0 22.5885 0 0 1
0 0 18.0708 0 0 1
0 0 14.4566 0 0 1
0 0 24.5653 0 0 1
0 0 19.6522 0 0 1
0 0 15.7218 0 0 1
0 0 12.5774 0 0 1
0 0 16.1844 0 0 1
0 0 12.9475 0 0 1
0 0 10.358 0 0 1
0 0 8.28641 0 0 1
0 0 6.62913 0 0 1
0 0 17.3033 0 0 1
0 0 13.8426 0 0 1
0 0 11.0741 0 0 1
0 0 58.8593 0 0 1
0 0 55.4208 0 0 1
0 0 81.3241 0 0 1
0 0 105.195 0 0 1
0 0 84.1558 0 0 1
0 0 67.3246 0 0 1
0 0 74.2679 0 0 1
0 0 59.4143 0 0 1
0 0 87.1148 0 0 1
0 0 69.6918 0 0 1
0 0 55.7534 0 0 1
0 0 44.6028 0 0 1
0 0 35.6822 0 0 1
0 0 28.5458 0 0 1
0 0 22.8366 0 0 1
0 0 48.8678 0 0 1
0 0 88.2468 0 0 1
0 0 70.5975 0 0 1
0 0 56.478 0 0 1
0 0 45.1824 0 0 1
0 0 36.1459 0 0 1
0 0 28.9167 0 0 1
0 0 23.1334 0 0 1
0 0 18.5067 0 0 1
0 0 14.8054 0 0 1
0 0 11.8443 0 0 1
0 0 12.4166 0 0 1
0 0 9.93328 0 0 1
0.0333333 0 7.94663 0 0 1
0 0 6.3573 0 0 1
0 0 5.08584 0 0 1
0 0 4.06867 0 0 1
0 0 3.25494 0 0 1
0 0 2.60395 0 0 1
0 0 2.08316 0 0 1
0 0 1.66653 0 0 1
0 0 1.33322 0 0 1
0 0 1.06658 0 0 1
0 0 0.853263 0 0 1
0 0 0.877772 0 0 1
0 0 0.702217 0 0 1
0 0 39.069 0 0 1
0 0 73.6922 0 0 1
0 0 58.9537 0 0 1
0 0 47.163 0 0 1
0 0 86.8532 0 0 1
0 0 69.4826 0 0 1
0 0 55.586 0 0 1
0 0 44.4688 0 0 1
0 0 35.5751 0 0 1
0 0 28.4601 0 0 1
0 0 9.45301 0 0 1
0 0 7.5624 0 0 1
0 0 6.04992 0 0 1
0 0 53.9925 0 0 1
0 0 43.194 0 0 1
0 0 34.5552 0 0 1
0 0 27.6441 0 0 1
0.0333333 0 22.1153 0 0 1
0 0 17.6923 0 0 1
0 0 14.1538 0 0 1
0 0 11.323 0 0 1
0 0 9.05844 0 0 1
0 0 7.24675 0 0 1
0 0 5.7974 0 0 1
0 0 4.63792 0 0 1
0 0 3.71034 0 0 1
0 0 2.96827 0 0 1
0 0 2.37461 0 0 1
0 0 20.0831 0 0 1
0 0 3.13542 0 0 1
0 0 12.571 0 0 1
0 0 10.0568 0 0 1
0 0 8.04546 0 0 1
0 0 6.43637 0 0 1
0 0 5.14909 0 0 1
0 0 4.11927 0 0 1
0 0 3.29542 0 0 1
0 0 51.8671 0 0 1
0 0 71.3579 0 0 1
0 0 57.0864 0 0 1
0 0 45.6691 0 0 1
0 0 36.5353 0 0 1
0 0 29.2282 0 0 1
0 0 23.3826 0 0 1
0 0 18.7061 0 0 1
0 0 14.9648 0 0 1
0 0 11.9719 0 0 1
0 0 4.70821 0 0 1
0 0 29.7951 0 0 1
0 0 23.8361 0 0 1
0 0 17.1543 0 0 1
0 0 13.7234 0 0 1
0 0 47.3424 0 0 1
0 0 37.8739 0 0 1
0 0 30.2991 0 0 1
0 0 24.2393 0 0 1
0 0 19.3914 0 0 1
0 0 15.5131 0 0 1
0 0 12.4105 0 0 1
0 0 58.908 0 0 1
0 0 47.1264 0 0 1
0 0 37.7011 0 0 1
0 0 30.1609 0 0 1
0 0 24.1287 0 0 1
0 0 58.2719 0 0 1
0 0 46.6175 0 0 1
0 0 37.294 0 0 1
0 0 29.8352 0 0 1
0 0 23.8682 0 0 1
0 0 19.0945 0 0 1
0 0 15.2756 0 0 1
0 0 12.2205 0 0 1
0 0 9.7764 0 0 1
0 0 7.82112 0 0 1
0 0 6.25689 0 0 1
0 0 16.3692 0 0 1
0 0 13.0953 0 0 1
0.0333333 0 60.4763 0 0 1
0 0 97.3606 0 0 1
0 0 77.8885 0 0 1
0 0 62.3108 0 0 1
0 0 99.8486 0 0 1
0 0 128.858 0 0 1
0 0 103.087 0 0 1
0 0 82.4694 0 0 1
0 0 65.9755 0 0 1
0 0 52.7804 0 0 1
0 0 42.2243 0 0 1
0 0 83.7795 0 0 1
0 0 67.0236 0 0 1
0 0 53.6189 0 0 1
0 0 42.8951 0 0 1
0 0 34.3161 0 0 1
0 0 27.4529 0 0 1
0 0 70.8985 0 0 1
0 0 56.7188 0 0 1
0 0 45.375 0 0 1
0 0 86.3 0 0 1
0 0 117.976 0 0 1
0 0 126.523 0 0 1
0 0 101.218 0 0 1
0 0 80.9745 0 0 1
0 0 64.7796 0 0 1
0 0 51.8237 0 0 1
0 0 41.459 0 0 1
0 0 33.1672 0 0 1
0 0 26.5337 0 0 1
0.0333333 0 21.227 0 0 1
0 0 16.9816 0 0 1
0 0 13.5853 0 0 1
0 0 10.8682 0 0 1
0 0 8.69457 0 0 1
0 0 6.95566 0 0 1
0 0 5.56453 0 0 1
0 0 4.45162 0 0 1
0 0 3.5613 0 0 1
0 0 2.84904 0 0 1
0 0 2.27923 0 0 1
0 0 1.82338 0 0 1
0 0 1.45871 0 0 1
0 0 1.16697 0 0 1
0 0 0.933573 0 0 1
0 0 0.746858 0 0 1
0 0 0.597486 0 0 1
0 0 0.477989 0 0 1
0 0 0.382391 0 0 1
0 0 0.305913 0 0 1
0 0 49.3356 0 0 1
0 0 39.4685 0 0 1
0 0 31.5748 0 0 1
0 0 25.2598 0 0 1
0 0 20.2079 0 0 1
0 0 16.1663 0 0 1
0 0 12.933 0 0 1
0 0 10.3464 0 0 1
0 0 8.27715 0 0 1
0 0 6.62172 0 0 1
0.0333333 0 5.29737 0 0 1
0 0 4.2379 0 0 1
0 0 3.39032 0 0 1
0 0 2.71226 0 0 1
0 0 2.1698 0 0 1
0 0 1.73584 0 0 1
0 0 1.38867 0 0 1
0 0 1.11094 0 0 1
0 0 0.888752 0 0 1
0 0 0.711001 0 0 1
0 0 0.568801 0 0 1
0 0 0.455041 0 0 1
0 0 0.364033 0 0 1
0 0 0.291226 0 0 1
0 0 0.232981 0 0 1
0 0 0.186385 0 0 1
0 0 0.149108 0 0 1
0 0 0.119286 0 0 1
0 0 0.095429 0 0 1
0 0 0.0763432 0 0 1
0 0 0.0610746 0 0 1
0 0 0.0488596 0 0 1
0 0 0.0390877 0 0 1
0 0 0.0312702 0 0 1
0 0 0.0250161 0 0 1
0 0 0.0200129 0 0 1
0 0 0.0160103 0 0 1
0 0 0.0128083 0 0 1
0 0 0.0102466 0 0 1
0 0 0.00819729 0 0 1
0 0 0.00655783 0 0 1
0 0 0.00524626 0 0 1
0 0 0.00419701 0 0 1
0 0 0.00335761 0 0 1
0 0 0.00268609 0 0 1
0 0 0.00214887 0 0 1
0 0 0.0017191 0 0 1
0 0 0.00137528 0 0 1
0 0 0.00110022 0 0 1
0 0 0.000880177 0 0 1
0 0 0.000704142 0 0 1
0 0 0.000563313 0 0 1
0 0 0.000450651 0 0 1
0 0 0.000360521 0 0 1
0 0 0.000288416 0 0 1
0 0 0.000230733 0 0 1
0 0 0.000184587 0 0 1
0 0 0.000147669 0 0 1
0 0 0.000118135 0 0 1
0 0 9.45083e-005 0 0 1
0 0 7.56066e-005 0 0 1
0 0 6.04853e-005 0 0 1
0 0 4.83883e-005 0 0 1
0 0 3.87106e-005 0 0 1
0 0 3.09685e-005 0 0 1
0 0 2.47748e-005 0 0 1
0 0 1.98198e-005 0 0 1
0 0 1.58559e-005 0 0 1
0 0 1.26847e-005 0 0 1
0 0 1.01478e-005 0 0 1
0 0 8.1182e-006 0 0 1
0 0 6.49456e-006 0 0 1
0 0 5.19565e-006 0 0 1
0 0 4.15652e-006 0 0 1
0 0 3.32522e-006 0 0 1
0 0 2.66017e-006 0 0 1
0 0 2.12814e-006 0 0 1
0 0 1.70251e-006 0 0 1
0 0 1.36201e-006 0 0 1
0 0 1.08961e-006 0 0 1
0 0 8.71685e-007 0 0 1
0 0 6.97348e-007 0 0 1
0 0 5.57879e-007 0 0 1
