98 5 1
0 0 6.52174 0 0 0
0 0 13.4527 0 0 0
0 0 33.778 0 0 0
0 0 13.3045 0 0 0
0 0 1.1513 0 0 1
0 0 1.28075 0 0 1
0 0 44.6266 0 0 1
0 0 33.3175 0 0 1
0 0 17.7064 0 0 1
0 0 13.7804 0 0 1
0 0 56.2025 0 0 1
0 0 49.5028 0 0 1
0 0 9.83293 0 0 1
0 0 42.1337 0 0 1
0 0 27.4721 0 0 1
0 0 9.01182 0 0 0
0 0 17.8652 0 0 0
0 0 22.5549 0 0 0
0 0 18.0439 0 0 0
0 0 25.3442 0 0 0
0 0 20.2754 0 0 0
0 0 42.4915 0 0 1
0 0 18.3215 0 0 1
0 0 14.6572 0 0 1
0 0 7.47047 0 0 1
0 0 55.9764 0 0 1
0 0 49.9894 0 0 1
0 0 39.9915 0 0 1
0 0 38.7834 0 0 1
0.0333333 0 31.0267 0 0 1
0 0 25.8017 0 0 1
0 0 18.6006 0 0 1
0 0 14.8805 0 0 1
0 0 11.9044 0 0 1
0 0 5.07905 0 0 1
0 0 4.06324 0 0 1
0 0 3.25059 0 0 1
0 0 2.60047 0 0 1
0 0 12.1416 0 0 1
0 0 9.71328 0 0 1
0 0 7.77063 0 0 1
0 0 3.48923 0 0 1
0 0 2.79138 0 0 1
0 0 3.5963 0 0 1
0 0 21.5863 0 0 1
0 0 17.269 0 0 1
0 0 6.52356 0 0 1
0 0 2.78115 0 0 1
0 0 2.22492 0 0 1
0 0 1.77994 0 0 1
0 0 1.42395 0 0 1
0 0 1.13916 0 0 1
0 0 1.88437 0 0 1
0 0 7.11779 0 0 1
0 0 0.235636 0 0 1
0 0 6.94093 0 0 1
0 0 6.99627 0 0 1
0 0 19.7862 0 0 1
0 0 24.7331 0 0 1
0 0 31.592 0 0 1
0 0 45.095 0 0 1
0 0 49.1208 0 0 1
0 0 36.6528 0 0 0
0 0 21.2791 0 0 0
0 0 22.6525 0 0 0
0 0 31.6365 0 0 0
0 0 39.2627 0 0 0
0 0 28.0164 0 0 0
0 0 17.4131 0 0 0
0 0 2.24918 0 0 0
0 0 19.1389 0 0 0
0 0 11.5483 0 0 0
0 0 20.2776 0 0 0
0 0 25.2693 0 0 0
0 0 40.3767 0 0 0
0 0 25.678 0 0 0
0 0 32.6392 0 0 0
0 0 42.2404 0 0 0
0 0 56.7371 0 0 0
0 0 46.9553 0 0 1
0 0 55.2726 0 0 1
0 0 56.2551 0 0 1
0 0 70.3562 0 0 1
0 0 35.6967 0 0 1
0 0 24.5959 0 0 1
0 0 19.6767 0 0 1
0 0 0.589829 0 0 1
0 0 12.4314 0 0 1
0 0 15.0427 0 0 1
0 0 16.2008 0 0 1
0 0 14.5028 0 0 1
0 0 5.83959 0 0 1
0 0 38.1712 0 0 1
0 0 76.6796 0 0 1
0 0 61.3437 0 0 1
0 0 49.075 0 0 1
0 0 39.26 0 0 1
0 0 17.0743 0 0 1
