0.791215 0.766667 0.393296 -0.56891 12.3514 0 0 0 0 0
0.874729 0.666667 -24.8034 -0.284455 12.3514 0 0 0 0 0
0.874729 0.766667 -12.4017 -0.142228 12.3514 0 0 0 0 0
0.924837 0.666667 -6.6175 9.92889 12.3514 0 0 0 0 0
0.924837 0.7 -3.30875 4.96444 12.3514 0 0 0 0 0
0.924837 0.666667 -1.65438 2.48222 12.3514 0 0 0 0 0
0.73987 0.666667 -17.6241 4.75674 7.34055 0 0 0 0 0
0.755138 0.6 -6.56203 3.84896 7.34055 0 0 0 0 0
0.755138 0.7 -3.28102 1.92448 7.34055 0 0 0 0 0
0.755138 0.6 -1.64051 0.962239 7.34055 0 0 0 0 0
0.853083 0.7 9.17975 0.48112 7.34055 0 0 0 0 0
0.682466 0.666667 -20.4101 0.24056 7.34055 0 0 0 0 0
0.545973 0.666667 -7.16687 0.12028 7.34055 0 0 0 0 0
0.436778 0.666667 4.5048 0.0601399 7.34055 0 0 0 0 0
0.662067 0.633333 -22.7476 0.03007 7.34055 0 0 0 0 0
0.662067 0.633333 -11.3738 0.015035 7.34055 0 0 0 0 0
0.79724 0.7 -2.82232 3.52314 7.34055 0 0 0 0 0
0.79724 0.7 -1.41116 1.76157 7.34055 0 0 0 0 0
0.637792 0.7 -25.7056 -24.1192 -16.8638 0 0 0 0 0
0.70614 0.7 -37.8528 -12.0596 -16.8638 0 0 0 0 0
0.70614 0.666667 -18.9264 -6.0298 -16.8638 0 0 0 0 0
0.564912 0.766667 -9.62402 -1.83069 -16.8638 0 0 0 0 0
0.564912 0.666667 -4.81201 -0.915346 -16.8638 0 0 0 0 0
0.671158 0.7 -27.406 -25.4577 17.8545 0 0 0 0 0
0.536926 0.6 -7.03634 -3.97884 -29.4582 0 0 0 0 0
0.536926 0.633333 -3.51817 -1.98942 -29.4582 0 0 0 0 0
0.657725 0.633333 -26.7591 -5.88601 -11.7833 0 0 0 0 0
0.715708 0.633333 -38.3795 -27.943 57.6867 0 0 0 0 0
0.458053 0.6 -44.1898 -38.9715 7.47468 0 0 0 0 0
0.619865 0.633333 -32.5116 -28.1598 -0.61013 0 0 0 0 0
0.619865 0.6 -16.2558 -14.0799 -0.61013 0 0 0 0 0
0.495892 0.6 -27.5029 -7.03994 -0.61013 0 0 0 0 0
0.495892 0.6 -13.7514 -3.51997 -0.61013 0 0 0 0 0
0.317371 0.6 -13.3273 -1.75999 -43.4441 0 0 0 0 0
0.317371 0.5 -6.66367 -0.879993 -43.4441 0 0 0 0 0
0.203118 0.6 -28.3318 -0.439996 -43.4441 0 0 0 0 0
0.203118 0.5 -14.1659 -0.219998 -43.4441 0 0 0 0 0
0.203118 0.6 -7.08296 -0.109999 -43.4441 0 0 0 0 0
0.203118 0.566667 -3.54148 -0.0549995 -43.4441 0 0 0 0 0
0.162494 0.666667 -10.6417 3.76714 -3.57762 0 0 0 0 0
0.103996 0.566667 -15.0865 2.47881 -2.63105 0 0 0 0 0
0.439935 0.666667 -32.5432 -23.7606 0.747581 0 0 0 0 0
0.351948 0.6 -27.8702 -10.8272 -2.10097 0 0 0 0 0
0.535148 0.6 -38.9351 -30.4136 0.959613 0 0 0 0 0
0.428118 0.533333 -31.849 -14.4109 0.983845 0 0 0 0 0
0.605497 0.633333 -9.01663 -7.20546 0.983845 0 0 0 0 0
0.484397 0.566667 -24.204 -1.62904 0.983845 0 0 0 0 0
0.387518 0.6 -21.4672 -1.45089 -15.8065 0 0 0 0 0
0.248012 0.566667 -7.86627 -0.725443 -15.8065 0 0 0 0 0
0.198409 0.6 -15.8923 2.01823 8.67741 0 0 0 0 0
0.697142 0.566667 -32.9461 -23.9909 1.07097 0 0 0 0 0
0.557714 0.6 -16.1824 -11.9954 1.07097 0 0 0 0 0
0.734628 0.566667 -0.854343 -5.99772 1.07097 0 0 0 0 0
0.840777 0.633333 12.0728 -0.406532 1.02839 0 0 0 0 0
0.803573 0.533333 -5.14147 2.17769 1.01135 0 0 0 0 0
0.514287 0.6 -27.5707 1.08884 1.01135 0 0 0 0 0
0.708572 0.5 -6.43288 0.544422 1.01135 0 0 0 0 0
0.825143 0.6 6.5126 -2.01927 0.404542 0 0 0 0 0
0.528092 0.533333 10.857 -1.00964 0.404542 0 0 0 0 0
0.422473 0.566667 9.87296 -0.504818 0.404542 0 0 0 0 0
0.79209 0.533333 -20.0635 -25.2524 -2.83818 0 0 0 0 0
0.875254 0.6 -24.4548 -9.74159 43.2647 0 0 0 0 0
0.820122 0.533333 -37.2274 -4.87079 43.2647 0 0 0 0 0
0.656098 0.566667 -35.39 -1.44856 43.2647 0 0 0 0 0
0.524878 0.566667 -16.3932 -0.724278 43.2647 0 0 0 0 0
0.714927 0.533333 -33.1966 -0.362139 43.2647 0 0 0 0 0
0.571941 0.6 -10.1794 -0.181069 43.2647 0 0 0 0 0
0.457553 0.5 -15.7342 2.29042 -23.4941 0 0 0 0 0
0.771775 0.6 -32.8671 -23.8548 -11.7976 0 0 0 0 0
0.61742 0.566667 -27.9895 -9.54644 39.0809 0 0 0 0 0
0.395149 0.6 -32.5986 -4.11533 39.0809 0 0 0 0 0
0.316119 0.566667 -41.2993 -2.05766 39.0809 0 0 0 0 0
0.589671 0.633333 -12.3651 -1.02883 39.0809 0 0 0 0 0
0.471737 0.6 -31.1825 -0.514416 39.0809 0 0 0 0 0
0.37739 0.566667 -5.39391 -0.257208 39.0809 0 0 0 0 0
0.626434 0.633333 -27.697 -25.1286 10.8324 0 0 0 0 0
0.640551 0.566667 -38.8485 -37.5643 -36.467 0 0 0 0 0
0.512441 0.6 -14.7814 -18.7822 -36.467 0 0 0 0 0
0.409952 0.533333 -16.1407 -4.39108 -23.5868 0 0 0 0 0
0.596777 0.6 -14.5359 -1.39144 40.3653 0 0 0 0 0
0.477422 0.533333 -28.3886 -0.695722 40.3653 0 0 0 0 0
0.477422 0.6 -14.1943 -0.347861 40.3653 0 0 0 0 0
0.58333 0.6 -32.0972 -25.1739 -24.0539 0 0 0 0 0
0.58333 0.6 -16.0486 -12.587 -24.0539 0 0 0 0 0
0.466664 0.6 -33.0243 -7.09993 -8.42156 0 0 0 0 0
0.466664 0.5 -16.5121 -3.54997 -8.42156 0 0 0 0 0
0.298665 0.6 1.35931 -1.69346 -6.36862 0 0 0 0 0
0.298665 0.5 0.679656 -0.846731 -6.36862 0 0 0 0 0
0.543359 0.6 6.8231 -1.04837 -13.9474 0 0 0 0 0
0.543359 0.533333 3.41155 -0.524183 -13.9474 0 0 0 0 0
0.34775 0.633333 -10.391 0.0504087 -3.77898 0 0 0 0 0
0.22256 0.566667 -13.3986 1.36449 10.4884 0 0 0 0 0
0.142438 0.633333 -14.4696 2.18225 2.99536 0 0 0 0 0
0.0911605 0.6 -12.4767 2.96612 14.3981 0 0 0 0 0
0.435006 0.7 -31.2384 -23.5169 36.3593 0 0 0 0 0
0.348005 0.633333 -28.1192 -7.38347 -38.8563 0 0 0 0 0
0.222723 0.7 -24.784 -1.09433 -18.5425 0 0 0 0 0
0.142543 0.6 -24.892 1.40596 8.18299 0 0 0 0 0
0.0912273 0.666667 8.83778 4.49762 45.2732 0 0 0 0 0
0.443789 0.566667 -20.5811 2.79229 19.3093 0 0 0 0 0
0.284025 0.633333 0.879657 6.63808 -39.0763 0 0 0 0 0
0.181776 0.6 -16.6435 8.40111 -21.6305 0 0 0 0 0
0.116337 0.566667 -24.9411 6.61991 -6.85221 0 0 0 0 0
0.455842 0.566667 -26.5834 4.7162 8.65912 0 0 0 0 0
0.618804 0.6 -31.4007 3.46104 -11.5364 0 0 0 0 0
0.396035 0.533333 -0.387847 5.69687 12.1855 0 0 0 0 0
0.253462 0.566667 -18.1287 3.20558 -4.72582 0 0 0 0 0
0.162216 0.566667 -21.9676 5.43091 -3.69033 0 0 0 0 0
0.103818 0.6 -29.3929 -0.617877 -8.07613 0 0 0 0 0
0.0664436 0.566667 -32.8008 -0.308938 -8.07613 0 0 0 0 0
0.439866 0.6 -5.42283 -0.154469 -2.03045 0 0 0 0 0
0.281514 0.566667 -16.0447 6.17277 -0.812181 0 0 0 0 0
0.535127 0.566667 -1.89992 5.03951 12.2751 0 0 0 0 0
0.342481 0.566667 3.80004 1.87637 3.71005 0 0 0 0 0
0.531513 0.6 -23.1 -24.0618 -14.116 0 0 0 0 0
0.42521 0.566667 -36.55 -12.0309 -14.116 0 0 0 0 0
0.340168 0.566667 -30.3583 -4.82498 -6.84639 0 0 0 0 0
0.217708 0.6 -11.6077 -2.41249 -6.84639 0 0 0 0 0
0.174166 0.533333 -12.0539 -1.60947 -1.53856 0 0 0 0 0
0.111466 0.6 -3.56481 -0.804735 -1.53856 0 0 0 0 0
0.453504 0.566667 -26.7824 -25.4024 0.584577 0 0 0 0 0
0.617682 0.633333 -38.3912 -37.7012 1.43383 0 0 0 0 0
0.862365 0.533333 -44.1956 -43.8506 0.573532 0 0 0 0 0
0.813935 0.633333 -47.0978 -46.9253 1.42941 0 0 0 0 0
0.651148 0.566667 -17.4592 -24.9332 1.17177 0 0 0 0 0
0.650041 0.6 -33.7296 -37.4666 2.86871 0 0 0 0 0
0.520033 0.633333 -7.32532 -18.7333 2.86871 0 0 0 0 0
0.649616 0.633333 -28.6627 -34.3667 -1.25252 0 0 0 0 0
0.519693 0.633333 -10.5523 -17.1833 -1.25252 0 0 0 0 0
0.649452 0.633333 -30.2761 -33.5917 1.89899 0 0 0 0 0
0.519562 0.633333 -25.0519 -22.2125 -0.440403 0 0 0 0 0
0.64939 0.666667 -5.6926 -11.1062 -0.440403 0 0 0 0 0
0.519512 0.666667 -27.8463 -7.35493 3.42384 0 0 0 0 0
0.332488 0.633333 -28.8425 -2.87389 -2.83046 0 0 0 0 0
0.212792 0.633333 -28.0931 -0.841708 20.4678 0 0 0 0 0
0.136187 0.6 -28.4563 2.96456 -11.6129 0 0 0 0 0
0.0871596 0.633333 -9.22814 1.56025 51.1549 0 0 0 0 0
0.0557821 0.6 -13.7807 -1.71987 -38.3381 0 0 0 0 0
0.0357006 0.6 -15.2237 -1.48494 -18.9352 0 0 0 0 0
0.0228484 0.566667 -20.6327 -1.73453 -0.374089 0 0 0 0 0
0.410967 0.6 -8.3719 -0.867266 -0.374089 0 0 0 0 0
0.64658 0.6 -0.126424 -0.433633 -0.374089 0 0 0 0 0
0.517264 0.633333 -13.2323 0.472717 -1.94964 0 0 0 0 0
0.788972 0.6 -31.6162 -24.7636 6.42015 0 0 0 0 0
0.631178 0.566667 -27.5823 -11.6675 -1.03194 0 0 0 0 0
0.403954 0.566667 -29.6245 -3.89444 -9.41278 0 0 0 0 0
0.25853 0.566667 -20.2969 -3.27298 7.03489 0 0 0 0 0
0.165459 0.533333 -17.0362 -2.41774 2.81396 0 0 0 0 0
0.463536 0.6 -33.5181 -26.2089 -10.2744 0 0 0 0 0
0.678122 0.566667 -24.2059 -17.5399 10.2902 0 0 0 0 0
0.835299 0.6 -37.1029 -33.77 -9.68391 0 0 0 0 0
0.901179 0.6 -43.5515 -16.885 -9.68391 0 0 0 0 0
0.940708 0.666667 -12.2169 -8.44249 6.92644 0 0 0 0 0
0.85154 0.666667 -10.1263 -4.18013 1.57057 0 0 0 0 0
0.808739 0.666667 1.92569 -2.09006 1.57057 0 0 0 0 0
0.885243 0.6 -24.0372 -1.04503 1.57057 0 0 0 0 0
0.931146 0.633333 -4.92398 -0.522516 1.57057 0 0 0 0 0
0.958688 0.633333 -16.559 -1.64332 2.42823 0 0 0 0 0
0.768136 0.633333 -33.2795 -25.8217 2.77129 0 0 0 0 0
0.768705 0.633333 -41.6398 -37.9108 1.10852 0 0 0 0 0
0.768979 0.633333 -45.8199 -43.9554 -0.156593 0 0 0 0 0
0.615183 0.6 -15 -24.6804 44.9374 0 0 0 0 0
0.695288 0.6 -0.921032 -12.3402 44.9374 0 0 0 0 0
0.817173 0.6 8.16693 -10.1175 -28.2251 0 0 0 0 0
0.792243 0.533333 11.4553 -7.94335 -7.69002 0 0 0 0 0
0.780277 0.6 15.506 -4.72925 47.924 0 0 0 0 0
0.774533 0.533333 9.97523 -2.36463 47.924 0 0 0 0 0
0.86472 0.633333 9.98762 -1.18231 47.924 0 0 0 0 0
0.951299 0.566667 -20.0062 -25.5912 -44.4304 0 0 0 0 0
0.970779 0.6 0.777148 -16.0445 45.8278 0 0 0 0 0
0.621299 0.566667 11.46 -8.02224 45.8278 0 0 0 0 0
0.863668 0.6 -19.27 -29.0111 -34.4689 0 0 0 0 0
0.918201 0.566667 -1.57341 -14.5056 -12.5875 0 0 0 0 0
0.840736 0.566667 7.43798 -8.4012 -14.035 0 0 0 0 0
0.882132 0.566667 -21.281 -29.2006 4.58599 0 0 0 0 0
0.929279 0.566667 -0.0635822 -16.386 0.634397 0 0 0 0 0
0.756843 0.6 -25.0318 -33.193 2.65376 0 0 0 0 0
0.763285 0.566667 -37.5159 -41.5965 -4.3385 0 0 0 0 0
0.914783 0.6 -43.7579 -45.7983 3.0646 0 0 0 0 0
0.731826 0.6 -14.3132 -25.431 1.82584 0 0 0 0 0
0.468369 0.633333 -1.14698 -14.1453 -14.2697 0 0 0 0 0
0.624817 0.6 -25.5735 -7.07265 -14.2697 0 0 0 0 0
0.499854 0.666667 -8.18148 -3.53633 -14.2697 0 0 0 0 0
0.399883 0.666667 3.54815 -1.76816 -14.2697 0 0 0 0 0
0.319906 0.666667 7.81221 -0.884081 -14.2697 0 0 0 0 0
0.255925 0.666667 -10.7678 -1.24849 7.49213 0 0 0 0 0
0.163792 0.633333 1.43733 -0.624246 7.49213 0 0 0 0 0
0.498275 0.666667 6.46191 -0.312123 7.49213 0 0 0 0 0
0.698965 0.6 10.3738 -0.714097 2.99685 0 0 0 0 0
0.735503 0.633333 -19.8131 -0.357048 2.99685 0 0 0 0 0
0.588403 0.566667 -34.9065 -0.178524 2.99685 0 0 0 0 0
0.753042 0.633333 -8.16756 -0.0892621 2.99685 0 0 0 0 0
0.602433 0.566667 -4.08378 -0.044631 2.99685 0 0 0 0 0
0.76146 0.633333 7.49758 -0.0223155 2.99685 0 0 0 0 0
0.856876 0.633333 -6.82813 -1.51954 4.19874 0 0 0 0 0
0.548401 0.6 -1.76933 -0.75977 4.19874 0 0 0 0 0
0.72904 0.6 1.89311 -0.379885 4.19874 0 0 0 0 0
0.837424 0.6 -8.26397 -0.189943 4.19874 0 0 0 0 0
0.669939 0.633333 -29.132 -0.0949713 4.19874 0 0 0 0 0
0.801964 0.633333 -13.9978 -0.0474857 4.19874 0 0 0 0 0
0.881178 0.566667 -7.54238 -0.0237428 4.19874 0 0 0 0 0
0.704943 0.633333 -28.7712 -0.0118714 4.19874 0 0 0 0 0
0.822966 0.633333 -8.31417 -0.00593571 4.19874 0 0 0 0 0
0.658372 0.633333 -2.13006 -0.00296785 4.19874 0 0 0 0 0
0.526698 0.6 -26.065 -0.00148393 4.19874 0 0 0 0 0
0.421358 0.566667 -15.2761 -0.000741963 4.19874 0 0 0 0 0
0.337087 0.6 -32.6381 -0.000370982 4.19874 0 0 0 0 0
0.269669 0.566667 -41.319 -0.000185491 4.19874 0 0 0 0 0
0.215736 0.633333 -45.6595 -9.27454e-005 4.19874 0 0 0 0 0
0.503553 0.6 -47.8298 -25 -4.9205 0 0 0 0 0
0.702132 0.633333 -19.6386 -12.5 -4.9205 0 0 0 0 0
0.821279 0.666667 -34.8193 -6.25001 -4.9205 0 0 0 0 0
0.657023 0.7 -10.9702 -6.08553 0.431799 0 0 0 0 0
0.420495 0.633333 3.76812 -9.70943 0.772719 0 0 0 0 0
0.601838 0.7 2.43962 -4.85472 0.772719 0 0 0 0 0
0.761103 0.6 -1.75638 -2.42736 0.772719 0 0 0 0 0
0.765329 0.6 -25.8782 -26.2137 -0.290912 0 0 0 0 0
0.859198 0.566667 -4.04872 -19.0279 0.483635 0 0 0 0 0
0.887449 0.6 -27.0244 -34.5139 -0.406546 0 0 0 0 0
0.932469 0.5 -8.4641 -19.0427 -0.762618 0 0 0 0 0
0.908551 0.6 -29.2321 -34.5213 0.894953 0 0 0 0 0
0.836105 0.5 -39.616 -42.2607 0.957981 0 0 0 0 0
0.940998 0.6 -44.808 -46.1303 -0.216808 0 0 0 0 0
0.752798 0.5 -31.1878 -22.0517 -0.216808 0 0 0 0 0
0.851679 0.6 -13.5799 -11.0258 -0.216808 0 0 0 0 0
0.681343 0.533333 1.43655 -5.1924 -0.216808 0 0 0 0 0
0.727045 0.633333 -24.2817 -27.5962 50.3133 0 0 0 0 0
0.748981 0.533333 -37.1409 -38.7981 -30.2747 0 0 0 0 0
0.909633 0.566667 -43.5704 -44.3991 -12.1099 0 0 0 0 0
0.836624 0.533333 -46.7852 -47.1995 -4.24395 0 0 0 0 0
0.901974 0.566667 -15.6426 -24.6712 39.7024 0 0 0 0 0
0.746358 0.566667 -32.8213 -37.3356 24.881 0 0 0 0 0
0.908689 0.6 -41.4107 -43.6678 13.5524 0 0 0 0 0
0.945213 0.533333 -11.8818 -22.9368 -14.979 0 0 0 0 0
0.853702 0.633333 -19.2742 -11.2161 -39.5916 0 0 0 0 0
0.885866 0.566667 -34.6371 -30.6081 -15.2366 0 0 0 0 0
0.708693 0.633333 -42.3186 -15.304 -15.2366 0 0 0 0 0
0.89513 0.633333 -46.1593 -32.652 5.90534 0 0 0 0 0
0.716104 0.633333 -48.0796 -16.326 5.90534 0 0 0 0 0
0.829662 0.6 -49.0398 -8.163 5.90534 0 0 0 0 0
0.897797 0.633333 -22.3923 -4.0815 5.90534 0 0 0 0 0
0.938678 0.7 -23.8633 -7.87408 -21.0379 0 0 0 0 0
0.850566 0.633333 -28.5078 -10.187 0.584855 0 0 0 0 0
0.808271 0.633333 -9.86199 -5.09352 0.584855 0 0 0 0 0
0.930978 0.633333 -29.931 -27.5468 -0.366058 0 0 0 0 0
0.958587 0.666667 -28.5293 -19.6966 -1.34642 0 0 0 0 0
0.613495 0.666667 -39.2647 -9.84831 -1.34642 0 0 0 0 0
0.860858 0.666667 -44.6323 -29.9242 1.26143 0 0 0 0 0
0.916515 0.633333 -37.3552 -11.6883 28.7046 0 0 0 0 0
0.58657 0.666667 -32.4402 -4.51838 -28.1182 0 0 0 0 0
0.625243 0.666667 -41.2201 -27.2592 -5.24727 0 0 0 0 0
0.625243 0.633333 -20.6101 -13.6296 -5.24727 0 0 0 0 0
0.625243 0.733333 -10.305 -6.8148 -5.24727 0 0 0 0 0
0.625243 0.733333 -5.15252 -3.4074 -5.24727 0 0 0 0 0
0.625243 0.766667 -2.57626 -1.7037 -5.24727 0 0 0 0 0
0.625243 0.8 -1.28813 -0.85185 -5.24727 0 0 0 0 0
0.625243 0.833333 -0.644064 -0.425925 -5.24727 0 0 0 0 0
0.625243 0.866667 -0.322032 -0.212962 -5.24727 0 0 0 0 0
0.625243 0.9 -0.161016 -0.106481 -5.24727 0 0 0 0 0
0.625243 0.9 -0.080508 -0.0532406 -5.24727 0 0 0 0 0
0.625243 0.9 -0.040254 -0.0266203 -5.24727 0 0 0 0 0
0.625243 0.9 -0.020127 -0.0133102 -5.24727 0 0 0 0 0
0.500194 0.9 -25.0101 -0.00665508 -5.24727 0 0 0 0 0
0.500194 0.833333 -12.505 -0.00332754 -5.24727 0 0 0 0 0
0.500194 0.833333 -6.25252 -0.00166377 -5.24727 0 0 0 0 0
0.500194 0.833333 -3.12626 -0.000831884 -5.24727 0 0 0 0 0
0.500194 0.833333 -1.56313 -0.000415942 -5.24727 0 0 0 0 0
0.500194 0.833333 -0.781564 -0.000207971 -5.24727 0 0 0 0 0
0.500194 0.833333 -0.390782 -0.000103986 -5.24727 0 0 0 0 0
0.500194 0.833333 -0.195391 -5.19928e-005 -5.24727 0 0 0 0 0
0.500194 0.9 -0.0976956 -2.59964e-005 -5.24727 0 0 0 0 0
0.500194 0.9 -0.0488478 -1.29982e-005 -5.24727 0 0 0 1 0
0.500194 0.9 -0.0244239 -6.4991e-006 -5.24727 0 0 0 1 0
0.500194 0.9 -0.0122119 -3.24955e-006 -5.24727 0 0 0 1 0
0.500194 0.9 -0.00610597 -1.62477e-006 -5.24727 0 0 0 1 0
0.500194 0.9 -0.00305299 -8.12387e-007 -5.24727 0 0 0 1 0
0.500194 0.9 -0.00152649 -4.06194e-007 -5.24727 0 0 0 1 0
0.500194 0.9 -0.000763247 -2.03097e-007 -5.24727 0 0 0 1 0
0.500194 0.9 -25.0004 -1.01548e-007 -5.24727 0 0 0 1 0
0.500194 0.8 -12.5002 -5.07742e-008 -5.24727 0 0 0 1 0
0.500194 0.8 -6.2501 -2.53871e-008 -5.24727 0 0 0 1 0
0.500194 0.8 -3.12505 -1.26935e-008 -5.24727 0 0 0 1 0
0.500194 0.8 -1.56252 -6.34677e-009 -5.24727 0 0 0 1 0
0.500194 0.8 -0.781262 -3.17339e-009 -5.24727 0 0 0 1 0
0.500194 0.8 -0.390631 -1.58669e-009 -5.24727 0 0 0 1 0
0.500194 0.8 -0.195315 -7.93347e-010 -5.24727 0 0 0 1 0
0.500194 0.9 -0.0976577 -3.96673e-010 -5.24727 0 0 0 1 0
0.500194 0.9 -0.0488289 -1.98337e-010 -5.24727 0 0 0 1 0
0.500194 0.9 -0.0244144 -9.91683e-011 -5.24727 0 0 0 1 0
0.500194 0.9 -0.0122072 -4.95842e-011 -5.24727 0 0 0 1 0
0.500194 0.9 -0.00610361 -2.47921e-011 -5.24727 0 0 0 1 0
0.400155 0.9 -0.0030518 -1.2396e-011 -5.24727 0 0 0 1 0
0.400155 0.8 -0.0015259 -6.19802e-012 -5.24727 0 0 0 1 0
0.400155 0.8 -0.000762951 -3.09901e-012 -5.24727 0 0 0 1 0
0.400155 0.8 -0.000381476 -1.54951e-012 -5.24727 0 0 0 1 0
0.400155 0.8 -0.000190738 -7.74753e-013 -5.24727 0 0 0 1 0
0.400155 0.8 -9.53689e-005 -3.87376e-013 -5.24727 0 0 0 1 0
0.400155 0.8 -4.76844e-005 -1.93688e-013 -5.24727 0 0 0 1 0
0.400155 0.8 -2.38422e-005 -9.68441e-014 -5.24727 0 0 0 1 0
0.400155 0.9 -1.19211e-005 -4.8422e-014 -5.24727 0 0 0 1 0
0.400155 0.9 -5.96056e-006 -2.4211e-014 -5.24727 0 0 0 1 0
0.400155 0.9 -2.98028e-006 -1.21055e-014 -5.24727 0 0 0 1 0
0.400155 0.9 -1.49014e-006 -6.05276e-015 -5.24727 0 0 0 1 0
0.400155 0.9 -7.45069e-007 -3.02638e-015 -5.24727 0 0 0 1 0
0.400155 0.9 -3.72535e-007 -1.51319e-015 -5.24727 0 0 0 1 0
0.400155 0.9 -1.86267e-007 -7.56594e-016 -5.24727 0 0 0 1 0
0.400155 0.9 -9.31337e-008 -3.78297e-016 -5.24727 0 0 0 1 0
0.400155 0.9 -4.65668e-008 -1.89149e-016 -5.24727 0 0 0 1 0
0.400155 0.9 -2.32834e-008 -9.45743e-017 -5.24727 0 0 0 1 0
0.400155 0.9 -1.16417e-008 -4.72872e-017 -5.24727 0 0 0 1 0
0.400155 0.9 -5.82085e-009 -2.36436e-017 -5.24727 0 0 0 1 0
0.400155 0.9 -2.91043e-009 -1.18218e-017 -5.24727 0 0 0 1 0
0.400155 0.9 -1.45521e-009 -5.91089e-018 -5.24727 0 0 0 1 0
0.400155 0.9 -7.27607e-010 -2.95545e-018 -5.24727 0 0 0 1 0
0.400155 0.9 -3.63803e-010 -1.47772e-018 -5.24727 0 0 0 1 0
0.400155 0.9 -1.81902e-010 -7.38862e-019 -5.24727 0 0 0 1 0
0.400155 0.9 -9.09509e-011 -3.69431e-019 -5.24727 0 0 0 1 0
0.400155 0.9 -4.54754e-011 -1.84715e-019 -5.24727 0 0 0 1 0
0.400155 0.9 -2.27377e-011 -9.23577e-020 -5.24727 0 0 0 1 0
0.400155 0.9 -1.13689e-011 -4.61789e-020 -5.24727 0 0 0 1 0
0.320124 0.9 -12.0968 0.986842 0.901093 0 0 0 1 0
0.20488 0.833333 -22.2984 3.78289 58.5604 0 0 0 1 0
0.498342 0.8 -22.4395 4.17319 -29.3758 0 0 0 1 0
0.639204 0.8 -20.274 2.68183 23.6497 0 0 0 1 0
0.706818 0.733333 -22.637 4.46592 26.2599 0 0 0 1 0
0.739273 0.7 -36.3185 2.23296 26.2599 0 0 0 1 0
0.843564 0.633333 -43.1593 1.11648 26.2599 0 0 0 1 0
0.906138 0.6 -46.5796 0.55824 26.2599 0 0 0 1 0
0.724911 0.566667 -48.2898 0.27912 26.2599 0 0 0 1 0
0.579928 0.666667 -49.1449 0.13956 26.2599 0 0 0 1 0
0.747957 0.566667 -29.8356 0.06978 26.2599 0 0 0 1 0
0.848774 0.6 -19.5231 0.03489 26.2599 0 0 0 1 0
0.909265 0.666667 -14.2487 0.017445 26.2599 0 0 0 1 0
0.945559 0.7 -8.0859 0.00872249 26.2599 0 0 0 1 0
0.967335 0.7 -29.0429 0.00436125 26.2599 0 0 0 1 0
0.773868 0.733333 -16.124 0.00218062 26.2599 0 0 0 1 0
0.864321 0.666667 -33.062 0.00109031 26.2599 0 0 0 1 0
0.918593 0.633333 -41.531 0.000545156 26.2599 0 0 0 1 0
0.951156 0.666667 -21.086 0.000272578 26.2599 0 0 0 1 0
0.970693 0.666667 5.84404 0.000136289 26.2599 0 0 0 1 0
0.982416 0.6 -22.078 6.81445e-005 26.2599 0 0 0 1 0
0.785933 0.6 -36.039 3.40722e-005 26.2599 0 0 0 1 0
0.87156 0.566667 -43.0195 1.70361e-005 26.2599 0 0 0 1 0
0.922936 0.633333 -22.7918 8.51806e-006 26.2599 0 0 0 1 0
0.953761 0.566667 -15.2421 4.25903e-006 26.2599 0 0 0 1 0
0.763009 0.633333 -13.7108 0.641028 26.2599 0 0 0 1 0
0.857805 0.533333 -31.8554 0.320514 26.2599 0 0 0 1 0
0.914683 0.6 -40.9277 0.160257 26.2599 0 0 0 1 0
0.94881 0.5 -45.4638 0.0801285 26.2599 0 0 0 1 0
0.969286 0.6 -47.7319 0.0400642 26.2599 0 0 0 1 0
0.988943 0.6 -48.866 -24.98 -34.4961 0 0 0 1 0
0.791154 0.6 -29.8817 -12.1695 -34.4961 0 0 0 1 0
0.779754 0.6 -39.9408 -31.0847 -14.3984 0 0 0 1 0
0.920711 0.566667 -44.9704 -40.5424 -5.15937 0 0 0 1 0
0.952427 0.6 -22.4852 -19.3096 -5.15937 0 0 0 1 0
0.857165 0.566667 -36.2426 -34.6548 -0.263747 0 0 0 1 0
0.685732 0.6 -43.1213 -17.3274 -0.263747 0 0 0 1 0
0.811439 0.633333 -46.5607 -8.66371 -0.263747 0 0 0 1 0
0.649151 0.666667 -48.2803 -4.33185 -0.263747 0 0 0 1 0
0.789491 0.6 -49.1402 -3.51728 3.4945 0 0 0 1 0
0.867373 0.666667 -49.5701 -26.7586 1.9978 0 0 0 1 0
0.693899 0.6 -49.785 -16.2019 -3.40088 0 0 0 1 0
0.733071 0.666667 -49.8925 -10.6651 7.03965 0 0 0 1 0
0.751874 0.633333 -49.9463 -8.96156 1.01586 0 0 0 1 0
0.4812 0.6 -49.9731 -6.09368 1.00634 0 0 0 1 0
0.630976 0.566667 -49.9866 -2.38895 -24.7975 0 0 0 1 0
0.702868 0.566667 -49.9933 -0.87396 -6.31898 0 0 0 1 0
0.449836 0.566667 -49.9966 -2.85634 17.8724 0 0 0 1 0
0.287895 0.566667 -49.9983 -2.67817 -15.651 0 0 0 1 0
0.184253 0.566667 -49.9992 -0.935858 -2.06041 0 0 0 1 0
0.117922 0.633333 -49.9996 -1.67761 14.1758 0 0 0 1 0
0.456602 0.6 -49.9998 -5.24585 6.27033 0 0 0 1 0
0.575335 0.666667 -49.9999 -27.6229 2.50813 0 0 0 1 0
0.676161 0.633333 -49.9999 -38.8115 34.6033 0 0 0 1 0
0.540929 0.666667 -50 -24.5339 13.8413 0 0 0 1 0
0.607717 0.7 -50 -37.267 -38.2635 0 0 0 1 0
0.486173 0.733333 -7.85713 -21.1335 -32.7054 0 0 0 1 0
0.780018 0.666667 -28.9286 -35.5667 -0.482156 0 0 0 1 0
0.868011 0.666667 -39.4643 -21.4124 52.0071 0 0 0 1 0
0.555527 0.6 -44.7321 -10.0305 20.8029 0 0 0 1 0
0.799992 0.566667 -47.3661 -30.0153 -15.6789 0 0 0 1 0
0.783996 0.6 -48.683 -40.0076 -10.4715 0 0 0 1 0
0.870398 0.6 -49.3415 -20.0038 -10.4715 0 0 0 1 0
0.922239 0.566667 -49.6708 -10.0019 -10.4715 0 0 0 1 0
0.953343 0.633333 -49.8354 -4.35993 2.41138 0 0 0 1 0
0.857605 0.533333 -49.9177 -10.9637 -38.6354 0 0 0 1 0
0.81165 0.6 -49.9588 -5.48187 -38.6354 0 0 0 1 0
0.81165 0.533333 -24.9794 -2.74094 -38.6354 0 0 0 1 0
0.81165 0.6 -12.4897 -1.37047 -38.6354 0 0 0 1 0
0.81165 0.6 -6.24486 -0.685234 -38.6354 0 0 0 1 0
0.81165 0.7 -3.12243 -0.342617 -38.6354 0 0 0 1 0
0.81165 0.7 -1.56121 -0.171309 -38.6354 0 0 0 1 0
0.81165 0.7 -0.780607 -0.0856543 -38.6354 0 0 0 1 0
0.88699 0.7 -25.3903 -0.0428271 -38.6354 0 0 0 1 0
0.88699 0.7 -12.6952 -0.0214136 -38.6354 0 0 0 1 0
0.88699 0.7 -6.34758 -0.0107068 -38.6354 0 0 0 1 0
0.88699 0.7 -3.17379 -0.00535339 -38.6354 0 0 0 1 0
0.88699 0.7 -1.58689 -0.0026767 -38.6354 0 0 0 1 0
0.88699 0.7 -0.793447 -0.00133835 -38.6354 0 0 0 1 0
0.88699 0.8 -0.396723 -0.000669174 -38.6354 0 0 0 1 0
0.88699 0.8 -0.198362 -0.000334587 -38.6354 0 0 0 1 0
0.932194 0.9 -3.20591 -0.000167294 -38.6354 0 0 0 1 0
0.959316 0.8 -26.603 -2.91675 28.9458 0 0 0 1 0
0.860472 0.8 -38.3015 -6.58658 -36.4217 0 0 0 1 0
0.887816 0.7 -44.1507 -28.2933 -1.96867 0 0 0 1 0
0.959614 0.7 -47.0754 -39.1466 5.21253 0 0 0 1 0
0.975768 0.6 -13.8438 -25.7257 48.285 0 0 0 1 0
0.868369 0.6 -31.9219 -12.8628 48.285 0 0 0 1 0
0.921021 0.533333 -18.461 -6.75193 12.714 0 0 0 1 0
0.589454 0.566667 -14.9448 -3.01882 12.714 0 0 0 1 0
0.471563 0.533333 -32.4724 -1.50941 12.714 0 0 0 1 0
0.37725 0.6 -41.2362 -0.754705 12.714 0 0 0 1 0
0.3018 0.566667 -45.6181 -0.377353 12.714 0 0 0 1 0
0.24144 0.633333 -47.809 -0.188676 12.714 0 0 0 1 0
0.515891 0.6 -48.9045 -25.0943 -35.7144 0 0 0 1 0
0.412713 0.6 -25.3244 -12.5472 -35.7144 0 0 0 1 0
0.33017 0.6 -37.6622 -6.27358 -35.7144 0 0 0 1 0
0.264136 0.6 -43.8311 -3.13679 -35.7144 0 0 0 1 0
0.526785 0.633333 -46.9155 -26.5684 -14.2858 0 0 0 1 0
0.716071 0.6 -30.489 -13.2842 -14.2858 0 0 0 1 0
0.572857 0.6 -40.2445 -6.6421 -14.2858 0 0 0 1 0
0.743714 0.6 -45.1223 -3.32105 -14.2858 0 0 0 1 0
0.594971 0.6 -32.0849 0.12519 -14.2858 0 0 0 1 0
0.475977 0.566667 -15.4327 0.0625948 -14.2858 0 0 0 1 0
0.628469 0.633333 -32.7164 -24.9687 -6.3143 0 0 0 1 0
0.502775 0.566667 -17.9207 -11.042 -6.3143 0 0 0 1 0
0.40222 0.6 -22.3532 -4.18174 -6.3143 0 0 0 1 0
0.321776 0.633333 -10.262 -2.09087 -6.3143 0 0 0 1 0
0.257421 0.666667 -18.8215 -1.04543 -6.3143 0 0 0 1 0
0.523562 0.633333 -34.4107 -25.5227 -1.92572 0 0 0 1 0
0.41885 0.666667 -3.09246 -15.4399 -0.770289 0 0 0 1 0
0.268064 0.666667 -2.72548 -2.00568 -0.770289 0 0 0 1 0
0.528671 0.633333 -26.3627 -26.0028 26.6919 0 0 0 1 0
0.717202 0.666667 -38.1814 -38.0014 16.0768 0 0 0 1 0
0.717202 0.6 -19.0907 -19.0007 16.0768 0 0 0 1 0
0.717202 0.633333 -9.54534 -9.50035 16.0768 0 0 0 1 0
0.717202 0.633333 -4.77267 -4.75018 16.0768 0 0 0 1 0
0.717202 0.7 -2.38634 -2.37509 16.0768 0 0 0 1 0
0.717202 0.733333 -1.19317 -1.18754 16.0768 0 0 0 1 0
0.717202 0.8 -0.596584 -0.593772 16.0768 0 0 0 1 0
0.717202 0.8 -0.298292 -0.296886 16.0768 0 0 0 1 0
0.717202 0.9 -0.149146 -0.148443 16.0768 0 0 0 1 0
0.717202 0.9 -0.074573 -0.0742215 16.0768 0 0 0 1 0
0.717202 0.9 -0.0372865 -0.0371108 16.0768 0 0 0 1 0
0.717202 0.9 -0.0186432 -0.0185554 16.0768 0 0 0 1 0
0.717202 0.9 -0.00932162 -0.00927769 16.0768 0 0 0 1 0
0.717202 0.9 -0.00466081 -0.00463885 16.0768 0 0 0 1 0
0.717202 0.9 -0.00233041 -0.00231942 16.0768 0 0 0 1 0
0.717202 0.9 -0.0011652 -0.00115971 16.0768 0 0 0 1 0
0.717202 0.9 -0.000582601 -0.000579856 16.0768 0 0 0 1 0
0.717202 0.9 -0.000291301 -0.000289928 16.0768 0 0 0 1 0
0.717202 0.9 -0.00014565 -0.000144964 16.0768 0 0 0 1 0
0.717202 0.9 -7.28252e-005 -7.2482e-005 16.0768 0 0 0 1 0
0.717202 0.9 -3.64126e-005 -3.6241e-005 16.0768 0 0 0 1 0
0.717202 0.9 -1.82063e-005 -1.81205e-005 16.0768 0 0 0 1 0
0.717202 0.9 -9.10315e-006 -9.06024e-006 16.0768 0 0 0 1 0
0.717202 0.9 -4.55157e-006 -4.53012e-006 16.0768 0 0 0 1 0
0.717202 0.9 -2.27579e-006 -2.26506e-006 16.0768 0 0 0 1 0
0.717202 0.9 -1.13789e-006 -1.13253e-006 16.0768 0 0 0 1 0
0.717202 0.9 -5.68947e-007 -5.66265e-007 16.0768 0 0 0 1 0
0.717202 0.9 -2.84473e-007 -2.83133e-007 16.0768 0 0 0 1 0
0.717202 0.9 -1.42237e-007 -1.41566e-007 16.0768 0 0 0 1 0
0.717202 0.9 -7.11183e-008 -7.07832e-008 16.0768 0 0 0 1 0
0.717202 0.9 -3.55592e-008 -3.53916e-008 16.0768 0 0 0 1 0
0.717202 0.9 -1.77796e-008 -1.76958e-008 16.0768 0 0 0 1 0
0.717202 0.9 -8.88979e-009 -8.8479e-009 16.0768 0 0 0 1 0
0.717202 0.9 -4.4449e-009 -4.42395e-009 16.0768 0 0 0 1 0
0.717202 0.9 -2.22245e-009 -2.21197e-009 16.0768 0 0 0 1 0
0.717202 0.9 -1.11122e-009 -1.10599e-009 16.0768 0 0 0 1 0
0.717202 0.9 -5.55612e-010 -5.52993e-010 16.0768 0 0 0 1 0
0.717202 0.9 -2.77806e-010 -2.76497e-010 16.0768 0 0 0 1 0
0.717202 0.9 -1.38903e-010 -1.38248e-010 16.0768 0 0 0 1 0
0.717202 0.9 -6.94515e-011 -6.91242e-011 16.0768 0 0 0 1 0
0.717202 0.9 -3.47258e-011 -3.45621e-011 16.0768 0 0 0 1 0
0.717202 0.9 -1.73629e-011 -1.7281e-011 16.0768 0 0 0 1 0
0.717202 0.9 -8.68144e-012 -8.64052e-012 16.0768 0 0 0 1 0
0.717202 0.9 -4.34072e-012 -4.32026e-012 16.0768 0 0 0 1 0
0.717202 0.9 -2.17036e-012 -2.16013e-012 16.0768 0 0 0 1 0
0.717202 0.9 -1.08518e-012 -1.08007e-012 16.0768 0 0 0 1 0
0.717202 0.9 -5.4259e-013 -5.40033e-013 16.0768 0 0 0 1 0
0.717202 0.9 -2.71295e-013 -2.70016e-013 16.0768 0 0 0 1 0
0.675406 0.9 -25 -25 -31.9693 0 0 0 1 0
0.675406 0.8 -12.5 -12.5 -31.9693 0 0 0 1 0
0.724195 0.8 -31.25 -31.25 -12.1877 0 0 0 1 0
0.724195 0.8 -15.625 -15.625 -12.1877 0 0 0 1 0
0.579356 0.8 -32.8125 -5.3125 -7.27509 0 0 0 1 0
0.370788 0.733333 -32.2396 -5.30777 53.49 0 0 0 1 0
0.577978 0.7 -41.1198 9.18822 -33.804 0 0 0 1 0
0.621944 0.633333 -45.5599 -20.4059 -13.5216 0 0 0 1 0
0.497555 0.7 -13.1371 -10.2029 -13.8086 0 0 0 1 0
0.318435 0.633333 -11.5028 -4.11463 -13.8086 0 0 0 1 0
0.254748 0.6 -10.6427 2.37817 -13.8086 0 0 0 1 0
0.203798 0.533333 -30.3213 9.27732 47.8765 0 0 0 1 0
0.130431 0.5 -18.7791 4.63866 47.8765 0 0 0 1 0
0.104345 0.533333 -34.3895 2.31933 47.8765 0 0 0 1 0
0.0834759 0.5 -42.1948 1.15966 47.8765 0 0 0 1 0
0.0667807 0.566667 -28.9462 0.579832 47.8765 0 0 0 1 0
0.0534245 0.5 -39.4731 0.289916 47.8765 0 0 0 1 0
0.0427396 0.6 -26.7133 2.30013 47.8765 0 0 0 1 0
0.0341917 0.533333 -17.304 1.15007 47.8765 0 0 0 1 0
0.416412 0.6 -33.652 -24.425 -32.4494 0 0 0 1 0
0.33313 0.533333 -28.6681 -10.8236 39.8202 0 0 0 1 0
0.213203 0.6 -25.1893 -3.76706 -32.6719 0 0 0 1 0
0.13645 0.533333 -18.1868 -1.14824 -2.26876 0 0 0 1 0
0.0873279 0.566667 -34.0934 -0.574118 -2.26876 0 0 0 1 0
0.0698623 0.566667 -8.71336 -0.287059 -16.5075 0 0 0 1 0
0.0447119 0.566667 -9.56501 0.550915 -7.803 0 0 0 1 0
0.0286156 0.566667 -29.7825 0.275457 -7.803 0 0 0 1 0
0.0228925 0.566667 -39.8913 0.137729 -7.803 0 0 0 1 0
0.018314 0.566667 -17.3742 0.0688644 -7.803 0 0 0 1 0
0.0146512 0.6 -33.6871 0.0344322 -7.803 0 0 0 1 0
0.011721 0.533333 -41.8435 0.0172161 -7.803 0 0 0 1 0
0.00937676 0.633333 -23.4218 2.15147 -7.803 0 0 0 1 0
0.405626 0.566667 -36.7109 1.07573 -7.803 0 0 0 1 0
0.324501 0.666667 -43.3554 0.537866 -7.803 0 0 0 1 0
0.55576 0.666667 -46.6777 -24.7311 47.8788 0 0 0 1 0
0.733456 0.666667 -26.3794 -12.3655 47.8788 0 0 0 1 0
0.586765 0.666667 -16.7611 -6.18277 47.8788 0 0 0 1 0
0.469412 0.733333 -33.3806 -1.36725 -31.8485 0 0 0 1 0
0.300424 0.7 -41.6903 -1.54569 -12.1394 0 0 0 1 0
0.192271 0.7 -45.8451 -9.98337 59.9442 0 0 0 1 0
0.123054 0.7 -47.9226 2.26638 -40.2223 0 0 0 1 0
0.0787543 0.633333 -32.0168 4.46652 -40.2223 0 0 0 1 0
0.0630034 0.6 -41.0084 -7.44416 -11.2889 0 0 0 1 0
0.424193 0.666667 -45.5042 -28.7221 44.0844 0 0 0 1 0
0.603613 0.6 -47.7521 -39.361 12.2338 0 0 0 1 0
0.48289 0.6 -48.8761 -22.8055 -34.7065 0 0 0 1 0
0.30905 0.566667 -41.938 -6.16082 -18.6826 0 0 0 1 0
0.197792 0.566667 -40.9169 -10.801 -2.67304 0 0 0 1 0
0.49494 0.533333 -45.4585 -8.62631 1.93078 0 0 0 1 0
0.590057 0.566667 -47.7292 -29.3132 -2.22769 0 0 0 1 0
0.754034 0.533333 -48.8646 -19.0683 3.90893 0 0 0 1 0
0.482582 0.566667 -49.4323 -4.60993 -6.23643 0 0 0 1 0
0.308852 0.6 -30.5672 6.44504 -3.69457 0 0 0 1 0
0.197666 0.6 -40.2836 -2.63686 2.72217 0 0 0 1 0
0.475904 0.6 -45.1418 -26.3184 -0.111131 0 0 0 1 0
0.380723 0.566667 -47.5709 -1.73064 33.5555 0 0 0 1 0
0.243663 0.633333 -48.7855 -5.03199 -17.1778 0 0 0 1 0
0.155944 0.566667 -30.2751 8.14577 -7.47111 0 0 0 1 0
0.459883 0.633333 -40.1375 -20.9271 -3.58845 0 0 0 1 0
0.459883 0.566667 -20.0688 -10.4636 -3.58845 0 0 0 1 0
0.620744 0.633333 -35.0344 -30.2318 -1.43538 0 0 0 1 0
0.620744 0.566667 -17.5172 -15.1159 -1.43538 0 0 0 1 0
0.772446 0.633333 -33.7586 -11.0736 0.625849 0 0 0 1 0
0.772446 0.566667 -16.8793 -5.53678 0.625849 0 0 0 1 0
0.494366 0.633333 -33.4396 -8.18506 4.45034 0 0 0 1 0
0.494366 0.566667 -16.7198 -4.09253 4.45034 0 0 0 1 0
0.494366 0.666667 -8.35991 -2.04626 4.45034 0 0 0 1 0
0.494366 0.666667 -4.17996 -1.02313 4.45034 0 0 0 1 0
0.494366 0.766667 -2.08998 -0.511566 4.45034 0 0 0 1 0
0.494366 0.766667 -1.04499 -0.255783 4.45034 0 0 0 1 0
0.494366 0.833333 -0.522495 -0.127892 4.45034 0 0 0 1 0
0.494366 0.833333 -0.261247 -0.0639458 4.45034 0 0 0 1 0
0.494366 0.9 -0.130624 -0.0319729 4.45034 0 0 0 1 0
0.494366 0.9 -0.0653118 -0.0159864 4.45034 0 0 0 1 0
0.494366 0.9 -0.0326559 -0.00799322 4.45034 0 0 0 1 0
0.494366 0.9 -0.016328 -0.00399661 4.45034 0 0 0 1 0
0.494366 0.9 -0.00816398 -0.00199831 4.45034 0 0 0 1 0
0.494366 0.9 -0.00408199 -0.000999153 4.45034 0 0 0 1 0
0.494366 0.9 -0.00204099 -0.000499576 4.45034 0 0 0 1 0
0.494366 0.9 -0.0010205 -0.000249788 4.45034 0 0 0 1 0
0.494366 0.9 -0.000510249 -0.000124894 4.45034 0 0 0 1 0
0.395492 0.9 -25.0003 -6.2447e-005 4.45034 0 0 0 1 0
0.395492 0.8 -12.5001 -3.12235e-005 4.45034 0 0 0 1 0
0.395492 0.8 -6.25006 -1.56118e-005 4.45034 0 0 0 1 0
0.395492 0.8 -3.12503 -7.80588e-006 4.45034 0 0 0 1 0
0.395492 0.8 -1.56252 -3.90294e-006 4.45034 0 0 0 1 0
0.395492 0.8 -0.781258 -1.95147e-006 4.45034 0 0 0 1 0
0.395492 0.8 -0.390629 -9.75735e-007 4.45034 0 0 0 1 0
0.395492 0.8 -0.195314 -4.87868e-007 4.45034 0 0 0 1 0
0.395492 0.9 -0.0976572 -2.43934e-007 4.45034 0 0 0 1 0
0.395492 0.9 -0.0488286 -1.21967e-007 4.45034 0 0 0 1 0
0.395492 0.9 -0.0244143 -6.09834e-008 4.45034 0 0 0 1 0
0.395492 0.9 -0.0122072 -3.04917e-008 4.45034 0 0 0 1 0
0.395492 0.9 -0.00610358 -1.52459e-008 4.45034 0 0 0 1 0
0.395492 0.9 -0.00305179 -7.62293e-009 4.45034 0 0 0 1 0
0.395492 0.9 -0.00152589 -3.81147e-009 4.45034 0 0 0 1 0
0.395492 0.9 -0.000762947 -1.90573e-009 4.45034 0 0 0 1 0
0.395492 0.9 -0.000381474 -9.52866e-010 4.45034 0 0 0 1 0
0.395492 0.9 -0.000190737 -4.76433e-010 4.45034 0 0 0 1 0
0.395492 0.9 -9.53684e-005 -2.38217e-010 4.45034 0 0 0 1 0
0.395492 0.9 -4.76842e-005 -1.19108e-010 4.45034 0 0 0 1 0
0.395492 0.9 -2.38421e-005 -5.95541e-011 4.45034 0 0 0 1 0
0.395492 0.9 -1.19211e-005 -2.97771e-011 4.45034 0 0 0 1 0
0.395492 0.9 -5.96053e-006 -1.48885e-011 4.45034 0 0 0 1 0
0.395492 0.9 -2.98026e-006 -7.44427e-012 4.45034 0 0 0 1 0
0.395492 0.9 -1.49013e-006 -3.72213e-012 4.45034 0 0 0 1 0
0.395492 0.9 -7.45066e-007 -1.86107e-012 4.45034 0 0 0 1 0
0.395492 0.9 -3.72533e-007 -9.30533e-013 4.45034 0 0 0 1 0
0.395492 0.9 -1.86266e-007 -4.65267e-013 4.45034 0 0 0 1 0
0.253115 0.9 -25 -3.52564 11.9801 0 0 0 1 0
0.253115 0.8 -12.5 -1.76282 11.9801 0 0 0 1 0
0.497196 0.8 -31.25 -25.8814 28.7921 0 0 0 1 0
0.397757 0.733333 -12.0994 -16.4663 11.5168 0 0 0 1 0
0.590923 0.7 -31.0497 -7.21966 -1.39327 0 0 0 1 0
0.378191 0.633333 -13.4415 8.89017 -18.5573 0 0 0 1 0
0.378191 0.633333 -6.72075 4.44509 -18.5573 0 0 0 1 0
0.581532 0.633333 -18.163 2.22254 -18.5573 0 0 0 1 0
0.748919 0.7 -5.13414 1.11127 -18.5573 0 0 0 1 0
0.909611 0.633333 -27.5671 -24.4444 -8.62292 0 0 0 1 0
0.727689 0.633333 -38.7835 -12.2222 -8.62292 0 0 0 1 0
0.582151 0.666667 -34.2355 -4.54859 -5.84917 0 0 0 1 0
0.623546 0.666667 -42.1178 -27.2743 -0.539668 0 0 0 1 0
0.699302 0.666667 -46.0589 -38.6371 -0.215867 0 0 0 1 0
0.735665 0.666667 -48.0294 -44.3186 -21.6863 0 0 0 1 0
