0.00219338 0.633333 0.645716 3.95108 4.7993 0 0 0 0 0
0.400842 0.6 -24.6771 -23.0245 6.11972 0 0 0 0 0
0.784303 0.6 -37.3386 -36.5122 -2.95211 0 0 0 0 0
0.776466 0.566667 -43.6693 -43.2561 1.21916 0 0 0 0 0
0.865879 0.566667 -18.6204 -18.0566 -7.91234 0 0 0 0 0
0.554163 0.566667 -14.0896 -7.92537 7.63507 0 0 0 0 0
0.354664 0.6 -10.8327 -0.757558 -39.546 0 0 0 0 0
0.570239 0.566667 -3.59714 4.62122 -6.81839 0 0 0 0 0
0.618972 0.633333 -26.7986 -22.6894 -11.7274 0 0 0 0 0
0.697106 0.6 -38.3993 -36.3447 -4.69094 0 0 0 0 0
0.734611 0.7 -44.1996 -43.1723 40.1236 0 0 0 0 0
0.752613 0.633333 -47.0998 -46.5862 15.4494 0 0 0 0 0
0.761254 0.666667 -48.5499 -48.2931 -34.6202 0 0 0 0 0
0.609003 0.666667 -26.3259 -22.544 29.3519 0 0 0 0 0
0.633857 0.666667 -38.163 -36.272 11.1408 0 0 0 0 0
0.704252 0.666667 -44.0815 -43.136 3.85631 0 0 0 0 0
0.563401 0.7 -28.9852 -20.5263 4.54252 0 0 0 0 0
0.616346 0.633333 -39.4926 -35.2632 -0.582991 0 0 0 0 0
0.493077 0.7 -17.6034 -18.3459 -42.2332 0 0 0 0 0
0.315569 0.7 6.04203 -9.88722 25.1067 0 0 0 0 0
0.521179 0.633333 -21.979 -29.9436 8.24269 0 0 0 0 0
0.712707 0.666667 -16.1366 -11.3969 5.09708 0 0 0 0 0
0.456133 0.633333 -11.9968 -4.35826 5.63883 0 0 0 0 0
0.291925 0.666667 -1.60653 -1.50345 1.65553 0 0 0 0 0
0.512099 0.6 -25.8033 -25.7517 -3.53779 0 0 0 0 0
0.645808 0.633333 -37.9016 -37.8759 -0.815115 0 0 0 0 0
0.516646 0.633333 -9.10233 -20.0743 -22.526 0 0 0 0 0
0.330653 0.633333 3.2191 -11.0507 20.3896 0 0 0 0 0
0.526971 0.6 -23.3904 -30.5253 0.355833 0 0 0 0 0
0.421577 0.666667 -9.36964 -14.3698 -40.6577 0 0 0 0 0
0.561885 0.666667 -29.6848 -32.1849 -16.2631 0 0 0 0 0
0.449508 0.6 -21.7869 -17.8286 43.8948 0 0 0 0 0
0.572611 0.666667 -35.8934 -33.9143 8.55791 0 0 0 0 0
0.743567 0.6 -12.9467 -17.5006 1.02316 0 0 0 0 0
0.756912 0.6 -28.14 -2.50031 -16.3907 0 0 0 0 0
0.484424 0.566667 -18.2367 0.0656347 16.8437 0 0 0 0 0
0.779514 0.6 -34.1183 -24.9672 1.93748 0 0 0 0 0
0.623611 0.533333 -21.9203 -11.7891 -38.825 0 0 0 0 0
0.699333 0.6 -14.3255 -7.33688 -16.73 0 0 0 0 0
0.447573 0.566667 -2.16276 -2.23987 35.308 0 0 0 0 0
0.571868 0.666667 -26.0814 -26.1199 15.9232 0 0 0 0 0
0.743121 0.6 4.81645 -9.35626 9.96928 0 0 0 0 0
0.854019 0.666667 -22.5918 -29.6781 3.38771 0 0 0 0 0
0.947447 0.666667 -36.2959 -39.8391 -43.6449 0 0 0 0 0
0.968468 0.733333 -15.767 -16.3481 -16.858 0 0 0 0 0
0.61982 0.766667 5.68793 -2.34072 40.0568 0 0 0 0 0
0.697513 0.7 6.4154 1.06178 5.82272 0 0 0 0 0
0.840884 0.733333 -21.7923 -24.4691 3.52909 0 0 0 0 0
0.942718 0.7 -35.8962 -37.2346 -0.988364 0 0 0 0 0
0.754175 0.733333 -16.1624 -17.278 -38.7953 0 0 0 0 0
0.762004 0.7 -4.67209 -5.514 -13.7181 0 0 0 0 0
0.692609 0.666667 -27.336 -27.757 24.5127 0 0 0 0 0
0.889339 0.6 -38.668 -38.8785 -20.1949 0 0 0 0 0
0.960162 0.6 -44.334 -44.4392 -8.67796 0 0 0 0 0
0.985658 0.6 -47.167 -47.2196 38.5288 0 0 0 0 0
0.994837 0.6 -48.5835 -48.6098 -27.7885 0 0 0 0 0
0.996902 0.533333 -12.1185 -19.7595 -10.5154 0 0 0 0 0
0.878513 0.633333 -2.02702 -7.56491 40.7938 0 0 0 0 0
0.893012 0.633333 -26.0135 -28.7825 15.7175 0 0 0 0 0
0.961484 0.6 -38.0068 -39.3912 -0.912984 0 0 0 0 0
0.986134 0.633333 -44.0034 -44.6956 -38.1652 0 0 0 0 0
0.995008 0.666667 -47.0017 -47.3478 29.1339 0 0 0 0 0
0.998203 0.666667 -48.5008 -48.6739 8.65357 0 0 0 0 0
0.999353 0.6 -49.2504 -49.337 -37.3386 0 0 0 0 0
0.999612 0.666667 -16.0538 -21.4076 -15.5354 0 0 0 0 0
0.879814 0.633333 -7.13403 -5.79309 -15.5354 0 0 0 1 0
0.927888 0.633333 -1.48368 8.04096 36.9858 0 0 0 1 0
0.845386 0.6 -6.76036 12.3538 18.9943 0 0 0 1 0
0.883471 0.633333 -28.3802 -18.8231 -39.2023 0 0 0 1 0
0.930083 0.566667 -16.5338 -0.817797 -12.6809 0 0 0 1 0
0.84644 0.633333 -5.84757 2.17731 -5.07236 0 0 0 1 0
0.806291 0.6 -1.36603 11.0541 38.7711 0 0 0 1 0
0.78702 0.633333 5.94964 18.027 19.1084 0 0 0 1 0
0.777769 0.566667 12.8585 16.7721 12.4434 0 0 0 1 0
0.773329 0.633333 7.88276 18.1517 1.37735 0 0 0 1 0
0.771198 0.633333 11.0205 19.5872 0.550939 0 0 0 1 0
0.862105 0.7 -19.4898 -15.2064 -0.979624 0 0 0 1 0
0.950358 0.7 -34.7449 -32.6032 2.00815 0 0 0 1 0
0.970215 0.766667 -14.5599 -4.58285 -0.39674 0 0 0 1 0
0.620937 0.666667 -8.08125 4.96664 4.6413 0 0 0 1 0
0.3974 0.666667 -0.835498 10.5478 -43.7435 0 0 0 1 0
0.754451 0.7 -25.4177 -19.7261 17.9026 0 0 0 1 0
0.911602 0.666667 -37.7089 -34.863 27.561 0 0 0 1 0
0.729282 0.666667 -43.8544 -17.4315 27.561 0 0 0 1 0
0.837569 0.6 -17.0803 -5.83114 -3.37558 0 0 0 1 0
0.536044 0.6 -12.5174 6.13615 16.0498 0 0 0 1 0
0.794381 0.5 -31.2587 -21.9319 -60.7801 0 0 0 1 0
0.925977 0.6 -40.6294 -35.966 -26.712 0 0 0 1 0
0.844469 0.533333 -45.3147 -42.983 -11.8848 0 0 0 1 0
0.805345 0.6 -47.6573 -46.4915 43.8461 0 0 0 1 0
0.883207 0.6 -48.8287 -36.5033 27.7384 0 0 0 1 0
0.739152 0.566667 -49.4143 -43.2517 -25.5046 0 0 0 1 0
0.906095 0.6 -49.7072 -46.6258 9.59815 0 0 0 1 0
0.834925 0.533333 -49.8536 -48.3129 8.03926 0 0 0 1 0
0.900955 0.6 -18.2862 -30.1088 -42.9843 0 0 0 1 0
0.576611 0.5 -29.1952 -11.0862 -3.39372 0 0 0 1 0
0.369031 0.6 -31.6785 -5.59719 -15.7575 0 0 0 1 0
0.577135 0.533333 -10.3655 -7.5605 37.497 0 0 0 1 0
0.677025 0.533333 2.53783 -3.18501 -26.4012 0 0 0 1 0
0.433296 0.533333 7.32952 -2.18774 32.6395 0 0 0 1 0
0.277309 0.5 10.4829 1.74704 14.2558 0 0 0 1 0
0.177478 0.533333 9.61647 8.08506 -0.297676 0 0 0 1 0
0.113586 0.5 13.3609 9.39967 1.08093 0 0 0 1 0
0.072695 0.566667 14.4185 10.057 -42.1676 0 0 0 1 0
0.434894 0.5 18.6958 12.7208 36.5329 0 0 0 1 0
0.765249 0.566667 -15.6521 -18.6396 9.81318 0 0 0 1 0
0.91549 0.533333 -32.8261 -34.3198 16.5253 0 0 0 1 0
0.839435 0.566667 -41.413 -42.1599 -51.5899 0 0 0 1 1
0.942197 0.566667 -45.7065 -46.08 14.164 0 0 0 1 1
0.852254 0.5 -47.8533 -48.04 -16.5344 0 0 0 1 1
0.809082 0.6 -48.9266 -49.02 -21.0138 0 0 0 1 1
0.788359 0.533333 -49.4633 -49.51 21.5945 0 0 0 1 1
0.923809 0.6 -49.7317 -49.755 -21.9622 0 0 0 1 1
0.972571 0.566667 -49.8658 -49.8775 47.6151 0 0 0 1 1
0.990126 0.666667 -49.9329 -49.9387 -32.554 0 0 0 1 1
0.87526 0.633333 -49.9665 -49.9694 13.9784 0 0 0 1 1
0.820125 0.733333 -49.9832 -49.9847 1.39137 0 0 0 1 1
0.935245 0.733333 -49.9916 -49.9923 -12.0435 0 0 0 1 1
0.976688 0.7 -49.9958 -49.9962 12.5826 0 0 0 1 1
0.86881 0.7 -49.9979 -49.9981 9.23305 0 0 0 1 1
0.817029 0.733333 -49.999 -49.999 -2.30678 0 0 0 1 1
0.792174 0.733333 -49.9995 -49.9995 36.8773 0 0 0 1 1
0.780243 0.666667 -49.9997 -49.9998 -54.8491 0 0 0 1 1
0.774517 0.666667 -49.9999 -49.9999 15.2604 0 0 0 1 1
0.918826 0.6 -49.9999 -49.9999 4.30415 0 0 0 1 1
0.970777 0.6 -50 -50 -33.0783 0 0 0 1 1
0.98948 0.6 -50 -50 19.1687 0 0 0 1 1
0.87495 0.666667 -50 -50 -22.9325 0 0 0 1 1
0.819976 0.666667 -50 -50 58.627 0 0 0 1 1
0.793589 0.7 -50 -50 -18.5492 0 0 0 1 1
0.634871 0.733333 -27.0238 -16.9643 -30.2197 0 0 0 1 1
0.64379 0.7 -38.5119 -33.4821 53.3121 0 0 0 1 1
0.515032 0.733333 -21.5287 -12.2152 -1.47515 0 0 0 1 1
0.597772 0.7 -35.7643 -31.1076 -19.1901 0 0 0 1 1
0.478218 0.666667 -13.2393 -16.0973 -33.476 0 0 0 1 1
0.583636 0.633333 -31.6197 -33.0486 32.2096 0 0 0 1 1
0.680145 0.6 -40.8098 -41.5243 2.68384 0 0 0 1 1
0.544116 0.566667 -13.068 -9.92883 12.4735 0 0 0 1 1
0.608941 0.533333 -31.534 -29.9644 9.78941 0 0 0 1 1
0.487152 0.6 -12.642 -9.12283 8.71576 0 0 0 1 1
0.311778 0.566667 -0.418217 0.99414 -50.5137 0 0 0 1 1
0.199538 0.566667 3.16927 9.3206 30.1945 0 0 0 1 1
0.495778 0.6 4.30203 17.1603 5.47781 0 0 0 1 1
0.782784 0.566667 -22.849 -16.4199 -21.8089 0 0 0 1 1
0.775736 0.6 -36.4245 -33.2099 20.0765 0 0 0 0 0
0.620589 0.6 -15.1717 -15.2536 4.43058 0 0 0 0 0
0.81873 0.566667 -32.5859 -32.6268 -43.2278 0 0 0 1 0
0.79299 0.6 -41.2929 -41.3134 -20.2911 0 0 0 1 0
0.925476 0.533333 -45.6465 -45.6567 16.4836 0 0 0 1 0
0.955286 0.633333 -47.8232 -22.8284 16.4836 0 0 0 1 0
0.764229 0.533333 -48.9116 -11.4142 16.4836 0 0 0 1 0
0.611383 0.6 -49.4558 -5.70709 16.4836 0 0 0 1 0
0.489106 0.533333 -49.7279 -2.85354 16.4836 0 0 0 1 0
0.391285 0.6 -49.864 -1.42677 16.4836 0 0 0 1 0
0.313028 0.566667 -19.8299 3.97411 31.1934 0 0 0 1 0
0.730152 0.6 -34.915 -23.0129 5.87737 0 0 0 1 0
0.750473 0.533333 -42.4575 -36.5065 4.15095 0 0 0 1 0
0.600378 0.633333 -25.9481 -12.9798 5.86038 0 0 0 1 0
0.688182 0.566667 -37.9741 -2.02561 -0.655848 0 0 0 1 0
0.838196 0.666667 -43.987 -26.0128 -0.862339 0 0 0 1 0
0.802334 0.6 -46.9935 -38.0064 -44.1449 0 0 0 1 0
0.881401 0.6 -20.4795 -12.3365 -17.658 0 0 0 1 0
0.738458 0.6 -35.2398 -31.1683 30.1368 0 0 0 1 0
0.75446 0.566667 -42.6199 -40.5841 18.0547 0 0 0 1 0
0.603568 0.566667 -19.2266 -17.7059 11.4219 0 0 0 1 0
0.813828 0.566667 -34.6133 -33.8529 -13.4312 0 0 0 1 0
0.888296 0.533333 -15.2233 -13.355 11.4275 0 0 0 1 0
0.741106 0.566667 -32.6117 -31.6775 -2.029 0 0 0 1 0
0.844664 0.566667 -13.1082 -12.2673 8.1884 0 0 0 1 0
0.883263 0.6 -31.5541 -31.1337 -47.1246 0 0 0 1 0
0.957975 0.566667 -40.777 -40.5668 22.5501 0 0 0 1 0
0.984871 0.633333 -45.3885 -45.2834 12.0201 0 0 0 1 0
0.787897 0.533333 -9.72551 -20.2608 11.408 0 0 0 1 0
0.504254 0.6 -29.8628 -10.1304 11.408 0 0 0 1 0
0.403403 0.533333 -39.9314 -1.7142 8.16321 0 0 0 1 0
0.593633 0.6 -14.3534 -2.02898 -8.73472 0 0 0 1 0
0.810966 0.5 -32.1767 -26.0145 3.10611 0 0 0 1 0
0.648773 0.6 -41.0884 -13.0072 3.10611 0 0 0 1 0
0.519019 0.5 -45.5442 -6.50362 3.10611 0 0 0 1 0
0.711411 0.6 -47.7721 -3.25181 3.10611 0 0 0 1 0
0.569129 0.533333 -48.886 -1.62591 3.10611 0 0 0 1 0
0.741477 0.633333 -49.443 -0.812953 3.10611 0 0 0 1 0
0.844886 0.6 -49.7215 -0.406476 3.10611 0 0 0 1 0
0.906932 0.7 -27.1524 0.227796 7.24245 0 0 0 1 0
0.901196 0.633333 -38.5762 -24.8861 -28.903 0 0 0 1 0
0.964431 0.666667 -44.2881 -37.4431 15.4388 0 0 0 1 0
0.862927 0.666667 -47.1441 -43.7215 -43.6245 0 0 0 1 0
0.917756 0.666667 -14.8816 -17.3965 39.5502 0 0 0 1 0
0.904314 0.6 -32.4408 -33.6982 4.42008 0 0 0 1 0
0.942588 0.6 -41.2204 -16.8491 4.42008 0 0 0 1 0
0.754071 0.6 -45.6102 -8.42456 4.42008 0 0 0 1 0
0.603257 0.533333 -47.8051 -3.61704 -15.632 0 0 0 1 0
0.813738 0.6 -48.9025 -26.8085 -27.2528 0 0 0 1 0
0.65099 0.533333 -49.4513 -13.4043 -27.2528 0 0 0 1 0
0.520792 0.566667 -10.9756 -4.27157 35.2989 0 0 0 1 0
0.333307 0.6 8.30528 -5.26079 -39.2804 0 0 0 1 0
0.213316 0.566667 -4.67089 -0.456481 -39.2804 0 0 0 1 0
0.502392 0.6 -27.3354 -25.2282 -15.7122 0 0 0 1 0
0.401914 0.5 -3.9903 -12.6141 -15.7122 0 0 0 1 0
0.321531 0.6 13.3066 -6.63601 24.9151 0 0 0 1 0
0.732601 0.533333 -18.3467 -28.318 26.1661 0 0 0 1 0
0.839561 0.6 -34.1734 -14.159 26.1661 0 0 0 1 0
0.671648 0.533333 -18.5152 -7.0795 26.1661 0 0 0 1 0
0.802989 0.6 -34.2576 -3.53975 26.1661 0 0 0 1 0
0.642391 0.533333 -15.5262 1.53895 24.8664 0 0 0 1 0
0.41113 0.6 0.948997 1.33766 24.8664 0 0 0 1 0
0.328904 0.5 -24.5255 0.668828 24.8664 0 0 0 1 0
0.557874 0.6 -37.2628 -24.6656 -0.253432 0 0 0 1 0
0.734724 0.5 -12.2028 -11.2458 4.09863 0 0 0 1 0
0.682134 0.6 -31.1014 -30.6229 2.83945 0 0 0 1 0
0.545707 0.6 -40.5507 -17.016 -56.4642 0 0 0 1 0
0.609552 0.566667 -45.2754 -33.508 3.21431 0 0 0 1 0
0.487641 0.6 -47.6377 -16.754 3.21431 0 0 0 1 0
0.692585 0.633333 -21.613 -4.96791 3.21431 0 0 0 1 0
0.815551 0.633333 -35.8065 -2.48395 3.21431 0 0 0 1 0
0.652441 0.633333 -42.9032 -1.24198 3.21431 0 0 0 1 0
0.791464 0.7 -46.4516 -0.620989 3.21431 0 0 0 1 0
0.633171 0.633333 -23.7258 4.36342 3.21431 0 0 0 1 0
0.779903 0.633333 -8.64862 5.30671 25.8857 0 0 0 1 0
0.699483 0.633333 -29.3243 -22.3466 11.5543 0 0 0 1 0
0.559586 0.633333 -39.6622 -11.1733 11.5543 0 0 0 1 0
0.735752 0.633333 -14.3928 -2.94867 -24.1783 0 0 0 1 0
0.753161 0.6 -3.29013 1.97394 -27.6713 0 0 0 1 0
0.761517 0.6 5.00387 11.4708 30.9315 0 0 0 1 0
0.765528 0.6 6.07336 8.41399 15.9726 0 0 0 1 0
0.489938 0.633333 6.24181 9.44893 -6.81096 0 0 0 1 0
0.781102 0.6 -21.8791 -20.2755 -35.7244 0 0 0 1 0
0.624882 0.6 -15.1062 -1.92348 27.1102 0 0 0 1 0
0.699943 0.7 -3.38644 8.88674 12.6441 0 0 0 1 0
0.735973 0.633333 1.79515 7.89165 12.6441 0 0 0 1 0
0.841584 0.6 -24.1024 3.94582 12.6441 0 0 0 1 0
0.90495 0.666667 -37.0512 2.86577 11.0576 0 0 0 1 0
0.834376 0.6 -15.45 6.17426 1.42306 0 0 0 1 0
0.534001 0.566667 -32.725 3.08713 1.42306 0 0 0 1 0
0.7204 0.6 -11.3625 2.63052 1.42306 0 0 0 1 0
0.83224 0.6 -30.6813 1.71209 -49.8308 0 0 0 1 0
0.532634 0.566667 -40.3406 2.29835 40.0677 0 0 0 1 0
0.655664 0.566667 -11.837 13.6492 -17.5729 0 0 0 1 0
0.419625 0.566667 -0.858966 11.7353 10.9708 0 0 0 1 0
0.26856 0.566667 -25.4295 5.86765 10.9708 0 0 0 1 0
0.214848 0.533333 -13.6763 4.21588 14.5883 0 0 0 1 0
0.701876 0.566667 -31.8381 -22.8921 -0.164667 0 0 0 1 0
0.892675 0.5 -40.9191 -36.446 -24.0659 0 0 0 1 0
0.71414 0.566667 -11.8057 -15.3384 17.9737 0 0 0 1 0
0.45705 0.566667 -30.9028 -7.6692 17.9737 0 0 0 1 0
0.36564 0.566667 -11.2848 -2.87306 11.3895 0 0 0 1 0
0.575507 0.6 -30.6424 -1.43653 11.3895 0 0 0 1 0
0.460406 0.566667 -20.9664 -0.0932654 11.3895 0 0 0 1 0
0.368325 0.6 -7.542 -0.0466327 11.3895 0 0 0 1 0
0.620995 0.5 -28.771 -0.0233163 11.3895 0 0 0 1 0
0.772597 0.6 -10.8371 2.14351 3.95578 0 0 0 1 0
0.494462 0.533333 -10.198 1.07176 3.95578 0 0 0 1 0
0.637342 0.6 -30.099 -24.4641 -0.817686 0 0 0 1 0
0.869443 0.533333 -40.0495 -37.2321 -27.9271 0 0 0 1 0
0.695554 0.566667 -23.2299 -16.0697 -9.37083 0 0 0 1 0
0.733866 0.6 -36.6149 -4.15556 21.4517 0 0 0 1 0
0.851353 0.533333 -43.3075 -27.0778 6.78067 0 0 0 1 0
0.80865 0.6 -46.6537 -38.5389 2.11227 0 0 0 1 0
0.88519 0.566667 -19.2946 -13.4659 -43.5551 0 0 0 1 0
0.824891 0.6 3.56698 4.33849 29.378 0 0 0 1 0
0.716758 0.566667 -23.2165 -22.8308 11.1512 0 0 0 1 0
0.744044 0.6 -36.6083 -36.4154 5.66047 0 0 0 1 0
0.595235 0.566667 -14.5082 -8.56693 -25.3358 0 0 0 1 0
0.685713 0.6 -4.12909 5.99879 16.2657 0 0 0 1 0
0.837485 0.566667 -27.0645 -22.0006 -37.8937 0 0 0 1 0
0.801993 0.566667 -38.5323 -36.0003 3.44251 0 0 0 1 0
0.881196 0.533333 -44.2661 -13.5359 30.177 0 0 0 1 0
0.563965 0.6 -47.1331 -2.37604 15.6708 0 0 0 1 0
0.670703 0.566667 -21.0097 7.10322 1.46832 0 0 0 1 0
0.42925 0.6 -35.5049 5.57864 8.98733 0 0 0 1 0
0.60604 0.6 -42.7524 6.40133 1.19493 0 0 0 1 0
0.632719 0.633333 -46.3762 -21.7993 -24.122 0 0 0 1 0
0.506176 0.633333 -35.6881 -8.92598 8.95119 0 0 0 1 0
0.785779 0.6 -42.8441 -29.463 -52.8195 0 0 0 1 0
0.871467 0.633333 -30.4419 -19.7315 47.2722 0 0 0 1 0
0.890983 0.6 -40.221 -34.8657 15.3089 0 0 0 1 0
0.827672 0.6 -45.1105 -42.4329 -10.0764 0 0 0 1 0
0.662137 0.6 -19.1177 -17.9757 18.7694 0 0 0 1 0
0.830696 0.666667 -34.5589 -33.9878 5.70777 0 0 0 1 0
0.93905 0.566667 -42.2794 -41.9939 1.08311 0 0 0 1 0
0.978058 0.6 -46.1397 -45.997 -67.3668 0 0 0 1 0
0.986835 0.533333 -18.0699 -13.2159 -67.3668 0 0 0 1 0
0.995261 0.6 -34.0349 -31.6079 33.0533 0 0 0 1 0
0.998294 0.566667 -42.0175 -40.804 18.6213 0 0 0 1 0
0.879181 0.6 -46.0087 -45.402 -57.3515 0 0 0 1 0
0.956505 0.6 -48.0044 -47.701 39.4594 0 0 0 1 0
0.984342 0.6 -49.0022 -48.8505 7.38376 0 0 0 1 0
0.994363 0.6 -49.5011 -49.4252 1.15351 0 0 0 1 0
0.997971 0.6 -49.7505 -49.7126 5.2614 0 0 0 1 0
0.999269 0.6 -49.8753 -49.8563 -55.4954 0 0 0 1 0
0.999737 0.6 -49.9376 -49.9282 35.4018 0 0 0 1 0
0.999905 0.633333 -49.9688 -49.9641 9.96073 0 0 0 1 0
0.799924 0.6 -49.9844 -49.982 -6.81571 0 0 0 1 0
0.707171 0.533333 -49.9922 -49.991 2.07372 0 0 0 1 0
0.565737 0.633333 -49.9961 -34.8169 -43.5705 0 0 0 1 0
0.671554 0.533333 -30.6432 -24.9085 9.57179 0 0 0 1 0
0.657877 0.6 -40.3216 -37.4542 3.82872 0 0 0 1 0
0.657877 0.5 -20.1608 -18.7271 3.82872 0 0 0 1 0
0.794726 0.6 -14.009 -18.0592 3.93149 0 0 0 1 0
0.794726 0.5 -7.00449 -9.02961 3.93149 0 0 0 1 0
0.868881 0.6 -28.5022 -29.5148 -30.8274 0 0 0 1 0
0.695105 0.5 -4.52939 -9.40026 -11.731 0 0 0 1 0
0.66692 0.6 -27.2647 -29.7001 -4.09239 0 0 0 1 0
0.880091 0.5 -38.6323 -39.8501 21.163 0 0 0 1 0
0.704073 0.6 -8.50735 -13.675 27.0652 0 0 0 1 0
0.450607 0.5 2.88918 -0.641863 13.8261 0 0 0 1 0
0.573033 0.6 -23.5554 -25.3209 3.73043 0 0 0 1 1
0.458426 0.5 2.23745 -10.3877 -30.3078 0 0 0 1 1
0.772027 0.6 -23.8813 -30.1939 31.6769 0 0 0 1 1
0.863216 0.5 -12.4841 -1.34693 18.0707 0 0 0 1 1
0.888606 0.566667 -31.2421 -25.6735 -44.9717 0 0 0 1 1
0.933164 0.5 -12.6448 -1.22959 -23.9887 0 0 0 1 1
0.908751 0.566667 -31.3224 -25.6148 56.4045 0 0 0 1 1
0.96715 0.566667 -40.6612 -37.8074 21.3618 0 0 0 1 1
0.98029 0.633333 -17.3306 -11.9593 11.5447 0 0 0 1 1
0.922324 0.566667 -33.6653 -30.9796 -63.1821 0 0 0 1 1
0.842715 0.6 -41.8327 -40.4898 -0.0728439 0 0 0 1 1
0.943378 0.6 -45.9163 -45.2449 0.570862 0 0 0 1 1
0.966027 0.6 -47.9582 -22.6225 0.570862 0 0 0 1 1
0.863693 0.6 -48.9791 -36.3112 9.22834 0 0 0 1 1
0.950929 0.6 -49.4895 -43.1556 -3.50866 0 0 0 1 1
0.970558 0.533333 -21.5585 -12.6492 -1.40346 0 0 0 1 1
0.621157 0.633333 -8.22823 4.40335 -1.16139 0 0 0 1 1
0.638524 0.6 -29.1141 -22.7983 37.3354 0 0 0 1 1
0.783115 0.633333 -12.7416 -0.684876 -20.4658 0 0 0 1 1
0.700716 0.6 -31.3708 -25.3424 20.6137 0 0 0 0 0
0.82043 0.666667 -11.6535 -5.2274 -22.3545 0 0 0 0 0
0.715045 0.566667 -30.8267 -27.6137 -7.14181 0 0 0 1 0
0.829027 0.666667 -14.2506 -4.87828 -5.85673 0 0 0 1 0
0.718346 0.566667 -32.1253 -27.4391 -30.5427 0 0 0 1 0
0.831008 0.6 -20.9734 -3.2285 -11.0171 0 0 0 1 0
0.719107 0.5 -35.4867 -26.6142 27.3932 0 0 0 1 0
0.831464 0.6 -14.1719 -5.09284 9.15727 0 0 0 1 0
0.879462 0.5 -32.086 -27.5464 1.26291 0 0 0 1 0
0.822142 0.6 -41.043 -38.7732 -24.6948 0 0 0 1 0
0.657713 0.533333 -17.3469 -9.26756 -14.6779 0 0 0 1 0
0.420936 0.6 -6.05149 4.56265 23.5288 0 0 0 1 0
0.56164 0.6 -28.0257 -22.7187 10.0115 0 0 0 1 0
0.669587 0.6 -39.0129 -36.3593 5.80461 0 0 0 1 0
0.881051 0.6 -44.5064 -43.1797 2.32184 0 0 0 1 0
0.928631 0.566667 -20.7532 -14.8934 2.12874 0 0 0 1 0
0.756594 0.6 -35.3766 -32.4467 35.0515 0 0 0 1 0
0.605275 0.566667 -13.9383 -7.29478 -17.1794 0 0 0 1 0
0.632426 0.666667 -31.9692 -28.6474 -42.8718 0 0 0 1 0
0.703564 0.6 -40.9846 -39.3237 17.6513 0 0 0 1 0
0.737711 0.633333 -45.4923 -44.6618 5.26052 0 0 0 1 0
0.754101 0.6 -47.7461 -47.3309 2.70421 0 0 0 1 0
0.761969 0.6 -48.8731 -48.6655 34.0817 0 0 0 1 0
0.765745 0.666667 -49.4365 -49.3327 -52.9673 0 0 0 1 0
0.767558 0.566667 -49.7183 -49.6664 38.2131 0 0 0 1 0
0.768428 0.6 -49.8591 -49.8332 -43.5148 0 0 0 1 0
0.614742 0.6 -21.8683 -20.4027 17.9941 0 0 0 1 0
0.393435 0.6 -2.71989 -6.84421 8.99764 0 0 0 1 0
0.588849 0.533333 4.36922 10.7381 23.3991 0 0 0 1 0
0.626118 0.6 -22.8154 -19.631 9.35962 0 0 0 1 0
0.865402 0.533333 -36.4077 -34.8155 -26.2562 0 0 0 1 0
0.919241 0.566667 -15.0788 -12.6664 16.4975 0 0 0 1 0
0.904742 0.533333 -32.5394 -31.3332 1.79902 0 0 0 1 0
0.834276 0.6 -41.2697 -40.6666 7.31961 0 0 0 1 0
0.667421 0.6 -17.5593 -24.2807 -27.6722 0 0 0 1 0
0.65629 0.633333 -33.7796 -37.1403 -10.4689 0 0 0 1 0
0.876264 0.633333 -41.8898 -43.5702 -4.18754 0 0 0 1 0
0.925759 0.7 -45.9449 -21.7851 -4.18754 0 0 0 1 0
0.973273 0.7 -47.9725 -35.8925 25.925 0 0 0 1 0
0.990378 0.666667 -48.9862 -42.9463 10.37 0 0 0 1 0
0.875382 0.7 -49.4931 -46.4731 4.148 0 0 0 1 0
0.700305 0.666667 -17.7153 -25.0223 -50.5408 0 0 0 1 0
0.448195 0.666667 -33.8577 -12.5111 -50.5408 0 0 0 1 0
0.615134 0.666667 -41.9288 -31.2556 -19.0163 0 0 0 1 0
0.861448 0.6 -45.9644 -40.6278 -6.40653 0 0 0 1 0
0.689159 0.6 -17.854 -10.3945 38.2374 0 0 0 1 0
0.664637 0.533333 -33.927 -30.1973 -26.105 0 0 0 1 0
0.798782 0.6 -41.9635 -11.0446 20.158 0 0 0 1 0
0.511221 0.6 -45.9818 -2.51929 29.6632 0 0 0 1 0
0.327181 0.666667 -17.0187 5.19869 6.46528 0 0 0 1 0
0.209396 0.6 7.32401 2.98396 -0.413889 0 0 0 1 0
0.134013 0.6 0.227937 4.26976 -32.5656 0 0 0 1 0
0.0857686 0.7 -24.886 1.81437 -17.2262 0 0 0 1 0
0.664701 0.7 -37.443 -24.0928 35.7095 0 0 0 1 0
0.798821 0.666667 -43.7215 -13.7772 17.2838 0 0 0 1 0
0.706747 0.7 -46.8608 -31.8886 2.71352 0 0 0 1 0
0.565398 0.666667 -31.0102 -8.08139 -1.91459 0 0 0 1 0
0.361855 0.633333 -40.5051 -2.75864 5.23416 0 0 0 1 0
0.744214 0.6 -45.2525 -26.3793 3.89367 0 0 0 1 0
0.595371 0.633333 -27.0066 -11.5871 -3.84253 0 0 0 1 0
0.381038 0.633333 5.10781 -4.76079 1.46299 0 0 0 1 0
0.546318 0.6 -22.4461 -27.3804 1.78519 0 0 0 1 0
0.437055 0.666667 0.304729 -9.73186 -11.2859 0 0 0 1 0
0.567829 0.6 -24.8476 -29.8659 3.88563 0 0 0 1 0
0.740697 0.666667 -2.98233 -8.68297 4.55425 0 0 0 1 0
0.755535 0.666667 4.14015 4.7873 -5.9783 0 0 0 1 0
0.762657 0.6 7.78816 11.063 -12.5913 0 0 0 1 0
0.766075 0.666667 9.29531 13.4019 11.7635 0 0 0 1 0
0.86063 0.566667 -20.3523 -18.2991 -12.0946 0 0 0 1 0
0.916378 0.6 -1.63149 -0.44583 0.562156 0 0 0 1 0
0.751889 0.5 -25.8157 -25.2229 -2.17514 0 0 0 1 0
0.851133 0.6 -1.08722 -6.36146 2.12994 0 0 0 1 0
0.808544 0.5 -2.86919 2.42272 -4.54802 0 0 0 1 0
0.788101 0.6 5.16125 7.00681 8.98079 0 0 0 1 0
0.866973 0.6 -22.4194 -21.4966 -44.4077 0 0 0 1 0
0.920184 0.7 -8.86594 -2.26615 19.4369 0 0 0 1 0
0.905013 0.6 -29.433 -26.1331 7.77477 0 0 0 1 0
0.965805 0.7 -39.7165 -38.0665 0.109908 0 0 0 1 0
0.98769 0.6 -44.8582 -44.0333 -5.35604 0 0 0 1 0
0.995568 0.6 -47.4291 -47.0166 8.05759 0 0 0 1 0
0.877873 0.5 -48.7146 -48.5083 24.823 0 0 0 1 0
0.821379 0.6 -49.3573 -49.2542 9.92921 0 0 0 1 0
0.657103 0.5 -23.1161 -23.4552 -3.82831 0 0 0 1 0
0.829246 0.566667 -36.5581 -36.7276 -25.5313 0 0 0 1 0
0.938528 0.6 -43.279 -43.3638 -30.6125 0 0 0 1 0
0.750823 0.566667 -46.6395 -21.6819 -30.6125 0 0 0 1 0
0.910296 0.6 -48.3198 -35.841 -20.645 0 0 0 1 0
0.946178 0.566667 -35.5235 -12.9205 -4.658 0 0 0 1 0
0.946178 0.6 -17.7618 -6.46024 -4.658 0 0 0 1 0
0.946178 0.6 -8.88088 -3.23012 -4.658 0 0 0 1 0
0.946178 0.633333 -4.44044 -1.61506 -4.658 0 0 0 1 0
0.946178 0.7 -2.22022 -0.80753 -4.658 0 0 0 1 0
0.946178 0.7 -1.11011 -0.403765 -4.658 0 0 0 1 0
0.854165 0.8 -25.5551 -0.201882 -4.658 0 0 0 1 1
0.854165 0.733333 -12.7775 -0.100941 -4.658 0 0 0 1 1
0.809999 0.833333 -31.3888 -25.0505 1.7368 0 0 0 1 1
0.647999 0.733333 -18.1944 -12.5252 1.7368 0 0 0 1 1
0.7888 0.733333 -34.0972 -6.8061 2.49472 0 0 0 1 1
0.504832 0.666667 3.02716 -7.38032 38.1979 0 0 0 1 1
0.323092 0.633333 12.6067 -4.25834 -32.1208 0 0 0 1 1
0.555084 0.566667 22.0176 -2.12917 -3.84834 0 0 0 1 1
0.66644 0.633333 -2.96178 2.19628 -2.13934 0 0 0 1 1
0.719891 0.566667 8.93578 4.35901 -0.255734 0 0 0 1 1
0.46073 0.6 17.325 -0.537886 -7.30229 0 0 0 1 1
0.621151 0.566667 16.851 2.00378 2.47908 0 0 0 1 1
0.397536 0.633333 12.235 7.52363 2.79163 0 0 0 1 1
0.590817 0.6 24.3318 4.89818 -7.28335 0 0 0 1 1
0.683592 0.666667 29.7679 6.79692 3.08666 0 0 0 1 1
0.437499 0.6 -10.116 2.26209 -5.36534 0 0 0 1 1
0.61 0.666667 12.7991 3.97196 4.45387 0 0 0 1 1
0.3904 0.633333 27.4223 6.53143 2.98155 0 0 0 1 1
0.752435 0.633333 -11.2889 -21.7343 1.19262 0 0 0 1 1
0.851461 0.633333 14.5762 -5.75351 -0.122953 0 0 0 1 1
0.544935 0.633333 26.2275 2.23688 -1.84918 0 0 0 1 1
0.609255 0.633333 -11.8863 -23.8816 -0.739672 0 0 0 1 1
0.765553 0.666667 4.41226 -9.76687 0.304131 0 0 0 1 1
0.489954 0.633333 18.2776 -0.337978 -1.67835 0 0 0 1 1
0.313571 0.633333 29.1755 3.09188 1.12866 0 0 0 1 1
0.730308 0.6 -10.4122 -23.4541 4.05146 0 0 0 1 1
0.838185 0.633333 14.7939 -4.11833 -7.97941 0 0 0 1 1
0.536438 0.566667 25.6112 3.91909 3.40823 0 0 0 1 1
0.343321 0.6 30.4527 3.09591 -1.03671 0 0 0 1 1
0.738876 0.533333 -9.77366 -23.452 21.7853 0 0 0 1 1
0.843326 0.6 5.90862 -7.3991 13.5141 0 0 0 1 1
0.723837 0.6 -22.0457 -28.6995 -16.7943 0 0 0 0 0
0.900581 0.6 -36.0228 -39.3498 16.6823 0 0 0 0 0
0.964209 0.6 -43.0114 -44.6749 12.6729 0 0 0 1 0
0.978526 0.533333 -19.4224 -8.94459 27.2692 0 0 0 1 0
0.921815 0.6 -34.7112 -29.4723 12.1077 0 0 0 1 0
0.971853 0.533333 -42.3556 -39.7361 4.24307 0 0 0 1 0
0.86649 0.566667 -46.1778 -44.8681 -25.9028 0 0 0 1 0
0.951936 0.533333 -48.0889 -47.434 19.0389 0 0 0 1 0
0.982697 0.6 -49.0444 -48.717 5.21556 0 0 0 1 0
0.786158 0.533333 -20.9111 -10.6085 5.68622 0 0 0 1 0
0.777356 0.6 -8.96746 0.499317 5.68622 0 0 0 1 0
0.919848 0.6 -29.4837 -24.7503 2.27449 0 0 0 1 0
0.971145 0.666667 -39.7419 -37.3752 -27.8902 0 0 0 1 0
0.989612 0.633333 -44.8709 -43.6876 15.8439 0 0 0 1 0
0.99626 0.6 -47.4355 -46.8438 -53.0624 0 0 0 1 0
0.998654 0.633333 -48.7177 -48.4219 45.975 0 0 0 1 0
0.879354 0.566667 -49.3589 -49.2109 19.59 0 0 0 1 0
0.956567 0.633333 -49.6794 -49.6055 -25.764 0 0 0 1 0
0.984364 0.633333 -49.8397 -49.8027 -36.7056 0 0 0 1 0
0.994371 0.633333 -49.9199 -49.9014 19.5178 0 0 0 1 0
0.877298 0.566667 -49.9599 -49.9507 16.8071 0 0 0 1 0
0.955827 0.633333 -49.98 -49.9753 9.12284 0 0 0 1 0
0.764662 0.566667 -16.9017 -24.2524 -34.7509 0 0 0 1 0
0.767038 0.633333 -3.75818 -5.16806 23.2997 0 0 0 1 0
0.768178 0.6 -26.8791 0.0945419 8.71986 0 0 0 1 0
0.491634 0.533333 -6.64908 4.63481 -4.31206 0 0 0 1 0
0.314646 0.6 -28.3245 4.01155 -25.1248 0 0 0 1 0
0.55103 0.566667 -39.1623 4.96913 25.3501 0 0 0 1 0
0.352659 0.666667 -44.5811 3.12559 11.34 0 0 0 1 0
0.569276 0.633333 -47.2906 5.01107 -2.06399 0 0 0 1 0
0.364337 0.633333 -48.6453 4.80817 -3.2256 0 0 0 1 0
0.574882 0.666667 -49.3226 2.40408 -3.2256 0 0 0 1 0
0.675943 0.6 -49.6613 -23.798 -49.2902 0 0 0 1 0
0.540755 0.666667 -7.50112 -8.18276 32.4839 0 0 0 1 0
0.60765 0.6 -28.7506 -29.0914 10.5936 0 0 0 1 0
0.48612 0.633333 -13.1821 -9.96236 -4.16258 0 0 0 1 0
0.58667 0.533333 -31.591 -29.9812 -26.265 0 0 0 1 0
0.681602 0.6 -40.7955 -39.9906 -2.10601 0 0 0 1 0
0.727169 0.566667 -45.3978 -44.9953 22.5576 0 0 0 1 0
0.581735 0.6 -19.5442 -20.9307 7.22304 0 0 0 1 0
0.623386 0.6 -34.7721 -35.4653 2.88921 0 0 0 1 0
0.699225 0.633333 -42.3861 -42.7327 -35.4443 0 0 0 1 0
0.891721 0.633333 -46.193 -46.3663 -26.7777 0 0 0 1 0
0.713377 0.633333 -13.9894 -19.5075 40.8889 0 0 0 1 0
0.673937 0.633333 -31.9947 -34.7538 11.5556 0 0 0 1 0
0.804362 0.633333 -35.9973 -13.5725 -40.3778 0 0 0 1 0
0.708875 0.633333 -42.9987 -31.7863 27.6489 0 0 0 1 0
0.74026 0.666667 -46.4993 -40.8931 -17.7404 0 0 0 1 0
0.755325 0.6 -48.2497 -45.4466 20.5038 0 0 0 1 0
0.60426 0.6 -16.3123 -14.3181 21.4015 0 0 0 1 0
0.814027 0.566667 -33.1562 -32.1591 -35.8394 0 0 0 1 0
0.651221 0.6 -13.5781 -13.401 17.4642 0 0 0 1 0
0.650069 0.533333 -31.789 -31.7005 -11.6143 0 0 0 1 0
0.520055 0.6 -12.4061 -13.264 14.5543 0 0 0 1 0
0.789776 0.533333 -31.2031 -31.632 2.82171 0 0 0 1 0
0.779092 0.566667 -40.6015 -40.816 5.92868 0 0 0 1 0
0.773964 0.6 -45.3008 -45.408 -0.628526 0 0 0 1 0
0.619172 0.566667 -4.87261 -18.5373 13.5486 0 0 0 1 0
0.637762 0.6 -27.4363 -34.2687 -8.38056 0 0 0 1 0
0.510209 0.533333 -10.1284 -15.8523 -2.15223 0 0 0 1 0
0.326534 0.633333 0.00336306 -3.87209 0.93911 0 0 0 1 0
0.525389 0.533333 -24.9983 -26.936 0.975644 0 0 0 1 0
0.420311 0.6 -9.18283 -12.827 -1.40974 0 0 0 1 0
0.5614 0.533333 -29.5914 -31.4135 -19.1639 0 0 0 1 0
0.44912 0.6 -39.7957 -12.8221 10.3344 0 0 0 1 0
0.572462 0.6 -44.8979 -31.4111 2.93378 0 0 0 1 0
0.674782 0.6 -47.4489 -40.7055 -1.82649 0 0 0 1 0
0.723895 0.6 -48.7245 -45.3528 6.4694 0 0 0 1 0
0.74747 0.566667 -49.3622 -47.6764 -34.6122 0 0 0 1 0
0.597976 0.6 -6.36716 -21.8788 -15.0449 0 0 0 1 0
0.629623 0.566667 -28.1836 -35.9394 -6.01796 0 0 0 1 0
0.503698 0.6 -11.3623 -13.6934 36.5928 0 0 0 1 0
0.322367 0.6 -2.68113 -2.89932 13.4371 0 0 0 1 0
0.523789 0.566667 -26.3406 -26.4497 13.1749 0 0 0 1 0
0.419031 0.6 -10.4252 -6.55816 -3.73006 0 0 0 1 0
0.560908 0.566667 -30.2126 -28.2791 2.10798 0 0 0 1 0
0.448726 0.633333 -10.2528 -13.4985 1.44319 0 0 0 1 0
0.572311 0.6 -30.1264 -31.7493 -4.82272 0 0 0 1 0
0.674709 0.633333 -40.0632 -40.8746 -2.52909 0 0 0 1 0
0.882895 0.6 -45.0316 -45.4373 -17.8116 0 0 0 1 0
0.706316 0.6 -47.5158 -43.9687 -12.5247 0 0 0 1 0
0.843419 0.6 -48.7579 -46.9843 0.390138 0 0 0 1 0
0.804841 0.566667 -49.379 -48.4922 1.95606 0 0 0 1 0
0.929743 0.566667 -49.6895 -49.2461 -0.417578 0 0 0 1 0
0.974707 0.6 -49.8447 -49.623 -0.167031 0 0 0 1 0
0.86786 0.633333 -49.9224 -49.8115 -0.0668125 0 0 0 1 0
0.816573 0.666667 -49.9612 -49.9058 -3.02673 0 0 0 1 0
0.791955 0.666667 -49.9806 -49.9529 22.7893 0 0 0 1 0
0.875173 0.7 -21.3693 -28.7264 -12.4843 0 0 0 1 0
0.820083 0.633333 -35.6847 -14.3632 -12.4843 0 0 0 1 0
0.79364 0.7 -42.8423 -32.1816 -6.19371 0 0 0 1 0
0.92571 0.666667 -46.4212 -41.0908 -3.07748 0 0 0 1 0
0.740568 0.666667 -18.7827 -21.921 -0.0309937 0 0 0 1 0
0.853284 0.7 -34.3913 -35.9605 0.587603 0 0 0 1 0
0.91197 0.633333 -23.078 -19.1166 -1.56496 0 0 0 1 0
0.750197 0.666667 -36.539 -34.5583 -1.22598 0 0 0 1 0
0.760094 0.666667 -43.2695 -42.2792 -10.6904 0 0 0 1 0
0.764845 0.633333 -46.6348 -46.1396 18.5238 0 0 0 1 0
0.915344 0.633333 -48.3174 -48.0698 -0.990463 0 0 0 1 0
0.969524 0.633333 -49.1587 -49.0349 36.2038 0 0 0 1 0
0.865371 0.6 -49.5793 -49.5174 -1.71847 0 0 0 1 0
0.815378 0.6 -49.7897 -49.7587 -18.6874 0 0 0 1 0
0.652303 0.566667 -14.3179 -3.78561 6.92504 0 0 0 1 0
0.417474 0.566667 -19.8993 -2.24003 -17.63 0 0 0 1 0
0.56031 0.6 -34.9497 -26.12 -2.25199 0 0 0 1 0
0.841712 0.533333 -42.4748 -38.06 -0.900797 0 0 0 1 0
0.673369 0.6 -18.0986 -23.405 -29.1603 0 0 0 1 0
0.658574 0.633333 -34.0493 -36.7025 12.9359 0 0 0 1 0
0.716115 0.633333 -42.0246 -43.3513 9.97435 0 0 0 1 0
0.572892 0.633333 -10.6505 -17.2348 2.18974 0 0 0 1 0
0.619991 0.6 -30.3252 -33.6174 21.2759 0 0 0 1 0
0.495993 0.6 -2.23527 -11.36 -13.6896 0 0 0 1 1
0.590461 0.633333 -26.1176 -30.68 -30.6759 0 0 0 1 1
0.590461 0.6 -13.0588 -15.34 -30.6759 0 0 0 1 1
0.472369 0.6 -26.5294 -8.92 18.3297 0 0 0 1 1
0.302316 0.566667 -5.78702 8.58348 11.5319 0 0 0 1 1
0.302316 0.6 -2.89351 4.29174 11.5319 0 0 0 1 1
0.302316 0.633333 -1.44676 2.14587 11.5319 0 0 0 1 1
0.302316 0.7 -0.723378 1.07293 11.5319 0 0 0 1 1
0.302316 0.7 -0.361689 0.536467 11.5319 0 0 0 1 1
0.302316 0.8 -0.180845 0.268234 11.5319 0 0 0 1 1
0.302316 0.8 -0.0904223 0.134117 11.5319 0 0 0 1 1
0.302316 0.833333 -0.0452111 0.0670584 11.5319 0 0 0 1 1
0.302316 0.9 -0.0226056 0.0335292 11.5319 0 0 0 1 1
0.241853 0.9 -0.0113028 0.0167646 11.5319 0 0 0 1 1
0.241853 0.833333 -0.00565139 0.0083823 11.5319 0 0 0 1 1
0.241853 0.833333 -0.0028257 0.00419115 11.5319 0 0 0 1 1
0.241853 0.833333 -0.00141285 0.00209558 11.5319 0 0 0 1 1
0.241853 0.733333 -0.000706424 0.00104779 11.5319 0 0 0 1 1
0.241853 0.733333 -0.000353212 0.000523894 11.5319 0 0 0 1 1
0.241853 0.733333 -0.000176606 0.000261947 11.5319 0 0 0 1 1
0.241853 0.733333 -8.8303e-005 0.000130973 11.5319 0 0 0 1 1
0.241853 0.8 -4.41515e-005 6.54867e-005 11.5319 0 0 0 1 1
0.241853 0.8 -2.20757e-005 3.27434e-005 11.5319 0 0 0 1 1
0.241853 0.8 -1.10379e-005 1.63717e-005 11.5319 0 0 0 1 1
0.241853 0.9 -5.51894e-006 8.18584e-006 11.5319 0 0 0 1 1
0.241853 0.9 -2.75947e-006 4.09292e-006 11.5319 0 0 0 1 1
0.241853 0.9 -1.37973e-006 2.04646e-006 11.5319 0 0 0 1 1
0.241853 0.9 -6.89867e-007 1.02323e-006 11.5319 0 0 0 1 1
0.241853 0.9 -3.44934e-007 5.11615e-007 11.5319 0 0 0 1 1
0.241853 0.9 -1.72467e-007 2.55808e-007 11.5319 0 0 0 1 1
0.241853 0.9 -8.62334e-008 1.27904e-007 11.5319 0 0 0 1 1
0.241853 0.9 -4.31167e-008 6.39519e-008 11.5319 0 0 0 1 1
0.241853 0.9 -2.15583e-008 3.1976e-008 11.5319 0 0 0 1 1
0.241853 0.9 -1.07792e-008 1.5988e-008 11.5319 0 0 0 1 1
0.241853 0.9 -5.38959e-009 7.99399e-009 11.5319 0 0 0 1 1
0.727067 0.9 -25 -25 5.81275 0 0 0 1 1
0.727067 0.8 -12.5 -12.5 5.81275 0 0 0 1 1
0.727067 0.8 -6.25 -6.25 5.81275 0 0 0 1 1
0.727067 0.8 -3.125 -3.125 5.81275 0 0 0 1 1
0.727067 0.8 -1.5625 -1.5625 5.81275 0 0 0 1 1
0.727067 0.8 -0.78125 -0.78125 5.81275 0 0 0 1 1
0.727067 0.7 -0.390625 -0.390625 5.81275 0 0 0 1 1
0.727067 0.7 -0.195313 -0.195312 5.81275 0 0 0 1 1
0.727067 0.7 -0.0976563 -0.0976562 5.81275 0 0 0 1 1
0.727067 0.7 -0.0488281 -0.0488281 5.81275 0 0 0 1 1
0.727067 0.7 -0.0244141 -0.0244141 5.81275 0 0 0 1 1
0.83624 0.7 -25.0122 -0.012207 5.81275 0 0 0 1 1
0.83624 0.6 -12.5061 -0.00610352 5.81275 0 0 0 1 1
0.668992 0.7 8.40212 -3.75305 2.3251 0 0 0 1 1
0.428155 0.633333 -1.19894 5.73217 -17.07 0 0 0 1 1
0.564412 0.7 -25.5995 -22.1339 2.17202 0 0 0 1 1
0.451529 0.633333 -7.5315 -15.6722 7.46881 0 0 0 1 1
0.573387 0.633333 -28.7658 -32.8361 7.18752 0 0 0 1 1
0.573387 0.566667 -14.3829 -16.4181 7.18752 0 0 0 1 1
0.744032 0.633333 -12.8733 -12.1863 -6.12499 0 0 0 1 1
0.476181 0.566667 -26.02 -6.09315 -6.12499 0 0 0 1 1
0.380945 0.6 -19.8282 -6.37991 -3.65 0 0 0 1 1
0.243804 0.566667 -17.8686 -0.472563 -16.46 0 0 0 1 1
0.710216 0.566667 -33.9343 -25.2363 8.416 0 0 0 1 1
0.740904 0.566667 -41.9672 -37.6181 5.1664 0 0 0 1 1
0.592723 0.6 -15.6908 -14.192 18.2666 0 0 0 1 1
0.379343 0.566667 -32.8454 -7.09598 18.2666 0 0 0 1 1
0.303474 0.566667 -6.07787 -9.46904 -8.89338 0 0 0 1 1
0.194223 0.533333 4.91063 0.19969 -10.7574 0 0 0 1 1
0.474582 0.566667 -22.5447 -24.9002 5.89706 0 0 0 1 1
0.684749 0.533333 -7.95602 -8.28341 27.5588 0 0 0 1 1
0.438239 0.566667 2.43225 -0.936577 -48.3765 0 0 0 1 1
0.568284 0.566667 -23.7839 -25.4683 13.0494 0 0 0 1 1
0.454627 0.6 -22.6874 -16.9008 -25.9802 0 0 0 1 1
0.290961 0.6 -29.177 -10.9504 21.4079 0 0 0 1 1
0.539661 0.6 -10.2518 -0.988023 16.3632 0 0 0 0 0
0.345383 0.633333 -10.79 -5.55354 -4.85473 0 0 0 0 0
0.73947 0.533333 -30.395 -27.7768 11.8581 0 0 0 1 0
0.843682 0.633333 -21.6491 -14.6696 -9.65676 0 0 0 1 0
0.723974 0.6 -35.8246 -32.3348 6.9373 0 0 0 1 0
0.579179 0.566667 -22.9904 -19.7388 -8.02508 0 0 0 1 0
0.622405 0.566667 -36.4952 -34.8694 -2.61003 0 0 0 1 0
0.698754 0.633333 -43.2476 -42.4347 -29.244 0 0 0 1 0
0.891552 0.6 -46.6238 -46.2174 -11.6976 0 0 0 1 0
0.960959 0.633333 -48.3119 -48.1087 20.521 0 0 0 1 0
0.86126 0.6 -49.156 -49.0543 14.2084 0 0 0 1 0
0.813405 0.633333 -49.578 -49.5272 0.883353 0 0 0 1 0
0.790434 0.566667 -49.789 -49.7636 0.353341 0 0 0 1 0
0.779408 0.666667 -49.8945 -49.8818 -1.05866 0 0 0 1 0
0.623527 0.566667 -43.6972 -30.6227 1.97653 0 0 0 1 0
0.639434 0.6 -46.8486 -40.3114 -28.6094 0 0 0 1 0
0.706928 0.533333 -48.4243 -45.1557 42.5562 0 0 0 1 0
0.824157 0.6 -8.14073 -27.841 -36.9775 0 0 0 1 0
0.527461 0.533333 -1.20578 -13.2626 38.609 0 0 0 1 0
0.337575 0.6 -16.9922 -8.39566 -9.7564 0 0 0 1 0
0.216048 0.5 -16.1884 -2.19462 20.6974 0 0 0 1 0
0.482962 0.6 -33.0942 -26.0973 8.27898 0 0 0 1 0
0.631822 0.6 -41.5471 -38.0487 0.911591 0 0 0 1 0
0.505458 0.666667 -4.39424 -22.3138 -21.8354 0 0 0 1 0
0.785572 0.633333 -27.1971 -36.1569 9.26585 0 0 0 1 0
0.628457 0.633333 -9.84856 -16.5084 -15.4937 0 0 0 1 0
0.641328 0.633333 -29.9243 -33.2542 20.2025 0 0 0 1 0
0.707837 0.633333 -39.9621 -41.6271 -17.719 0 0 0 1 0
0.739762 0.633333 -44.9811 -45.8136 19.9124 0 0 0 1 0
0.59181 0.633333 -18.1301 -13.9782 -47.835 0 0 0 1 0
0.378758 0.533333 -3.08289 2.83233 21.066 0 0 0 1 0
0.749082 0.6 -26.5414 -23.5838 -4.17361 0 0 0 1 0
0.75956 0.5 -38.2707 -36.7919 24.7306 0 0 0 1 0
0.855736 0.6 -28.1028 -23.4741 -14.7078 0 0 0 1 0
0.684589 0.533333 -11.3606 -11.737 -14.7078 0 0 0 1 0
0.728603 0.6 -10.6803 -12.5352 -5.88311 0 0 0 1 0
0.466306 0.6 -14.9992 -10.4343 -4.75324 0 0 0 1 0
0.298436 0.633333 -3.92819 -2.17659 25.6987 0 0 0 1 0
0.514599 0.6 -26.9641 -26.0883 -15.5205 0 0 0 1 0
0.647008 0.6 -38.482 -38.0441 21.3918 0 0 0 1 0
0.517606 0.633333 -15.6696 -16.7785 8.55672 0 0 0 1 0
0.598761 0.6 -32.8348 -33.3892 4.02269 0 0 0 1 0
0.855554 0.7 -41.4174 -41.6946 -25.9909 0 0 0 1 0
0.913332 0.633333 -19.9274 -17.8868 -17.5964 0 0 0 1 0
0.584533 0.666667 -4.52894 -5.49512 29.5615 0 0 0 1 0
0.374101 0.666667 1.05186 1.53816 -43.9754 0 0 0 1 0
0.543655 0.666667 -24.4741 -24.2309 37.0098 0 0 0 1 0
0.726193 0.633333 -4.18779 -2.96514 7.00393 0 0 0 1 0
0.678858 0.633333 -27.0939 -26.4826 10.6016 0 0 0 1 0
0.725852 0.566667 -38.5469 -38.2413 4.84063 0 0 0 1 0
0.748409 0.6 -44.2735 -44.1206 2.53625 0 0 0 1 0
0.849045 0.5 -26.742 -16.4152 2.2145 0 0 0 1 0
0.807542 0.6 -14.9736 -4.63615 -0.3142 0 0 0 1 0
0.516827 0.5 -3.61773 2.59264 -4.92568 0 0 0 1 0
0.598461 0.6 -26.8089 -23.7037 1.62973 0 0 0 1 0
0.759077 0.5 -10.8476 -11.0185 5.45189 0 0 0 1 0
0.485809 0.6 -7.113 -4.64718 2.18076 0 0 0 1 0
0.586551 0.5 -28.5565 -27.3236 -6.3277 0 0 0 1 0
0.469241 0.6 -16.3616 -12.7689 1.06892 0 0 0 1 0
0.580188 0.5 -33.1808 -31.3845 -10.3724 0 0 0 1 0
0.464151 0.6 -12.8404 -11.8461 -44.349 0 0 0 1 0
0.578234 0.6 -31.4202 -30.923 26.6604 0 0 0 1 0
0.462587 0.6 -16.7815 -14.5995 5.26416 0 0 0 1 0
0.296056 0.6 -5.03711 -4.52195 -0.894334 0 0 0 1 0
0.189476 0.6 -3.90744 -1.36812 -13.5577 0 0 0 1 0
0.121264 0.6 -0.209535 0.178011 20.9769 0 0 0 1 0
0.0776092 0.5 2.02938 2.76758 1.19076 0 0 0 1 0
0.0496699 0.6 -1.41587 3.1695 -3.1237 0 0 0 1 0
0.0317887 0.6 -3.0728 2.03118 4.15052 0 0 0 1 0
0.0203448 0.7 1.73741 4.14059 -42.7398 0 0 0 1 0
0.0130207 0.7 -2.25629 2.51672 -22.4959 0 0 0 1 0
0.405 0.733333 -26.1281 -23.7416 30.0016 0 0 0 1 0
0.5944 0.8 -38.0641 -36.8708 23.4007 0 0 0 1 0
0.685312 0.7 -44.032 -43.4354 6.36026 0 0 0 1 0
0.54825 0.8 -23.4049 -19.4856 2.5441 0 0 0 1 0
0.35088 0.7 -14.8275 -6.50204 0.417642 0 0 0 1 0
0.534738 0.7 -32.4137 -28.251 -0.432943 0 0 0 1 0
0.42779 0.7 -12.9331 -10.1077 -14.5732 0 0 0 1 0
0.605339 0.6 1.25406 4.03708 -11.2293 0 0 0 1 0
0.387417 0.6 11.6564 7.13218 -27.2917 0 0 0 1 0
0.247947 0.633333 15.4711 10.6313 11.2833 0 0 0 1 0
0.158686 0.6 12.5432 9.64258 25.5133 0 0 0 1 0
0.476169 0.533333 14.3599 10.5031 -37.1947 0 0 0 1 0
0.304748 0.533333 10.2287 8.02933 36.7221 0 0 0 1 0
0.517023 0.6 -19.8856 -20.9853 9.88885 0 0 0 1 0
0.710214 0.566667 -2.08568 -7.77528 -41.0445 0 0 0 1 0
0.454537 0.6 5.57481 -2.18309 23.1822 0 0 0 1 0
