0.698646 0.633333 6.87725 -1.4657 -0.159542 -4 1 -4 0 0
0.698646 0.7 3.43863 -0.732851 -0.159542 -4 1 -4 0 0
0.698646 0.7 1.71931 -0.366426 -0.159542 -4 1 -4 0 0
0.698646 0.8 0.859656 -0.183213 -0.159542 -4 1 -4 0 0
0.698646 0.8 0.429828 -0.0916064 -0.159542 -4 1 -4 0 0
0.558917 0.9 0.214914 -0.0458032 -0.159542 -4 1 -4 0 0
0.558917 0.8 0.107457 -0.0229016 -0.159542 -4 1 -4 0 0
0.558917 0.8 0.0537285 -0.0114508 -0.159542 -4 1 -4 0 0
0.558917 0.8 0.0268643 -0.0057254 -0.159542 -4 1 -4 0 0
0.558917 0.8 0.0134321 -0.0028627 -0.159542 -4 1 -4 0 0
0.558917 0.8 0.00671607 -0.00143135 -0.159542 -4 1 -4 0 0
0.558917 0.8 0.00335803 -0.000715675 -0.159542 -4 1 -4 0 0
0.558917 0.8 0.00167902 -0.000357838 -0.159542 -4 1 -4 0 0
0.558917 0.9 0.000839508 -0.000178919 -0.159542 -4 1 -4 0 0
0.73535 0.9 5.85979 1.51506 -4.86382 -4 -1 -5 0 0
0.752968 0.8 15.4631 -0.273054 0.454473 -4 -1 -5 0 0
0.752968 0.8 7.73157 -0.136527 0.454473 -4 -1 -5 0 0
0.752968 0.8 3.86579 -0.0682635 0.454473 -4 -1 -5 0 0
0.481899 0.8 9.49638 4.13968 0.454473 -4 -1 -5 0 0
0.38552 0.7 5.95787 3.31984 0.454473 -4 -1 -5 0 0
0.38552 0.7 2.97893 1.65992 0.454473 -4 -1 -5 0 0
0.38552 0.7 1.48947 0.82996 0.454473 -4 -1 -5 0 0
0.38552 0.7 0.744734 0.41498 0.454473 -4 -1 -5 0 0
0.38552 0.8 0.372367 0.20749 0.454473 -4 -1 -5 0 0
0.38552 0.8 0.186183 0.103745 0.454473 -4 -1 -5 0 0
0.38552 0.8 0.0930917 0.0518725 0.454473 -4 -1 -5 0 0
0.308416 0.8 -10.891 3.59736 3.18179 -4 -1 -5 0 0
0.518432 0.8 -30.4455 -23.2013 3.67272 -4 -1 -5 0 0
0.518432 0.8 -15.2227 -11.6007 3.67272 -4 -1 -5 0 0
0.518432 0.8 -7.61137 -5.80033 3.67272 -4 -1 -5 0 0
0.518432 0.8 -3.80568 -2.90016 3.67272 -4 -1 -5 0 0
0.518432 0.8 -1.90284 -1.45008 3.67272 -4 -1 -5 0 0
0.518432 0.8 -0.951421 -0.725041 3.67272 -4 -1 -5 0 0
0.518432 0.8 -0.475711 -0.362521 3.67272 -4 -1 -5 0 0
0.518432 0.833333 -0.237855 -0.18126 3.67272 -4 -1 -5 0 0
0.518432 0.9 -0.118928 -0.0906301 3.67272 -4 -1 -5 0 0
0.518432 0.9 -0.0594638 -0.0453151 3.67272 -4 -1 -5 0 0
0.518432 0.9 -0.0297319 -0.0226575 3.67272 -4 -1 -5 0 0
0.518432 0.9 -0.014866 -0.0113288 3.67272 -4 -1 -5 0 0
0.518432 0.9 -0.00743298 -0.00566438 3.67272 -4 -1 -5 0 0
0.518432 0.9 -0.00371649 -0.00283219 3.67272 -4 -1 -5 0 0
0.518432 0.9 -0.00185824 -0.0014161 3.67272 -4 -1 -5 0 0
0.414745 0.9 -25.0009 -0.000708048 3.67272 -4 -1 -5 0 0
0.331796 0.8 -37.5005 0.861715 87.2691 -4 -1 -5 0 0
0.21235 0.8 -19.0053 5.50898 87.2691 -4 -1 -5 0 0
0.21235 0.7 -9.50267 2.75449 87.2691 -4 -1 -5 0 0
0.21235 0.7 -4.75133 1.37725 87.2691 -4 -1 -5 0 0
0.21235 0.7 -2.37567 0.688623 87.2691 -4 -1 -5 0 0
0.21235 0.7 -1.18783 0.344311 87.2691 -4 -1 -5 0 0
0.21235 0.7 -0.593917 0.172156 87.2691 -4 -1 -5 0 0
0.21235 0.8 -0.296958 0.0860779 87.2691 -4 -1 -5 0 0
0.21235 0.8 -0.148479 0.0430389 87.2691 -4 -1 -5 0 0
0.21235 0.9 -0.0742396 0.0215195 87.2691 -4 -1 -5 0 0
0.21235 0.9 -0.0371198 0.0107597 87.2691 -4 -1 -5 0 0
0.21235 0.9 -0.0185599 0.00537987 87.2691 -4 -1 -5 0 0
0.21235 0.9 -0.00927995 0.00268993 87.2691 -4 -1 -5 0 0
0.21235 0.9 -0.00463997 0.00134497 87.2691 -4 -1 -5 0 0
0.21235 0.9 -0.00231999 0.000672483 87.2691 -4 -1 -5 0 0
0.21235 0.9 -0.00115999 0.000336242 87.2691 -4 -1 -5 0 0
0.21235 0.9 -0.000579997 0.000168121 87.2691 -4 -1 -5 0 0
0.21235 0.9 -0.000289998 8.40604e-005 87.2691 -4 -1 -5 0 0
0.21235 0.9 -0.000144999 4.20302e-005 87.2691 -4 -1 -5 0 0
0.21235 0.8 -7.24996e-005 2.10151e-005 87.2691 -4 -1 -5 0 0
0.21235 0.8 -3.62498e-005 1.05076e-005 87.2691 -4 -1 -5 0 0
0.21235 0.8 -1.81249e-005 5.25378e-006 87.2691 -4 -1 -5 0 0
0.21235 0.8 -9.06245e-006 2.62689e-006 87.2691 -4 -1 -5 0 0
0.21235 0.8 -4.53122e-006 1.31344e-006 87.2691 -4 -1 -5 0 0
0.21235 0.8 -2.26561e-006 6.56722e-007 87.2691 -4 -1 -5 0 0
0.21235 0.8 -1.13281e-006 3.28361e-007 87.2691 -4 -1 -5 0 0
0.21235 0.9 -5.66403e-007 1.6418e-007 87.2691 -4 -1 -5 0 0
0.21235 0.9 -2.83202e-007 8.20902e-008 87.2691 -4 -1 -5 0 0
0.21235 0.9 -1.41601e-007 4.10451e-008 87.2691 -4 -1 -5 0 0
0.21235 0.9 -7.08004e-008 2.05226e-008 87.2691 -4 -1 -5 0 0
0.21235 0.9 -3.54002e-008 1.02613e-008 87.2691 -4 -1 -5 0 0
0.21235 0.9 -1.77001e-008 5.13064e-009 87.2691 -4 -1 -5 0 0
0.21235 0.9 -8.85005e-009 2.56532e-009 87.2691 -4 -1 -5 0 0
0.21235 0.9 -4.42502e-009 1.28266e-009 87.2691 -4 -1 -5 0 0
0.21235 0.9 -2.21251e-009 6.4133e-010 87.2691 -4 -1 -5 0 0
0.21235 0.9 -1.10626e-009 3.20665e-010 87.2691 -4 -1 -5 0 0
0.21235 0.9 -5.53128e-010 1.60332e-010 87.2691 -4 -1 -5 0 0
0.21235 0.9 -2.76564e-010 8.01662e-011 87.2691 -4 -1 -5 0 0
0.21235 0.9 -1.38282e-010 4.00831e-011 87.2691 -4 -1 -5 0 0
0.21235 0.9 -6.9141e-011 2.00416e-011 87.2691 -4 -1 -5 0 0
0.21235 0.9 -3.45705e-011 1.00208e-011 87.2691 -4 -1 -5 0 0
0.21235 0.9 -1.72853e-011 5.01039e-012 87.2691 -4 -1 -5 0 0
0.21235 0.9 -8.64263e-012 2.5052e-012 87.2691 -4 -1 -5 0 0
0.21235 0.9 -4.32131e-012 1.2526e-012 87.2691 -4 -1 -5 0 0
0.21235 0.9 -2.16066e-012 6.26299e-013 87.2691 -4 -1 -5 0 0
0.21235 0.9 -1.08033e-012 3.13149e-013 87.2691 -4 -1 -5 0 0
0.21235 0.9 -5.40164e-013 1.56575e-013 87.2691 -4 -1 -5 0 0
0.21235 0.9 -2.70082e-013 7.82873e-014 87.2691 -4 -1 -5 0 0
0.21235 0.9 -1.35041e-013 3.91437e-014 87.2691 -4 -1 -5 0 0
0.21235 0.9 -6.75205e-014 1.95718e-014 87.2691 -4 -1 -5 0 0
0.21235 0.9 -3.37603e-014 9.78592e-015 87.2691 -4 -1 -5 0 0
0.21235 0.9 -1.68801e-014 4.89296e-015 87.2691 -4 -1 -5 0 0
0.21235 0.9 -8.44006e-015 2.44648e-015 87.2691 -4 -1 -5 0 0
0.21235 0.9 -4.22003e-015 1.22324e-015 87.2691 -4 -1 -5 0 0
0.21235 0.9 -2.11002e-015 6.1162e-016 87.2691 -4 -1 -5 0 0
0.21235 0.9 -1.05501e-015 3.0581e-016 87.2691 -4 -1 -5 0 0
0.21235 0.9 -5.27504e-016 1.52905e-016 87.2691 -4 -1 -5 0 0
0.21235 0.9 -2.63752e-016 7.64525e-017 87.2691 -4 -1 -5 0 0
0.21235 0.9 -1.31876e-016 3.82262e-017 87.2691 -4 -1 -5 0 0
0.21235 0.9 -6.5938e-017 1.91131e-017 87.2691 -4 -1 -5 0 0
0.21235 0.9 -3.2969e-017 9.55656e-018 87.2691 -4 -1 -5 0 0
0.21235 0.9 -1.64845e-017 4.77828e-018 87.2691 -4 -1 -5 0 0
0.21235 0.9 -8.24225e-018 2.38914e-018 87.2691 -4 -1 -5 0 0
0.21235 0.9 -4.12112e-018 1.19457e-018 87.2691 -4 -1 -5 0 0
0.21235 0.9 -2.06056e-018 5.97285e-019 87.2691 -4 -1 -5 0 0
0.21235 0.9 -1.03028e-018 2.98643e-019 87.2691 -4 -1 -5 0 0
0.21235 0.9 -5.15141e-019 1.49321e-019 87.2691 -4 -1 -5 0 0
0.21235 0.8 -2.5757e-019 7.46606e-020 87.2691 -4 -1 -5 0 0
0.21235 0.8 -1.28785e-019 3.73303e-020 87.2691 -4 -1 -5 0 0
0.21235 0.8 -6.43926e-020 1.86652e-020 87.2691 -4 -1 -5 0 0
0.21235 0.8 -3.21963e-020 9.33258e-021 87.2691 -4 -1 -5 0 0
0.21235 0.8 -1.60981e-020 4.66629e-021 87.2691 -4 -1 -5 0 0
0.21235 0.8 -8.04907e-021 2.33314e-021 87.2691 -4 -1 -5 0 0
0.21235 0.8 -4.02454e-021 1.16657e-021 87.2691 -4 -1 -5 0 0
0.52741 0.9 -25 5.83286e-022 87.2691 -4 -1 -5 0 0
0.52741 0.8 -12.5 2.91643e-022 87.2691 -4 -1 -5 0 0
0.716446 0.8 -3.02419 1.45822e-022 87.2691 -4 -1 -5 0 0
0.716446 0.8 -1.5121 7.29108e-023 87.2691 -4 -1 -5 0 0
0.573157 0.8 2.87298 0.625 87.2691 -4 -1 -5 0 0
0.573157 0.766667 1.43649 0.3125 87.2691 -4 -1 -5 0 0
0.573157 0.766667 0.718246 0.15625 87.2691 -4 -1 -5 0 0
0.573157 0.766667 0.359123 0.078125 87.2691 -4 -1 -5 0 0
0.573157 0.866667 0.179561 0.0390625 87.2691 -4 -1 -5 0 0
0.573157 0.866667 0.0897807 0.0195312 87.2691 -4 -1 -5 0 0
0.573157 0.866667 0.0448904 0.00976562 87.2691 -4 -1 -5 0 0
0.573157 0.866667 0.0224452 0.00488281 87.2691 -4 -1 -5 0 0
0.458525 0.9 -24.9888 -24.9976 -61.6924 -4 -1 -5 0 0
0.36682 0.8 -12.4944 -12.4988 -61.6924 -4 -1 -5 0 0
0.36682 0.8 -6.24719 -6.24939 -61.6924 -4 -1 -5 0 0
0.36682 0.8 -3.1236 -3.12469 -61.6924 -4 -1 -5 0 0
0.36682 0.8 -1.5618 -1.56235 -61.6924 -4 -1 -5 0 0
0.36682 0.7 -0.780899 -0.781174 -61.6924 -4 -1 -5 0 0
0.293456 0.7 -4.95776 -0.390587 -61.6924 -4 -1 -5 0 0
0.293456 0.6 -2.47888 -0.195293 -61.6924 -4 -1 -5 0 0
0.293456 0.6 -1.23944 -0.0976467 -61.6924 -4 -1 -5 0 0
0.293456 0.7 -0.61972 -0.0488234 -61.6924 -4 -1 -5 0 0
0.293456 0.7 -0.30986 -0.0244117 -61.6924 -4 -1 -5 0 0
0.293456 0.666667 -0.15493 -0.0122058 -61.6924 -4 -1 -5 0 0
0.293456 0.7 -0.077465 -0.00610292 -61.6924 -4 -1 -5 0 0
0.293456 0.666667 -0.0387325 -0.00305146 -61.6924 -4 -1 -5 0 0
0.293456 0.766667 -0.0193662 -0.00152573 -61.6924 -4 -1 -5 0 0
0.293456 0.666667 -0.00968312 -0.000762865 -61.6924 -4 -1 -5 0 0
0.293456 0.666667 -0.00484156 -0.000381432 -61.6924 -4 -1 -5 0 0
0.293456 0.666667 -0.00242078 -0.000190716 -61.6924 -4 -1 -5 0 0
0.293456 0.6 -0.00121039 -9.53581e-005 -61.6924 -4 -1 -5 0 0
0.234765 0.6 -1.78632 -4.76791e-005 -61.6924 -4 -1 -5 0 0
0.234765 0.6 -0.89316 -2.38395e-005 -61.6924 -4 -1 -5 0 0
0.234765 0.6 -0.44658 -1.19198e-005 -61.6924 -4 -1 -5 0 0
0.234765 0.7 -0.22329 -5.95988e-006 -61.6924 -4 -1 -5 0 0
0.234765 0.7 -0.111645 -2.97994e-006 -61.6924 -4 -1 -5 0 0
0.234765 0.7 -0.0558225 -1.48997e-006 -61.6924 -4 -1 -5 0 0
0.234765 0.8 -0.0279112 -7.44985e-007 -61.6924 -4 -1 -5 0 0
0.234765 0.8 -0.0139556 -3.72493e-007 -61.6924 -4 -1 -5 0 0
0.234765 0.8 -0.00697781 -1.86246e-007 -61.6924 -4 -1 -5 0 0
0.234765 0.8 -0.00348891 -9.31232e-008 -61.6924 -4 -1 -5 0 0
0.234765 0.8 -0.00174445 -4.65616e-008 -61.6924 -4 -1 -5 0 0
0.234765 0.8 -0.000872226 -2.32808e-008 -61.6924 -4 -1 -5 0 0
0.187812 0.8 -25.0004 -1.16404e-008 -61.6924 -4 -1 -5 0 0
0.187812 0.7 -12.5002 -5.8202e-009 -61.6924 -4 -1 -5 0 0
0.187812 0.7 -6.25011 -2.9101e-009 -61.6924 -4 -1 -5 0 0
0.187812 0.7 -3.12505 -1.45505e-009 -61.6924 -4 -1 -5 0 0
0.187812 0.7 -1.56253 -7.27525e-010 -61.6924 -4 -1 -5 0 0
0.15025 0.7 11.1271 2.64959 -61.6924 -4 -1 -5 0 0
0.15025 0.6 5.56356 1.3248 -61.6924 -4 -1 -5 0 0
0.15025 0.6 2.78178 0.662398 -61.6924 -4 -1 -5 0 0
0.15025 0.6 1.39089 0.331199 -61.6924 -4 -1 -5 0 0
0.15025 0.6 0.695445 0.1656 -61.6924 -4 -1 -5 0 0
0.15025 0.6 0.347723 0.0827998 -61.6924 -4 -1 -5 0 0
0.15025 0.7 0.173861 0.0413999 -61.6924 -4 -1 -5 0 0
0.15025 0.7 0.0869306 0.0206999 -61.6924 -4 -1 -5 0 0
0.15025 0.8 0.0434653 0.01035 -61.6924 -4 -1 -5 0 0
0.15025 0.8 0.0217327 0.00517499 -61.6924 -4 -1 -5 0 0
0.15025 0.8 0.0108663 0.00258749 -61.6924 -4 -1 -5 0 0
0.15025 0.8 0.00543316 0.00129375 -61.6924 -4 -1 -5 0 0
0.15025 0.8 0.00271658 0.000646873 -61.6924 -4 -1 -5 0 0
0.15025 0.8 0.00135829 0.000323437 -61.6924 -4 -1 -5 0 0
0.15025 0.8 0.000679146 0.000161718 -61.6924 -4 -1 -5 0 0
0.15025 0.8 0.000339573 8.08592e-005 -61.6924 -4 -1 -5 0 0
0.15025 0.7 0.000169786 4.04296e-005 -61.6924 -4 -1 -5 0 0
0.15025 0.8 8.48932e-005 2.02148e-005 -61.6924 -4 -1 -5 0 0
0.15025 0.8 4.24466e-005 1.01074e-005 -61.6924 -4 -1 -5 0 0
0.15025 0.8 2.12233e-005 5.0537e-006 -61.6924 -4 -1 -5 0 0
0.15025 0.8 1.06117e-005 2.52685e-006 -61.6924 -4 -1 -5 0 0
0.15025 0.8 5.30583e-006 1.26342e-006 -61.6924 -4 -1 -5 0 0
0.15025 0.8 2.65291e-006 6.31712e-007 -61.6924 -4 -1 -5 0 0
0.15025 0.9 1.32646e-006 3.15856e-007 -61.6924 -4 -1 -5 0 0
0.15025 0.9 6.63228e-007 1.57928e-007 -61.6924 -4 -1 -5 0 0
0.1202 0.9 -25 7.8964e-008 -61.6924 -4 -1 -5 0 0
0.0961597 0.8 -37.5 3.9482e-008 -61.6924 -4 -1 -5 0 0
0.0769278 0.8 -43.75 1.9741e-008 -61.6924 -4 -1 -5 0 0
0.446157 0.8 -18.4639 9.8705e-009 -61.6924 -4 -1 -5 0 0
0.446157 0.766667 -9.23194 4.93525e-009 -61.6924 -4 -1 -5 0 0
0.446157 0.766667 -4.61597 2.46763e-009 -61.6924 -4 -1 -5 0 0
0.446157 0.766667 -2.30799 1.23381e-009 -61.6924 -4 -1 -5 0 0
0.446157 0.666667 -1.15399 6.16907e-010 -61.6924 -4 -1 -5 0 0
0.446157 0.766667 -0.576997 3.08453e-010 -61.6924 -4 -1 -5 0 0
0.446157 0.766667 -0.288498 1.54227e-010 -61.6924 -4 -1 -5 0 0
0.446157 0.766667 -0.144249 7.71133e-011 -61.6924 -4 -1 -5 0 0
0.446157 0.8 -0.0721246 3.85567e-011 -61.6924 -4 -1 -5 0 0
0.446157 0.8 -0.0360623 1.92783e-011 -61.6924 -4 -1 -5 0 0
0.446157 0.8 -0.0180311 9.63916e-012 -61.6924 -4 -1 -5 0 0
0.446157 0.9 -0.00901557 4.81958e-012 -61.6924 -4 -1 -5 0 0
0.446157 0.9 -0.00450779 2.40979e-012 -61.6924 -4 -1 -5 0 0
0.667694 0.9 11.2477 1.2049e-012 -61.6924 -4 -1 -5 0 0
0.667694 0.8 5.62387 6.02448e-013 -61.6924 -4 -1 -5 0 0
0.534155 0.8 4.93458 3.01224e-013 -61.6924 -4 -1 -5 0 0
0.427324 0.766667 6.27621 1.50612e-013 -61.6924 -4 -1 -5 0 0
0.427324 0.7 3.13811 7.5306e-014 -61.6924 -4 -1 -5 0 0
0.341859 0.7 9.15834 3.28947 -61.6924 -4 -1 -5 0 0
0.273488 0.6 17.3343 1.64474 -61.6924 -4 -1 -5 0 0
0.273488 0.6 8.66714 0.822368 -61.6924 -4 -1 -5 0 0
0.564093 0.7 6.1718 0.411184 -61.6924 -4 -1 -5 0 0
0.564093 0.7 3.0859 0.205592 -61.6924 -4 -1 -5 0 0
0.564093 0.7 1.54295 0.102796 -61.6924 -4 -1 -5 0 0
0.564093 0.8 0.771475 0.051398 -61.6924 -4 -1 -5 0 0
0.564093 0.8 0.385738 0.025699 -61.6924 -4 -1 -5 0 0
0.564093 0.866667 0.192869 0.0128495 -61.6924 -4 -1 -5 0 0
0.564093 0.9 0.0964344 0.00642475 -61.6924 -4 -1 -5 0 0
0.564093 0.9 0.0482172 0.00321238 -61.6924 -4 -1 -5 0 0
0.564093 0.9 0.0241086 0.00160619 -61.6924 -4 -1 -5 0 0
0.564093 0.9 0.0120543 0.000803094 -61.6924 -4 -1 -5 0 0
0.564093 0.9 0.00602715 0.000401547 -61.6924 -4 -1 -5 0 0
0.564093 0.9 0.00301358 0.000200774 -61.6924 -4 -1 -5 0 0
0.564093 0.9 0.00150679 0.000100387 -61.6924 -4 -1 -5 0 0
0.564093 0.9 0.000753394 5.01934e-005 -61.6924 -4 -1 -5 0 0
0.564093 0.9 0.000376697 2.50967e-005 -61.6924 -4 -1 -5 0 0
0.564093 0.9 0.000188348 1.25483e-005 -61.6924 -4 -1 -5 0 0
0.564093 0.9 9.41742e-005 6.27417e-006 -61.6924 -4 -1 -5 0 0
0.564093 0.9 4.70871e-005 3.13709e-006 -61.6924 -4 -1 -5 0 0
0.564093 0.9 2.35436e-005 1.56854e-006 -61.6924 -4 -1 -5 0 0
0.451274 0.9 -25 7.84272e-007 -61.6924 -4 -1 -5 0 0
0.451274 0.866667 -12.5 3.92136e-007 -61.6924 -4 -1 -5 0 0
0.451274 0.866667 -6.25 1.96068e-007 -61.6924 -4 -1 -5 0 0
0.451274 0.866667 -3.125 9.8034e-008 -61.6924 -4 -1 -5 0 0
0.451274 0.866667 -1.5625 4.9017e-008 -61.6924 -4 -1 -5 0 0
0.451274 0.866667 -0.78125 2.45085e-008 -61.6924 -4 -1 -5 0 0
0.451274 0.866667 -0.390625 1.22542e-008 -61.6924 -4 -1 -5 0 0
0.451274 0.866667 -0.195312 6.12712e-009 -61.6924 -4 -1 -5 0 0
0.361019 0.9 -3.5551 3.06356e-009 -61.6924 -4 -1 -5 0 0
0.361019 0.866667 -1.77755 1.53178e-009 -61.6924 -4 -1 -5 0 0
0.288815 0.866667 18.2439 7.6589e-010 -61.6924 -4 -1 -5 0 0
0.288815 0.866667 9.12194 3.82945e-010 -61.6924 -4 -1 -5 0 0
0.288815 0.866667 4.56097 1.91473e-010 -61.6924 -4 -1 -5 0 0
0.288815 0.866667 2.28048 9.57363e-011 -61.6924 -4 -1 -5 0 0
0.288815 0.866667 1.14024 4.78681e-011 -61.6924 -4 -1 -5 0 0
0.573289 0.866667 -24.4299 2.39341e-011 -61.6924 -4 -1 -5 0 0
0.573289 0.866667 -12.2149 1.1967e-011 -61.6924 -4 -1 -5 0 0
0.743974 0.866667 -31.1075 5.98352e-012 -61.6924 -4 -1 -5 0 0
0.595179 0.766667 -40.5537 2.99176e-012 -61.6924 -4 -1 -5 0 0
0.595179 0.766667 -20.2769 1.49588e-012 -61.6924 -4 -1 -5 0 0
0.595179 0.766667 -10.1384 7.4794e-013 -61.6924 -4 -1 -5 0 0
0.595179 0.766667 -5.06922 3.7397e-013 -61.6924 -4 -1 -5 0 0
0.476143 0.766667 -0.115254 2.5 -61.6924 -4 -1 -5 0 0
0.476143 0.7 -0.0576268 1.25 -61.6924 -4 -1 -5 0 0
0.380914 0.7 -25.0288 0.625 -61.6924 -4 -1 -5 0 0
0.380914 0.6 -12.5144 0.3125 -61.6924 -4 -1 -5 0 0
0.380914 0.7 -6.2572 0.15625 -61.6924 -4 -1 -5 0 0
0.380914 0.7 -3.1286 0.078125 -61.6924 -4 -1 -5 0 0
0.380914 0.7 -1.5643 0.0390625 -61.6924 -4 -1 -5 0 0
0.628549 0.7 1.15447 3.40495 -61.6924 -4 -1 -5 0 0
0.777129 0.7 -24.4228 1.70247 -61.6924 -4 -1 -5 0 0
0.866278 0.7 -10.3998 3.84037 -61.6924 -4 -1 -5 0 0
0.919766 0.8 -30.1999 1.92018 -61.6924 -4 -1 -5 0 0
0.919766 0.8 -15.0999 0.960092 -61.6924 -4 -1 -5 0 0
0.919766 0.8 -7.54997 0.480046 -61.6924 -4 -1 -5 0 0
0.919766 0.8 -3.77499 0.240023 -61.6924 -4 -1 -5 0 0
0.919766 0.8 -1.88749 0.120011 -61.6924 -4 -1 -5 0 0
0.919766 0.9 -0.943747 0.0600057 -61.6924 -4 -1 -5 0 0
0.919766 0.9 -0.471873 0.0300029 -61.6924 -4 -1 -5 0 0
0.95186 0.9 2.3396 0.0150014 -61.6924 -4 -1 -5 0 0
0.95186 0.8 1.1698 0.00750072 -61.6924 -4 -1 -5 0 0
0.95186 0.8 0.5849 0.00375036 -61.6924 -4 -1 -5 0 1
0.95186 0.8 0.29245 0.00187518 -61.6924 -4 -1 -5 0 1
0.95186 0.8 0.146225 0.00093759 -61.6924 -4 -1 -5 0 1
0.95186 0.8 0.0731125 0.000468795 -61.6924 -4 -1 -5 0 1
0.95186 0.8 0.0365563 0.000234397 -61.6924 -4 -1 -5 0 1
0.95186 0.8 0.0182781 0.000117199 -61.6924 -4 -1 -5 0 1
0.95186 0.9 0.00913906 5.85994e-005 -61.6924 -4 -1 -5 0 1
0.95186 0.9 0.00456953 2.92997e-005 -61.6924 -4 -1 -5 0 1
0.761488 0.9 -24.9977 1.46498e-005 -61.6924 -4 -1 -5 0 1
0.761488 0.8 -12.4989 7.32492e-006 -61.6924 -4 -1 -5 0 1
0.761488 0.8 -6.24943 3.66246e-006 -61.6924 -4 -1 -5 0 1
0.761488 0.8 -3.12471 1.83123e-006 -61.6924 -4 -1 -5 0 1
0.761488 0.8 -1.56236 9.15615e-007 -61.6924 -4 -1 -5 0 1
0.60919 0.8 -7.3288 4.01786 -14.4769 -4 -1 -5 0 1
0.60919 0.7 -3.6644 2.00893 -14.4769 -4 -1 -5 0 1
0.60919 0.7 -1.8322 1.00446 -14.4769 -4 -1 -5 0 1
0.60919 0.8 -0.9161 0.502232 -14.4769 -4 -1 -5 0 1
0.389882 0.8 -1.2035 0.78142 -2.79078 -4 -1 -5 0 1
0.549715 0.733333 -25.6017 -24.6093 -17.9163 -4 -1 -5 0 1
0.549715 0.7 -12.8009 -12.3046 -17.9163 -4 -1 -5 0 1
0.439772 0.7 -16.7401 -6.15232 -17.9163 -4 -1 -5 0 1
0.439772 0.7 -8.37007 -3.07616 -17.9163 -4 -1 -5 0 1
0.439772 0.7 -4.18503 -1.53808 -17.9163 -4 -1 -5 0 0
0.351817 0.7 -27.0925 -0.76904 -17.9163 -4 -1 -5 0 0
0.61109 0.6 -2.14055 -0.38452 -17.9163 -4 -1 -5 0 0
0.766654 0.6 9.40832 -0.19226 -17.9163 -4 -1 -5 0 0
0.766654 0.633333 4.70416 -0.09613 -17.9163 -4 -1 -5 0 0
0.766654 0.6 2.35208 -0.048065 -17.9163 -4 -1 -5 0 0
0.766654 0.533333 1.17604 -0.0240325 -17.9163 -4 -1 -5 0 0
0.766654 0.633333 0.58802 -0.0120163 -17.9163 -4 -1 -5 0 0
0.766654 0.533333 0.29401 -0.00600813 -17.9163 -4 -1 -5 0 0
0.766654 0.6 0.147005 -0.00300406 -17.9163 -4 -1 -5 0 0
0.766654 0.633333 0.0735025 -0.00150203 -17.9163 -4 -1 -5 0 0
0.766654 0.6 0.0367513 -0.000751016 -17.9163 -4 -1 -5 0 0
0.766654 0.6 0.0183756 -0.000375508 -17.9163 -4 -1 -5 0 0
0.766654 0.7 0.00918782 -0.000187754 -17.9163 -4 -1 -5 0 0
0.766654 0.7 0.00459391 -9.3877e-005 -17.9163 -4 -1 -5 0 0
0.766654 0.7 0.00229695 -4.69385e-005 -17.9163 -4 -1 -5 0 0
0.766654 0.8 0.00114848 -2.34692e-005 -17.9163 -4 -1 -5 0 0
0.766654 0.8 0.000574239 -1.17346e-005 -17.9163 -4 -1 -5 0 0
0.766654 0.9 0.000287119 -5.86731e-006 -17.9163 -4 -1 -5 0 0
0.766654 0.9 0.00014356 -2.93366e-006 -17.9163 -4 -1 -5 0 0
0.766654 0.9 7.17798e-005 -1.46683e-006 -17.9163 -4 -1 -5 0 0
0.766654 0.9 3.58899e-005 -7.33414e-007 -17.9163 -4 -1 -5 0 0
0.766654 0.9 1.7945e-005 -3.66707e-007 -17.9163 -4 -1 -5 0 0
0.766654 0.8 -6.89654 -1.83353e-007 -17.9163 -4 -1 -5 0 0
0.766654 0.8 -3.44827 -9.16767e-008 -17.9163 -4 -1 -5 0 0
0.766654 0.8 -1.72414 -4.58384e-008 -17.9163 -4 -1 -5 0 0
0.766654 0.8 -0.862068 -2.29192e-008 -17.9163 -4 -1 -5 0 0
0.613323 0.8 -0.431034 -1.14596e-008 -17.9163 -4 -1 -5 0 0
0.613323 0.7 -0.215517 -5.7298e-009 -17.9163 -4 -1 -5 0 0
0.613323 0.7 -0.107758 -2.8649e-009 -17.9163 -4 -1 -5 0 0
0.613323 0.7 -0.0538792 -1.43245e-009 -17.9163 -4 -1 -5 0 0
0.613323 0.8 -0.0269396 -7.16225e-010 -17.9163 -4 -1 -5 0 0
0.613323 0.8 -0.0134698 -3.58112e-010 -17.9163 -4 -1 -5 0 0
0.613323 0.8 -0.00673491 -1.79056e-010 -17.9163 -4 -1 -5 0 0
0.613323 0.8 -0.00336745 -8.95281e-011 -17.9163 -4 -1 -5 0 0
0.613323 0.9 -0.00168373 -4.4764e-011 -17.9163 -4 -1 -5 0 0
0.613323 0.8 -0.000841863 -2.2382e-011 -17.9163 -4 -1 -5 0 0
0.613323 0.8 -0.000420932 -1.1191e-011 -17.9163 -4 -1 -5 0 0
0.613323 0.8 -0.000210466 -5.5955e-012 -17.9163 -4 -1 -5 0 0
0.613323 0.8 -0.000105233 -2.79775e-012 -17.9163 -4 -1 -5 0 0
0.613323 0.8 -5.26164e-005 -1.39888e-012 -17.9163 -4 -1 -5 0 0
0.613323 0.8 -2.63082e-005 -6.99438e-013 -17.9163 -4 -1 -5 0 0
0.613323 0.8 -1.31541e-005 -3.49719e-013 -17.9163 -4 -1 -5 0 0
0.613323 0.9 -6.57706e-006 -1.7486e-013 -17.9163 -4 -1 -5 0 0
0.613323 0.9 -3.28853e-006 -8.74298e-014 -17.9163 -4 -1 -5 0 0
0.613323 0.9 -25 -4.37149e-014 -17.9163 -4 -1 -5 0 0
0.613323 0.8 -12.5 -2.18574e-014 -17.9163 -4 -1 -5 0 0
0.613323 0.8 -6.25 -1.09287e-014 -17.9163 -4 -1 -5 0 0
0.613323 0.8 -3.125 -5.46436e-015 -17.9163 -4 -1 -5 0 0
0.613323 0.8 -1.5625 -2.73218e-015 -17.9163 -4 -1 -5 0 0
0.613323 0.8 -0.78125 -1.36609e-015 -17.9163 -4 -1 -5 0 0
0.613323 0.8 -0.390625 -6.83045e-016 -17.9163 -4 -1 -5 0 0
0.613323 0.8 -0.195313 -3.41523e-016 -17.9163 -4 -1 -5 0 0
0.613323 0.9 -0.0976563 -1.70761e-016 -17.9163 -4 -1 -5 0 0
0.613323 0.9 -0.0488281 -8.53806e-017 -17.9163 -4 -1 -5 0 0
0.613323 0.9 -0.0244141 -4.26903e-017 -17.9163 -4 -1 -5 0 0
0.613323 0.9 -0.012207 -2.13452e-017 -17.9163 -4 -1 -5 0 0
0.490659 0.9 -25.0061 -1.06726e-017 -17.9163 -4 -1 -5 0 0
0.490659 0.833333 -12.5031 -5.33629e-018 -17.9163 -4 -1 -5 0 0
0.392527 0.833333 -31.2515 -2.66814e-018 -17.9163 -4 -1 -5 0 0
0.392527 0.733333 -15.6258 -1.33407e-018 -17.9163 -4 -1 -5 0 0
0.392527 0.733333 -7.81288 -6.67036e-019 -17.9163 -4 -1 -5 0 0
0.392527 0.733333 -3.90644 -3.33518e-019 -17.9163 -4 -1 -5 0 0
0.392527 0.733333 -1.95322 -1.66759e-019 -17.9163 -4 -1 -5 0 0
0.588413 0.733333 10.4398 -8.33795e-020 -17.9163 -4 -1 -5 0 0
0.588413 0.7 5.2199 -4.16898e-020 -17.9163 -4 -1 -5 0 0
0.588413 0.7 2.60995 -2.08449e-020 -17.9163 -4 -1 -5 0 0
0.588413 0.7 1.30497 -1.04224e-020 -17.9163 -4 -1 -5 0 0
0.588413 0.7 0.652487 -5.21122e-021 -17.9163 -4 -1 -5 0 0
0.588413 0.7 0.326244 -2.60561e-021 -17.9163 -4 -1 -5 0 0
0.588413 0.7 0.163122 -1.3028e-021 -17.9163 -4 -1 -5 0 0
0.588413 0.7 0.0815609 -6.51402e-022 -17.9163 -4 -1 -5 0 0
0.588413 0.8 0.0407805 -3.25701e-022 -17.9163 -4 -1 -5 0 0
0.588413 0.8 0.0203902 -1.62851e-022 -17.9163 -4 -1 -5 0 0
0.588413 0.9 0.0101951 -8.14253e-023 -17.9163 -4 -1 -5 0 0
0.588413 0.9 0.00509756 -4.07127e-023 -17.9163 -4 -1 -5 0 0
0.753048 0.8 -24.9975 -2.03563e-023 -17.9163 -4 -1 -5 0 0
0.753048 0.8 -12.4987 -1.01782e-023 -17.9163 -4 -1 -5 0 0
0.602438 0.8 7.33289 -5.08908e-024 -17.9163 -4 -1 -5 0 0
0.602438 0.7 3.66644 -2.54454e-024 -17.9163 -4 -1 -5 0 0
0.761463 0.7 -23.1668 -1.27227e-024 -17.9163 -4 -1 -5 0 0
0.761463 0.6 -11.5834 -6.36135e-025 -17.9163 -4 -1 -5 0 0
0.761463 0.6 -5.79169 -3.18068e-025 -17.9163 -4 -1 -5 0 0
0.856878 0.533333 4.52603 -1.59034e-025 -17.9163 -4 -1 -5 0 0
0.914127 0.6 13.3839 -7.95169e-026 -17.9163 -4 -1 -5 0 0
0.948476 0.5 16.2431 -3.97585e-026 -17.9163 -4 -1 -5 0 0
0.948476 0.6 8.12155 -1.98792e-026 -17.9163 -4 -1 -5 0 0
0.948476 0.6 4.06077 -9.93961e-027 -17.9163 -4 -1 -5 0 0
0.948476 0.7 2.03039 -4.96981e-027 -17.9163 -4 -1 -5 0 0
0.969086 0.6 11.5696 -2.4849e-027 -17.9163 -4 -1 -5 0 0
0.969086 0.6 5.78479 -1.24245e-027 -17.9163 -4 -1 -5 0 0
0.969086 0.7 2.8924 -6.21226e-028 -17.9163 -4 -1 -5 0 0
0.969086 0.7 1.4462 -3.10613e-028 -17.9163 -4 -1 -5 0 0
0.969086 0.8 0.723099 -1.55306e-028 -17.9163 -4 -1 -5 0 0
0.969086 0.8 0.36155 -7.76532e-029 -17.9163 -4 -1 -5 0 0
0.969086 0.8 0.180775 -3.88266e-029 -17.9163 -4 -1 -5 0 0
0.969086 0.8 0.0903874 -1.94133e-029 -17.9163 -4 -1 -5 0 0
0.969086 0.9 0.0451937 -9.70665e-030 -17.9163 -4 -1 -5 0 0
0.969086 0.8 0.0225968 -4.85333e-030 -17.9163 -4 -1 -5 0 0
0.969086 0.8 0.0112984 -2.42666e-030 -17.9163 -4 -1 -5 0 0
0.969086 0.8 0.00564921 -1.21333e-030 -17.9163 -4 -1 -5 0 0
0.969086 0.8 0.00282461 -6.06666e-031 -17.9163 -4 -1 -5 0 0
0.981451 0.8 -24.9986 -3.03333e-031 -17.9163 -4 -1 -5 0 0
0.988871 0.7 -1.08263 -1.51666e-031 -17.9163 -4 -1 -5 0 0
0.988871 0.7 -0.541313 -7.58332e-032 -17.9163 -4 -1 -5 0 0
0.988871 0.8 -0.270657 -3.79166e-032 -17.9163 -4 -1 -5 0 0
0.988871 0.8 -0.135328 -1.89583e-032 -17.9163 -4 -1 -5 0 0
0.988871 0.8 -0.0676642 -9.47915e-033 -17.9163 -4 -1 -5 0 0
0.988871 0.8 -0.0338321 -4.73958e-033 -17.9163 -4 -1 -5 0 0
0.988871 0.8 -0.016916 -2.36979e-033 -17.9163 -4 -1 -5 0 0
0.993322 0.8 -25.0085 -1.18489e-033 -17.9163 -4 -1 -5 0 0
0.995993 0.8 -2.9209 -5.92447e-034 -17.9163 -4 -1 -5 0 0
0.997596 0.8 10.4651 -2.96224e-034 -17.9163 -4 -1 -5 0 0
0.998558 0.7 14.8159 -1.48112e-034 -17.9163 -4 -1 -5 0 0
0.998558 0.7 7.40794 -7.40559e-035 -17.9163 -4 -1 -5 0 0
0.999135 0.666667 -21.296 -3.70279e-035 -17.9163 -4 -1 -5 0 0
0.999135 0.666667 -10.648 -1.8514e-035 -17.9163 -4 -1 -5 0 0
0.999135 0.633333 -5.32401 -9.25699e-036 -17.9163 -4 -1 -5 0 0
0.799308 0.733333 7.80957 -4.62849e-036 -17.9163 -4 -1 -5 0 0
0.799308 0.633333 3.90478 -2.31425e-036 -17.9163 -4 -1 -5 0 0
0.799308 0.666667 1.95239 -1.15712e-036 -17.9163 -4 -1 -5 0 0
0.879585 0.733333 -24.0238 -5.78562e-037 -17.9163 -4 -1 -5 0 0
0.879585 0.7 -12.0119 -2.89281e-037 -17.9163 -4 -1 -5 0 0
0.879585 0.7 -6.00595 -1.4464e-037 -17.9163 -4 -1 -5 0 0
0.927751 0.733333 -15.503 -7.23202e-038 -17.9163 -4 -1 -5 0 0
0.927751 0.733333 -7.75149 -3.61601e-038 -17.9163 -4 -1 -5 0 0
0.927751 0.833333 -3.87574 -1.80801e-038 -17.9163 -4 -1 -5 0 0
0.927751 0.733333 -1.93787 -9.04003e-039 -17.9163 -4 -1 -5 0 0
0.742201 0.733333 -25.9689 -6.39741 6.03348 -24 17 -46 0 0
0.742201 0.7 -12.9845 -3.1987 6.03348 -24 17 -46 0 0
0.59376 0.7 -6.49223 -1.59935 6.03348 -24 17 -46 0 0
0.475008 0.6 -28.2461 -0.799676 6.03348 -24 17 -46 0 0
0.475008 0.6 -14.1231 -0.399838 6.03348 -24 17 -46 0 0
0.475008 0.5 -7.06153 -0.199919 6.03348 -24 17 -46 0 0
0.475008 0.6 -3.53076 -0.0999595 6.03348 -24 17 -46 0 0
0.475008 0.6 -1.76538 -0.0499797 6.03348 -24 17 -46 0 0
0.475008 0.7 -0.882691 -0.0249899 6.03348 -24 17 -46 0 0
0.475008 0.7 -0.441346 -0.0124949 6.03348 -24 17 -46 0 0
0.475008 0.8 -0.220673 -0.00624747 6.03348 -24 17 -46 0 0
0.475008 0.8 -0.110336 -0.00312373 6.03348 -24 17 -46 0 0
0.475008 0.9 -0.0551682 -0.00156187 6.03348 -24 17 -46 0 0
0.475008 0.9 -0.0275841 -0.000780933 6.03348 -24 17 -46 0 0
0.475008 0.9 -0.013792 -0.000390467 6.03348 -24 17 -46 0 0
0.475008 0.9 -0.00689602 -0.000195233 6.03348 -24 17 -46 0 0
0.475008 0.9 -0.00344801 -9.76167e-005 6.03348 -24 17 -46 0 0
0.475008 0.9 -0.00172401 -4.88083e-005 6.03348 -24 17 -46 0 0
0.475008 0.9 -0.000862003 -2.44042e-005 6.03348 -24 17 -46 0 0
0.685005 0.9 -25.0004 -1.22021e-005 6.03348 -24 17 -46 0 0
0.811003 0.8 -37.5002 -6.10104e-006 6.03348 -24 17 -46 0 0
0.811003 0.8 -18.7501 -3.05052e-006 6.03348 -24 17 -46 0 0
0.811003 0.8 -9.37505 -1.52526e-006 6.03348 -24 17 -46 0 0
0.811003 0.8 -4.68753 -7.6263e-007 6.03348 -24 17 -46 0 0
0.811003 0.7 -2.34376 -3.81315e-007 6.03348 -24 17 -46 0 0
0.811003 0.7 -1.17188 -1.90658e-007 6.03348 -24 17 -46 0 0
0.811003 0.6 -11.3814 1.91116 6.03348 -24 17 -46 0 0
0.648802 0.6 -5.6907 0.955578 6.03348 -24 17 -46 0 0
0.648802 0.6 -2.84535 0.477789 6.03348 -24 17 -46 0 0
0.648802 0.6 -1.42267 0.238895 6.03348 -24 17 -46 0 0
0.648802 0.6 -0.711337 0.119447 6.03348 -24 17 -46 0 0
0.648802 0.7 -0.355669 0.0597236 6.03348 -24 17 -46 0 0
0.648802 0.6 -15.619 2.87077 6.03348 -24 17 -46 0 0
0.648802 0.7 -7.80951 1.43539 6.03348 -24 17 -46 0 0
0.648802 0.7 -3.90475 0.717693 6.03348 -24 17 -46 0 0
0.648802 0.7 -1.95238 0.358846 6.03348 -24 17 -46 0 0
0.648802 0.8 -0.976188 0.179423 6.03348 -24 17 -46 0 0
0.519042 0.8 -0.488094 0.0897116 6.03348 -24 17 -46 0 0
0.519042 0.766667 -0.244047 0.0448558 6.03348 -24 17 -46 0 0
0.519042 0.7 -0.122024 0.0224279 6.03348 -24 17 -46 0 0
0.519042 0.8 -0.0610118 0.0112139 6.03348 -24 17 -46 0 0
0.519042 0.7 -0.0305059 0.00560697 6.03348 -24 17 -46 0 0
0.519042 0.7 -0.0152529 0.00280349 6.03348 -24 17 -46 0 0
0.519042 0.7 -0.00762647 0.00140174 6.03348 -24 17 -46 0 0
0.519042 0.7 -0.00381324 0.000700872 6.03348 -24 17 -46 0 0
0.519042 0.6 -0.00190662 0.000350436 6.03348 -24 17 -46 0 0
0.519042 0.7 -0.000953309 0.000175218 6.03348 -24 17 -46 0 0
0.519042 0.6 -0.000476654 8.7609e-005 6.03348 -24 17 -46 0 0
0.519042 0.6 -0.000238327 4.38045e-005 6.03348 -24 17 -46 0 0
0.519042 0.7 -0.000119164 2.19022e-005 6.03348 -24 17 -46 0 0
0.519042 0.6 -5.95818e-005 1.09511e-005 6.03348 -24 17 -46 0 0
0.519042 0.6 -2.97909e-005 5.47556e-006 6.03348 -24 17 -46 0 0
0.519042 0.6 -1.48954e-005 2.73778e-006 6.03348 -24 17 -46 0 0
0.519042 0.7 -7.44772e-006 1.36889e-006 6.03348 -24 17 -46 0 0
0.519042 0.7 -3.72386e-006 6.84445e-007 6.03348 -24 17 -46 0 0
0.519042 0.8 -1.86193e-006 3.42223e-007 6.03348 -24 17 -46 0 0
0.519042 0.8 -16.1506 1.71111e-007 6.03348 -24 17 -46 0 0
0.415234 0.866667 -8.07529 8.55556e-008 6.03348 -24 17 -46 0 0
0.415234 0.8 -4.03765 4.27778e-008 6.03348 -24 17 -46 0 0
0.415234 0.8 -2.01882 2.13889e-008 6.03348 -24 17 -46 0 0
0.415234 0.7 -1.00941 1.06945e-008 6.03348 -24 17 -46 0 0
0.415234 0.7 -0.504706 5.34723e-009 6.03348 -24 17 -46 0 0
0.415234 0.6 -0.252353 2.67361e-009 6.03348 -24 17 -46 0 0
0.332187 0.6 8.76917 1.33681e-009 6.03348 -24 17 -46 0 0
0.332187 0.5 4.38459 6.68403e-010 6.03348 -24 17 -46 0 0
0.332187 0.6 2.19229 3.34202e-010 6.03348 -24 17 -46 0 0
0.332187 0.6 1.09615 1.67101e-010 6.03348 -24 17 -46 0 0
0.332187 0.7 0.548073 8.35504e-011 6.03348 -24 17 -46 0 0
0.332187 0.7 0.274037 4.17752e-011 6.03348 -24 17 -46 0 0
0.332187 0.8 0.137018 2.08876e-011 6.03348 -24 17 -46 0 0
0.332187 0.8 0.0685092 1.04438e-011 6.03348 -24 17 -46 0 0
0.332187 0.9 0.0342546 5.2219e-012 6.03348 -24 17 -46 0 0
0.332187 0.9 0.0171273 2.61095e-012 6.03348 -24 17 -46 0 0
0.332187 0.866667 0.00856364 1.30548e-012 6.03348 -24 17 -46 0 0
0.332187 0.866667 0.00428182 6.52738e-013 6.03348 -24 17 -46 0 0
0.332187 0.866667 0.00214091 3.26369e-013 6.03348 -24 17 -46 0 0
0.332187 0.866667 0.00107046 1.63184e-013 6.03348 -24 17 -46 0 0
0.332187 0.866667 0.000535228 8.15922e-014 6.03348 -24 17 -46 0 0
0.599312 0.866667 -24.9997 4.07961e-014 6.03348 -24 17 -46 0 0
0.599312 0.766667 -12.4999 2.03981e-014 6.03348 -24 17 -46 0 0
0.759587 0.8 4.04418 1.0199e-014 6.03348 -24 17 -46 0 0
0.759587 0.8 2.02209 5.09951e-015 6.03348 -24 17 -46 0 0
0.855752 0.8 -23.989 2.54976e-015 6.03348 -24 17 -46 0 0
0.855752 0.7 -11.9945 1.27488e-015 6.03348 -24 17 -46 0 0
0.855752 0.7 -5.99724 6.37439e-016 6.03348 -24 17 -46 0 0
0.855752 0.6 -2.99862 3.1872e-016 6.03348 -24 17 -46 0 0
0.855752 0.7 -1.49931 1.5936e-016 6.03348 -24 17 -46 0 0
0.855752 0.7 -0.749655 7.96799e-017 6.03348 -24 17 -46 0 0
0.855752 0.7 -0.374827 3.98399e-017 6.03348 -24 17 -46 0 0
0.855752 0.7 -0.187414 1.992e-017 6.03348 -24 17 -46 0 0
0.855752 0.8 -0.0937069 9.95999e-018 6.03348 -24 17 -46 0 0
0.855752 0.8 -0.0468534 4.97999e-018 6.03348 -24 17 -46 0 0
0.855752 0.9 -0.0234267 2.49e-018 6.03348 -24 17 -46 0 0
0.855752 0.9 -0.0117134 1.245e-018 6.03348 -24 17 -46 0 0
0.855752 0.9 -0.00585668 6.22499e-019 6.03348 -24 17 -46 0 0
0.855752 0.9 -0.00292834 3.1125e-019 6.03348 -24 17 -46 0 0
0.855752 0.9 -0.00146417 1.55625e-019 6.03348 -24 17 -46 0 0
0.855752 0.9 -0.000732085 7.78124e-020 6.03348 -24 17 -46 0 0
0.855752 0.9 -0.000366042 3.89062e-020 6.03348 -24 17 -46 0 0
0.855752 0.9 -0.000183021 1.94531e-020 6.03348 -24 17 -46 0 0
0.855752 0.8 -9.15106e-005 9.72655e-021 6.03348 -24 17 -46 0 0
0.855752 0.8 -4.57553e-005 4.86328e-021 6.03348 -24 17 -46 0 0
0.855752 0.8 -2.28776e-005 2.43164e-021 6.03348 -24 17 -46 0 0
0.855752 0.7 -1.14388e-005 1.21582e-021 6.03348 -24 17 -46 0 0
0.855752 0.7 -5.71941e-006 6.07909e-022 6.03348 -24 17 -46 0 0
0.913451 0.6 -25 3.03955e-022 6.03348 -24 17 -46 0 0
0.913451 0.6 -12.5 1.51977e-022 6.03348 -24 17 -46 0 0
0.913451 0.7 -6.25 7.59887e-023 6.03348 -24 17 -46 0 0
0.730761 0.7 -28.125 3.79943e-023 6.03348 -24 17 -46 0 0
0.584609 0.6 -2.98765 1.89972e-023 6.03348 -24 17 -46 0 0
0.584609 0.7 -1.49382 9.49858e-024 6.03348 -24 17 -46 0 0
0.584609 0.7 -0.746912 4.74929e-024 6.03348 -24 17 -46 0 0
0.584609 0.7 -0.373456 2.37465e-024 6.03348 -24 17 -46 0 0
0.584609 0.8 -0.186728 1.18732e-024 6.03348 -24 17 -46 0 0
0.584609 0.8 -0.093364 5.93662e-025 6.03348 -24 17 -46 0 0
0.584609 0.8 -0.046682 2.96831e-025 6.03348 -24 17 -46 0 0
0.584609 0.833333 -0.023341 1.48415e-025 6.03348 -24 17 -46 0 0
0.584609 0.9 -0.0116705 7.42077e-026 6.03348 -24 17 -46 0 0
0.584609 0.9 -0.00583525 3.71038e-026 6.03348 -24 17 -46 0 0
0.584609 0.9 -0.00291763 1.85519e-026 6.03348 -24 17 -46 0 0
0.584609 0.8 -0.00145881 9.27596e-027 6.03348 -24 17 -46 0 0
0.584609 0.8 -0.000729406 4.63798e-027 6.03348 -24 17 -46 0 0
0.584609 0.8 -0.000364703 2.31899e-027 6.03348 -24 17 -46 0 0
0.584609 0.8 -0.000182352 1.1595e-027 6.03348 -24 17 -46 0 0
0.584609 0.8 -9.11758e-005 5.79748e-028 6.03348 -24 17 -46 0 0
0.584609 0.8 -4.55879e-005 2.89874e-028 6.03348 -24 17 -46 0 0
0.584609 0.8 -2.2794e-005 1.44937e-028 6.03348 -24 17 -46 0 0
0.584609 0.9 -1.1397e-005 7.24684e-029 6.03348 -24 17 -46 0 0
0.584609 0.9 -5.69849e-006 3.62342e-029 6.03348 -24 17 -46 0 0
0.584609 0.8 -2.84924e-006 1.81171e-029 6.03348 -24 17 -46 0 0
0.584609 0.8 -1.42462e-006 9.05856e-030 6.03348 -24 17 -46 0 0
0.584609 0.8 -7.12311e-007 4.52928e-030 6.03348 -24 17 -46 0 0
0.584609 0.8 -3.56155e-007 2.26464e-030 6.03348 -24 17 -46 0 0
0.584609 0.8 -1.78078e-007 1.13232e-030 6.03348 -24 17 -46 0 0
0.584609 0.8 -8.90389e-008 5.6616e-031 6.03348 -24 17 -46 0 0
0.584609 0.7 -4.45194e-008 2.8308e-031 6.03348 -24 17 -46 0 0
0.584609 0.8 -2.22597e-008 1.4154e-031 6.03348 -24 17 -46 0 0
0.584609 0.8 -1.11299e-008 7.077e-032 6.03348 -24 17 -46 0 0
0.584609 0.8 -5.56493e-009 3.5385e-032 6.03348 -24 17 -46 0 0
0.584609 0.7 -2.78246e-009 1.76925e-032 6.03348 -24 17 -46 0 0
0.750765 0.7 -25 8.84625e-033 6.03348 -24 17 -46 0 0
0.750765 0.6 -12.5 4.42312e-033 6.03348 -24 17 -46 0 0
0.750765 0.7 -6.25 2.21156e-033 6.03348 -24 17 -46 0 0
0.750765 0.7 -3.125 1.10578e-033 6.03348 -24 17 -46 0 0
0.750765 0.7 -1.5625 5.5289e-034 6.03348 -24 17 -46 0 0
0.600612 0.7 -25.7813 2.76445e-034 6.03348 -24 17 -46 0 0
0.600612 0.7 -12.8906 1.38223e-034 6.03348 -24 17 -46 0 0
0.600612 0.7 -6.44531 6.91113e-035 6.03348 -24 17 -46 0 0
0.600612 0.766667 -3.22266 3.45556e-035 6.03348 -24 17 -46 0 0
0.600612 0.8 -1.61133 1.72778e-035 6.03348 -24 17 -46 0 0
0.600612 0.8 -0.805664 8.63891e-036 6.03348 -24 17 -46 0 0
0.600612 0.8 -0.402832 4.31946e-036 6.03348 -24 17 -46 0 0
0.600612 0.8 -0.201416 2.15973e-036 6.03348 -24 17 -46 0 0
0.600612 0.8 -0.100708 1.07986e-036 6.03348 -24 17 -46 0 0
0.600612 0.9 -0.050354 5.39932e-037 6.03348 -24 17 -46 0 0
0.600612 0.9 -0.025177 2.69966e-037 6.03348 -24 17 -46 0 0
0.600612 0.9 -0.0125885 1.34983e-037 6.03348 -24 17 -46 0 0
0.600612 0.9 -0.00629425 6.74915e-038 6.03348 -24 17 -46 0 0
0.600612 0.9 -0.00314713 3.37457e-038 6.03348 -24 17 -46 0 0
0.600612 0.9 -0.00157356 1.68729e-038 6.03348 -24 17 -46 0 0
0.600612 0.9 -0.000786781 8.43644e-039 6.03348 -24 17 -46 0 0
0.600612 0.9 -0.000393391 4.21822e-039 6.03348 -24 17 -46 0 0
