788 8 2
0 0 0.0661111 0 0.0757282 0 0 0 0 0
0.64 0 0.0859444 0 0.0828047 0.00333333 0.00333333 0.006 0 0
0.7072 0 0.0918944 0 0.0828047 0.00266667 0.00266667 0.00213333 0 0
0.56576 0 0.0859017 0 0.0722139 0.0088 0.00546667 0.01104 0 0
0.362086 0 0.0685483 0 0.0679234 0.04704 0.0177067 0.060832 0 0
0.231735 0 0.0730645 0 0.079081 0.0442987 0.0174987 0.0206656 0 0
0.148311 0 0.0447454 0 0.0973074 0.0421056 0.0173323 0.0205325 0 0
0.0949188 0 0.0692747 0 0.170154 0.0336845 0.0138658 0.0110927 0 0
0.060748 0 0.0711111 0 0.171725 0.0336143 0.014426 0.0182075 0 0
0.0388787 0 0.073461 0 0.219989 0.0268914 0.0115408 0.00923263 0 0
0.0248824 0.7 0.0464006 0 0.182771 0.0215131 0.00923263 0.0073861 0 0
0.0159247 0.7 0.000458655 0 0.219589 0.0805438 -0.0026139 -0.105424 0 0
0.0101918 0.6 -0.0136782 0 0.235552 0.124435 -0.00875778 -0.0903396 0 0
0.00652277 0.5 -0.0179192 0 0.256862 0.179548 -0.0203396 -0.0829383 0 0
0.402505 0.5 -0.0191916 0 0.300164 0.183638 -0.0162716 -0.0963506 0 0
0.641503 0.6 -0.0573952 0 0.326208 0.186911 -0.0163507 -0.0797472 0 0
0.410562 0.7 0.0334393 0 0.340484 0.189529 -0.0164139 -0.0831311 0 0
0.59707 0.8 0.024221 0 0.359887 0.10829 -0.0197977 0.0308285 0 0
0.382125 0.6 0.0655996 0 0.343332 0.123298 -0.0191715 -0.0586706 0 0
0.24456 0.5 0.0427062 0 0.330361 0.145305 -0.0186706 -0.0416031 0 0
0.156518 0.6 0.0312329 0 0.326225 0.182911 -0.0216031 -0.0239492 0 0
0.100172 0.6 0.0613969 0 0.31777 0.186329 -0.0206158 -0.0431593 0 0
0.0641099 0.7 0.0276296 0 0.344883 0.23573 -0.019826 -0.00252746 0 0
0.430773 0.8 -0.0320957 0 0.311803 0.251917 -0.0191941 -0.0153553 0 0
0.275695 0.6 0.0234794 0 0.282776 0.2482 -0.0186886 -0.0449509 0 0
0.176445 0.5 0.0496114 0 0.326221 0.28856 -0.0216176 -0.00396073 0 0
0.112924 0.4 0.0102782 0 0.359041 0.277515 -0.0206274 -0.0431686 0 0
0.0722717 0.4 -0.0489436 0 0.432199 0.315345 -0.0231686 -0.00520153 0 0
0.0462539 0.4 -0.0117051 0 0.420927 0.348943 -0.0252015 -0.00682789 0 0
0.0296025 0.3 0.0499607 0 0.382075 0.375821 -0.0234946 -0.00546231 0 0
0.0189456 0.2 -0.0298836 0 0.332871 0.39399 -0.032129 -0.0123698 0 0
0.0121252 0.3 0.0232718 0 0.331603 0.415192 -0.0290365 0.0134375 0 0
0.643492 0.1 0.0392184 0 0.295012 0.415487 -0.0265625 -0.00458337 0 0
0.871657 0.1 0.0440024 0 0.263982 0.419056 -0.0279167 -0.0056667 0 0
0.697326 0.2 0.0454375 0 0.238963 0.438578 -0.0256667 0.0128 0 0
0.446288 0.3 0.0869646 0 0.261593 0.454196 -0.0238667 0.0175733 0 0
0.285625 0.4 0.118431 0 0.27824 0.463357 -0.0224267 0.0187253 0 0
0.1828 0.5 0.0700689 0 0.317407 0.480685 -0.0212747 0.0363136 0 0
0.116992 0.6 0.154893 0 0.336684 0.481215 -0.0103531 0.0617175 0 0
0.0748748 0.7 0.166738 0 0.300333 0.491639 -0.0016158 0.0620407 0 0
0.0479199 0.7 0.0567522 0 0.266737 0.503311 -0.00129264 0.0589659 0 0
0.0306687 0.8 0.340962 0 0.300714 0.505982 -0.00436744 0.0331727 0 0
0.019628 0.9 0.181834 0 0.349432 0.498119 0.0331727 0.146538 0 0
0.407537 1 0.134096 0 0.362879 0.491829 0.0265382 0.0578972 0 0
0.644522 0.8 -0.0540021 0 0.31316 0.483463 0.0212305 0.0536511 0 0
0.412494 0.9 0.00379938 0 0.273754 0.453437 0.0169844 0.0335875 0 1
0.263996 0.8 -0.0236135 0 0.295715 0.446083 0.0102542 0.02487 0 1
0.526718 0.7 -0.00235431 0 0.299317 0.443533 0.04487 0.155896 0 1
0.3371 0.7 -0.0212945 0 0.31513 0.43816 0.035896 0.0487168 0 1
0.215744 0.7 0.0306003 0 0.3192 0.423861 0.0320502 0.0323068 0 1
0.138076 0.7 0.0257307 0 0.327085 0.435756 0.0223068 0.0345121 0 1
0.0883687 0.7 0.0174414 0 0.328334 0.435271 0.0145121 0.0282763 0 0
0.433934 0.6 0.0149546 0 0.330641 0.414884 0.0116097 0.0226211 0 0
0.347147 0.5 0.032118 0 0.326851 0.398573 0.00595441 0.00809686 0 0
0.222174 0.4 0.0280564 0 0.287287 0.258859 0.00143019 -0.00552251 0 0
0.142191 0.3 0.0222327 0 0.253206 0.267087 -0.00218918 0.00491532 0 0
0.0910024 0.4 0.0895646 0 0.313257 0.260336 -0.00508468 -0.00406774 0 0
0.443681 0.5 0.106036 0 0.277272 0.258269 -0.000734407 -0.00392086 0 0
0.283956 0.3 0.0407852 0 0.31099 0.263282 -0.000587525 0.0161966 0 0
0.181732 0.3 0.103902 0 0.282938 0.270626 -0.00047002 0.00295732 0 0
0.116308 0.3 0.0758929 0 0.251042 0.263167 -0.00370935 -0.0196341 0 0
0.0744374 0.3 0.0256057 0 0.224502 0.220534 -0.00296748 -0.0357073 0 0
0.428584 0.4 0.0105195 0 0.211062 0.203094 0.00095935 -0.0292325 0 0
0.342867 0.5 0.0638252 0 0.201986 0.192475 0.00076748 -0.0360527 0 0
0.219435 0.6 0.0641476 0 0.19453 0.180647 0.00394732 -0.0468421 0 0
0.140438 0.7 0.0560864 0 0.187994 0.171184 0.00315785 -0.0374737 0 0
0.0898806 0.8 -0.0200162 0 0.267062 0.166947 -0.00080705 -0.0206456 0 0
0.434514 0.9 -0.042847 0 0.241078 0.166891 -0.00064564 -0.0305165 0 0
0.347611 1 -0.0173413 0 0.319053 0.133513 -0.000516512 0.0229201 0 0
0.222471 1 0.00377198 0 0.2853 0.123477 0.00292012 -0.0343306 0 0
0.485429 0.9 0.010106 0 0.343494 0.0954482 0.0023361 0.0285355 0 0
0.388343 1 0.0266804 0 0.405133 0.0896919 0.00520221 -0.0391716 0 0
0.24854 0.8 0.0313374 0 0.469161 0.0884202 0.0074951 -0.0406706 0 0
0.159065 0.7 0.0774568 0 0.482281 0.0874028 0.00932942 -0.0492031 0 0
0.101802 0.6 0.037596 0 0.486383 0.0899223 0.0107969 -0.0480292 0 0
0.0651532 0.5 0.00283581 0 0.418652 0.0552711 0.00863749 0.0535767 0 0
0.041698 0.5 0.0345046 0 0.364636 0.0675502 0.00690999 -0.0378053 0 0
0.0266867 0.5 0.0440052 0 0.465622 0.0773735 0.00886133 -0.0362443 0 0
0.0170795 0.3 0.0468554 0 0.405647 0.0618988 0.00708906 0.0490046 0 0
0.0109309 0.4 0.0207874 0 0.510564 0.0761857 0.00567125 -0.035463 0 0
0.405247 0.5 0.0417092 0 0.430309 0.0742819 0.00787033 -0.0403704 0 0
0.259358 0.4 0.0479857 0 0.362124 0.0827589 0.0096296 -0.038963 0 0
0.165989 0.5 0.0498687 0 0.303033 0.0562071 0.011037 0.0721629 0 0
0.106233 0.5 0.0447902 0 0.302426 0.0516323 0.0121629 0.016397 0 0
0.440793 0.6 0.0432666 0 0.262166 0.0479725 0.0130637 0.0171176 0 0
0.352635 0.7 -0.000177902 0 0.340844 0.0317114 0.0137843 0.0610274 0 0
0.569265 0.8 0.0485577 0 0.362515 0.0120358 0.0143608 0.0681553 0 0
0.364329 0.8 0.0684135 0 0.401487 0.0196286 0.0114886 -0.0274758 0 0
0.233171 0.5 0.0833446 0 0.499428 0.0257029 0.0125242 -0.0299806 0 0
0.149229 0.6 0.0478295 0 0.424401 0.027229 0.0133527 0.0173488 0 0
0.0955068 0.7 0.0726822 0 0.511564 0.0317832 0.0140155 -0.0387876 0 0
0.0611243 0.8 0.0816731 0 0.58099 0.0420932 0.0145457 -0.0350301 0 0
0.0391196 0.6 0.0903139 0 0.634685 0.0136746 0.0116366 0.0459759 0 0
0.0250365 0.5 0.0178836 0 0.682748 0.0309397 0.00930927 -0.0192193 0 0
0.0160234 0.4 0.0606282 0 0.701389 0.0580851 0.0107807 -0.0413754 0 0
0.010255 0.3 0.0642411 0 0.741331 0.0598014 0.0119579 -0.033767 0 0
0.00656318 0.2 0.0776057 0 0.683673 0.0345078 0.00956635 0.0543197 0 0
0.40315 0.3 0.16451 0 0.633536 0.0442729 0.0109864 -0.0412109 0 0
0.593512 0.4 0.0224299 0 0.602735 0.0254183 0.00545579 0.0410313 0 0
0.379848 0.4 0.0650623 0 0.577426 0.0403346 0.00769797 -0.057175 0 0
0.582327 0.2 0.0195187 0 0.650313 0.00226771 0.00282504 0.0389267 0 0
0.679517 0.2 0.0380924 0 0.599796 0.0284808 0.00226003 -0.058192 0 0
0.726168 0.2 0.0514277 0 0.648726 0.0194513 -0.00152531 0.0687798 0 0
0.748561 0.2 0.116744 0 0.606939 -0.0144389 -0.00788691 0.0503571 0 0
0.759309 0.2 0.188148 0 0.563901 -0.0348845 -0.0129762 0.049619 0 0
0.764468 0.2 0.143944 0 0.482049 -0.0445742 -0.010381 0.0550286 0 0
0.860167 0.3 0.130683 0 0.401883 -0.0389927 -0.0116381 0.0540229 0 0
0.9161 0.3 0.156455 0 0.343955 -0.0511942 -0.0126438 0.0465516 0 0
0.586304 0.3 0.180979 0 0.373594 -0.0642887 -0.0167817 0.0432413 0 0
0.375235 0.2 0.143655 0 0.355419 -0.0680976 -0.0167587 0.046593 0 0
0.24015 0.3 0.110404 0 0.452291 -0.0378114 -0.0100736 -0.0747256 0 0
0.515272 0.4 0.0420957 0 0.42059 -0.0469158 -0.0113922 0.0475529 0 0
0.647331 0.3 0.0951759 0 0.444409 -0.060866 -0.0124471 0.046709 0 0
0.710719 0.3 -0.0028575 0 0.510821 -0.0553594 -0.0099577 0.0553672 0 0
0.45486 0.3 -0.018806 0 0.563202 -0.0509542 -0.00796616 0.0502937 0 0
0.29111 0.4 0.0176915 0 0.546562 -0.00743005 -0.00970626 0.0289017 0 0
0.539733 0.3 -0.0216156 0 0.601955 0.000722628 -0.00776501 0.0371213 0 0
0.607257 0.4 -0.0334078 0 0.638868 0.00391144 -0.00621201 0.0650304 0 0
0.764354 0.5 -0.0369454 0 0.568565 -0.0102042 -0.00496961 0.042691 0 0
0.489187 0.6 0.0393971 0 0.621339 -0.0314967 -0.00397568 0.0501528 0 0
0.31308 0.4 0.0387422 0 0.616845 -0.0151973 0.000152786 -0.0532111 0 0
0.200371 0.4 0.0385457 0 0.571254 -0.0154912 0.000122229 0.0467644 0 0
0.128237 0.4 0.00258936 0 0.585739 -0.032393 9.7783e-005 0.0567449 0 0
0.0820719 0.4 -0.0261463 0 0.493734 -0.0259144 7.82264e-005 0.0467292 0 0
0.439395 0.4 0.0370279 0 0.584931 -0.0107315 0.00339591 -0.0506166 0 0
0.281213 0.3 0.0245699 0 0.56008 0.0147481 0.00271673 -0.0344933 0 0
0.179976 0 0.0791658 0 0.520195 0.00179851 0.00550672 0.0577387 0 0
0.115185 0.1 0.0955446 0 0.452715 -0.0218945 0.00440537 0.0468576 0 0
0.0737182 0.2 0.0645608 0 0.388988 -0.020849 0.0035243 0.0494861 0 0
0.0471796 0 0.0446972 0 0.452627 -0.00334583 0.00615277 -0.0517444 0 0
0.030195 0.1 0.058281 0 0.395435 0.0173233 0.00825555 -0.0400622 0 0
0.0193248 0.2 0.00850993 0 0.517504 0.0338587 0.00993777 -0.0387164 0 0
0.0123679 0 0.0474248 0 0.443053 0.0470869 0.00795022 -0.0269732 0 0
0.00791543 0 0.0411505 0 0.466802 0.0476695 0.00969351 -0.0389119 0 0
0.403799 0 0.0215557 0 0.547453 0.061469 0.00775481 -0.0371295 0 0
0.258432 0.1 -0.025252 0 0.469962 0.0491752 0.00620385 0.00496308 0 0
0.165396 0.2 -0.0575756 0 0.454541 0.0460068 0.00829641 0.0133038 0 0
0.105854 0.3 -0.0556873 0 0.384563 0.0434721 0.00997046 0.014643 0 0
0.0677463 0.2 -0.0636574 0 0.431627 0.0414444 0.0113097 0.0157144 0 0
0.0433576 0.3 -0.0791511 0 0.356863 0.0498222 0.00571443 0.0212382 0 0
0.0277489 0.4 0.163755 0 0.366885 0.0565244 0.00123821 0.0176572 0 0
0.0177593 0.5 -0.0114834 0 0.362872 0.0585528 0.000990568 -0.0358742 0 0
0.0113659 0.6 -0.0522255 0 0.371223 0.0901756 0.00412579 0.0499673 0 0
0.0072742 0.7 -0.0545565 0 0.322266 0.0854738 0.00330063 -0.0340262 0 0
0.00465549 0.6 -0.0419767 0 0.334113 0.125046 0.00930717 0.0741124 0 0
0.00297951 0.7 -0.039716 0 0.387522 0.106703 0.0107791 0.0152899 0 0
0.00190689 0.8 -0.0595537 0 0.434723 0.118696 0.00528992 0.0408986 0 0
0.00122041 0.9 -0.0418335 0 0.419872 0.0949567 0.00423194 0.00338555 0 0
0.000781062 0.8 -0.0338782 0 0.446486 0.109299 5.22176e-005 0.0367084 0 0
0.000499879 0.9 -0.0516108 0 0.376123 0.0707723 4.17741e-005 0.0400334 0 0
0.000319923 1 0.000425844 0 0.307678 0.0899512 -0.00329991 0.0340267 0 0
0.000204751 0.8 0.0305625 0 0.323415 0.0786276 0.000693402 0.00722139 0 0
0.400098 0.7 0.117789 0 0.337039 0.0695688 0.00388805 0.00977711 0 0
0.256063 0.7 0.155244 0 0.337039 0.065655 0.0197771 0.0224884 0 0
0.16388 0.7 0.0582399 0 0.337039 0.0991907 0.0324884 0.0726573 0 0
0.478663 0.6 0.135144 0 0.271672 0.126019 0.0459907 0.0834592 0 0
0.629758 0.3 0.0495177 0 0.451256 0.0841487 0.0334592 0.083434 0 0
0.403045 0.3 -0.0120678 0 0.449641 0.0706523 0.0267674 0.0847472 0 0
0.257949 0.4 -0.0305434 0 0.449641 0.0998552 0.0380806 0.0771311 0 0
0.523815 0.4 -0.0360861 0 0.382939 0.0998552 0.0380806 0.0771311 0 0
0.335242 0.5 -0.0377489 0 0.57024 0.0998552 0.0380806 0.0771311 0 0
0.560916 0.6 0.238708 0 0.57024 0.0998552 0.0380806 0.0771311 0 0
0.801544 0.7 0.321645 0 0.57024 0.0998552 0.0380806 0.0771311 0 0
0.784741 0.6 0.346526 0 0.57024 0.0998552 0.0380806 0.0771311 0 0
0.784741 0.7 0.35399 0 0.57024 0.0998552 0.0380806 0.0771311 0 1
0.776676 0.6 0.135254 0 0.57024 0.0998552 0.0380806 0.0771311 0 1
0.776676 0.7 0.0696327 0 0.57024 0.0998552 0.0380806 0.0771311 0 1
0.776676 0.8 0.0499464 0 0.57024 0.0998552 0.0380806 0.0771311 0 1
0.776676 0.8 0.0440405 0 0.57024 0.0998552 0.0380806 0.0771311 0 1
0.776676 0.8 0.0422688 0 0.57024 0.0998552 0.0380806 0.0771311 0 1
0.776676 0.3 0.0417372 0 0.57024 0.0998552 0.0380806 0.0771311 0 1
0.776676 0 0.0415778 0 0.57024 0.0998552 0.0380806 0.0771311 0 1
0.776676 0.1 0.04153 0 0.57024 0.0998552 0.0380806 0.0771311 0 1
0.776676 0.2 0.0415156 0 0.57024 0.0998552 0.0380806 0.0771311 0 1
0.919603 0.3 0.0415113 0 0.57024 0.0998552 0.0380806 0.0771311 0 1
0.84141 0.4 0.04151 0 0.57024 0.0998552 0.0380806 0.0771311 0 1
0.673128 0.5 -0.000351877 0 0.579876 0.0998552 0.0380806 0.0771311 0 1
0.430802 0.6 -0.0853029 0 0.504152 0.0998552 0.0380806 0.0771311 0 1
0.565428 0.7 -0.110788 0 0.560547 0.0798841 0.0304644 0.0977049 0 1
0.452342 0.8 -0.0400992 0 0.611566 0.0639073 0.0243716 0.0694973 0 1
0.289499 0.9 0.00658726 0 0.648816 0.0611258 0.0194972 -0.0244022 0 1
0.185279 1 0.0615506 0 0.650303 0.0555673 0.0155978 0.0458116 0 1
0.118579 1 0.0582379 0 0.64511 0.0444539 0.0124782 0.0433159 0 1
0.0758904 1 0.0651987 0 0.618262 0.0522298 0.0133159 -0.0460139 0 1
0.436427 1 0.0644314 0 0.563427 0.0551171 0.0106527 -0.0314778 0 1
0.279314 1 0.0687859 0 0.510956 0.0340937 0.00852219 0.0668178 0 0
0.178761 0.9 0.0634136 0 0.497654 0.037275 0.0134844 -0.0558791 0 0
0.114407 1 0.0504343 0 0.488821 0.04982 0.0107875 -0.03137 0 0
0.0732204 0.8 0.0906985 0 0.474673 0.0231893 0.00863003 0.0502374 0 0
0.046861 0.8 0.0994922 0 0.496759 0.00855145 0.00690402 0.0521899 0 0
0.0299911 0.8 0.0959588 0 0.467996 -0.00982551 0.00552322 0.0510852 0 0
0.0191943 0.5 0.0149718 0 0.447325 -0.00452707 0.00775191 0.0662015 0 0
0.0122843 0.5 0.00756172 0 0.435133 0.00304501 0.00620153 0.0549612 0 0
0.00786198 0.5 0.0781018 0 0.423499 -0.00423066 0.0116279 0.0826356 0 0
0.00503166 0.3 0.0992639 0 0.398286 -0.00671786 0.00930231 0.0641085 0 0
0.00322027 0.3 -0.0116682 0 0.425581 -0.00537429 0.00410852 0.0532868 0 0
0.00206097 0.3 0.0561586 0 0.409215 -0.0176328 0.00662015 0.0719628 0 0
0.00131902 0.4 0.0258219 0 0.412618 -0.0241062 0.00529612 0.0509036 0 0
0.000844173 0.3 0.0732594 0 0.430094 -0.029285 0.00090356 0.0573895 0 0
0.000540271 0.4 -0.00565376 0 0.423645 -0.023428 -0.00261049 0.0479116 0 0
0.000345773 0.5 0.0319577 0 0.442784 -0.0287424 -0.00542172 0.0523293 0 0
0.000221295 0.6 0.0340585 0 0.443844 -0.0363272 -0.00433738 0.0531968 0 0
0.400106 0.6 0.120544 0 0.370917 -0.0357285 -0.0034699 0.0605574 0 0
0.553641 0.7 0.146489 0 0.357467 -0.0285828 -0.00277592 0.0477793 0 0
0.732184 0.6 0.129259 0 0.415266 -0.0395329 0.0011126 0.0742234 0 0
0.468598 0.5 0.11132 0 0.468254 -0.0449596 0.00422341 0.0700454 0 0
0.299903 0.4 -0.0518603 0 0.450465 -0.0259677 0.00671206 -0.041297 0 0
0.191938 0.4 -0.100814 0 0.40331 0.0225592 0.00536965 -0.0323709 0 0
0.473704 0.5 -0.115501 0 0.349463 0.0513807 0.000962386 0.0374366 0 0
0.378963 0.5 0.00106406 0 0.36846 0.0511045 0.00743658 0.0126159 0 0
0.242537 0.4 0.0353192 0 0.438083 0.0408836 0.00594926 0.00475941 0 0
0.155223 0.3 0.00245623 0 0.439355 0.0760402 0.0180927 0.0611409 0 0
0.474507 0.3 0.0659329 0 0.366144 0.107499 0.0311409 0.0915794 0 0
0.303685 0.4 0.0236688 0 0.363633 0.122666 0.018246 0.0512635 0 0
0.194358 0.5 0.0230097 0 0.310907 0.104799 0.0179302 0.0210108 0 0
0.124389 0.6 0.0447408 0 0.409177 0.0805061 0.0176775 0.064142 0 0
0.0796091 0.7 0.0502643 0 0.398453 0.0777382 0.0174753 -0.0360198 0 0
0.0509498 0.8 0.0288951 0 0.408872 0.0488572 0.0139802 0.0478509 0 0
0.424456 0.6 0.0961685 0 0.350378 0.0357524 0.0111842 0.0622807 0 0
0.603739 0.5 0.116351 0 0.299053 0.0152686 0.00561402 0.0578245 0 0
0.689795 0.5 0.0932385 0 0.261923 0.00554823 0.00449122 0.0669263 0 0
0.731101 0.5 0.0790132 0 0.232942 -0.0122281 0.00359297 0.0662077 0 0
0.750929 0.3 0.101895 0 0.209512 -0.0364491 0.00287438 0.0622995 0 0
0.688357 0.4 0.10876 0 0.230653 -0.045826 0.00563284 0.0745063 0 0
0.550685 0.5 -0.0346796 0 0.282808 -0.0466608 0.00450627 0.063605 0 0
0.352439 0.5 -0.0104039 0 0.33889 -0.060662 0.00360501 0.0595507 0 0
0.225561 0.5 -0.0123317 0 0.298541 -0.0718629 -0.000449321 0.0496405 0 0
0.144359 0.4 -0.0530585 0 0.428663 -0.0774903 -0.000359457 0.0463791 0 0
0.0923897 0.5 -0.0121941 0 0.364321 -0.0553256 0.00304577 0.00910328 0 0
0.0591294 0.6 -0.0651447 0 0.491457 -0.0475938 0.00243661 0.0452826 0 0
0.657029 0.7 -0.0810299 0 0.410652 -0.0247417 -0.00138404 0.0122261 0 0
0.525623 0.8 -0.0289142 0 0.352966 -0.00646004 0.0022261 -0.0548858 0 0
0.336399 0.8 0.0423674 0 0.362373 0.00149864 0.00511421 0.010758 0 0
0.215295 0.8 0.00822304 0 0.314617 -0.0221344 0.000758037 0.0406064 0 0
0.137789 0.8 0.0119264 0 0.281072 -0.00437421 0.00060643 -0.0395149 0 0
0.088185 0.6 -0.00102735 0 0.355245 -0.0234994 0.000485144 0.0603881 0 0
0.442329 0.7 0.0853301 0 0.420459 0.0112005 0.000388115 -0.0596895 0 0
0.612318 0.6 0.0963437 0 0.522755 -0.0110396 -0.00302284 0.0575817 0 0
0.391883 0.7 0.0427189 0 0.589015 -0.0154983 -0.00241827 0.0580654 0 0
0.250805 0.8 0.00384131 0 0.48391 -0.035732 -0.00193462 0.055119 0 0
0.160515 0.8 0.0582953 0 0.406483 0.0180811 -0.00488103 0.0527618 0 0
0.10273 0.7 0.0733396 0 0.346692 0.0211315 -0.000571489 0.00620948 0 0
0.439448 0.8 0.077853 0 0.417138 0.00357188 -0.000457191 0.0663009 0 0
0.663669 0.8 0.0577888 0 0.462132 -0.0271425 -0.00369909 0.0570407 0 0
0.718561 0.9 0.03192 0 0.499314 -0.051714 -0.00962594 0.0489659 0 0
0.744909 1 0.0187865 0 0.46575 -0.0613712 -0.0110341 0.0478394 0 0
0.476742 0.8 0.049386 0 0.457516 -0.0157636 -0.0121606 0.0269382 0 0
0.305115 0.9 0.046226 0 0.429843 -0.0392776 -0.0163951 0.0468839 0 0
0.546455 1 0.0452781 0 0.461907 -0.0647554 -0.0197828 0.0408404 0 0
0.349731 0.8 0.0180706 0 0.391997 -0.0818043 -0.0224929 0.0386724 0 0
0.740723 0.7 0.00990836 0 0.343072 -0.0854435 -0.0179943 0.0589379 0 0
0.844434 0.7 0.0327597 0 0.305227 -0.0916881 -0.0177288 0.0624836 0 0
0.540437 0.5 0.0322638 0 0.356888 -0.0833505 -0.0175164 0.0459869 0 0
0.34588 0.5 0.00967915 0 0.362013 -0.0933471 -0.0206798 0.0401229 0 0
0.532818 0.4 0.00290374 0 0.320722 -0.0846776 -0.0198771 0.040765 0 0
0.655753 0.1 0.000871123 0 0.282951 -0.0977421 -0.019235 0.0412786 0 0
0.793452 0.1 0.00474852 0 0.25509 -0.0948604 -0.0187214 0.0416896 0 0
0.507809 0.1 0.0336614 0 0.232961 -0.0892216 -0.0183104 0.0420183 0 0
0.324998 0 0.0515458 0 0.208227 -0.0913773 -0.0179817 0.0422813 0 0
0.733599 0 0.0569111 0 0.202945 -0.103102 -0.021052 0.0398251 0 0
0.752128 0 0.0585207 0 0.355538 -0.0924815 -0.0235083 0.01786 0 0
0.851277 0.1 0.0590036 0 0.437031 -0.0673185 -0.0154733 -0.00571196 0 0
0.808613 0.2 0.329784 0 0.441604 -0.0438548 -0.00571196 0.0020971 0 0
0.788134 0.3 0.0782116 0 0.522267 -0.0617505 -0.0112362 0.00767768 0 0
0.504406 0.4 0.00273981 0 0.589242 -0.0460671 -0.018989 -0.0118579 0 0
0.32282 0.5 -0.0199017 0 0.488598 -0.070187 -0.0251912 0.0165137 0 0
0.732972 0.6 -0.0266942 0 0.545226 -0.0994829 -0.030153 0.0125443 0 0
0.839783 0.5 -0.0287319 0 0.464583 0.0170803 -0.0374557 -0.0266312 0 0
0.537461 0.6 0.145168 0 0.398186 0.0536643 -0.0299646 -0.077305 0 0
0.343975 0.7 0.117235 0 0.348178 0.0729314 -0.0206383 -0.0665106 0 0
0.739065 0.5 0.108855 0 0.372532 0.0350118 -0.0165106 0.0334581 0 0
0.754751 0.4 0.106341 0 0.330774 0.00134276 -0.0198752 0.0207665 0 0
0.852851 0.3 0.0633124 0 0.323567 -0.0255925 -0.0192335 0.0379465 0 0
0.545824 0.1 0.0773271 0 0.287269 -0.0471406 -0.0220535 0.0390239 0 0
0.349328 0.1 0.0896981 0 0.262073 -0.0710458 -0.0209761 0.0398858 0 0
0.22357 0 0.0538325 0 0.291881 -0.06017 -0.0201142 0.0139086 0 0
0.143085 0.1 0.0405065 0 0.324616 -0.048136 -0.0160914 -0.0128731 0 0
0.0915741 0.2 0.0344924 0 0.37461 -0.0385088 -0.0128731 -0.0102985 0 0
0.0586075 0.3 0.0369781 0 0.319468 -0.030807 -0.0102985 -0.00823878 0 0
0.0375088 0.2 0.0335293 0 0.350602 -0.047979 -0.0149054 0.0247423 0 0
0.0240056 0.3 0.0369819 0 0.446774 -0.0683832 -0.0152577 0.0377938 0 0
0.0153636 0.4 0.00660738 0 0.50714 -0.0580399 -0.0122062 0.0369017 0 0
0.0098327 0.3 0.0289053 0 0.519997 -0.0730986 -0.0130983 0.0461881 0 0
0.00629293 0.3 -0.0765848 0 0.529607 -0.0851455 -0.0171453 0.0196171 0 0
0.00402747 0.3 0.0218963 0 0.573136 -0.0847831 -0.0170495 0.0163604 0 0
0.401933 0.3 0.0363561 0 0.480609 -0.0978265 -0.0203063 0.0170883 0 0
0.257237 0.2 0.0369707 0 0.533376 -0.0949278 -0.0195784 0.0376706 0 0
0.164632 0.2 -0.0292934 0 0.529558 -0.109276 -0.0223294 0.0188032 0 0
0.105364 0.3 0.0188436 0 0.538563 -0.10742 -0.0211968 0.0197092 0 0
0.0674332 0.4 -0.0165723 0 0.449136 -0.105936 -0.0202908 0.0237674 0 0
0.0431572 0.4 -0.000484522 0 0.474226 -0.0747491 -0.0128993 -0.0536528 0 0
0.0276206 0.5 0.0436046 0 0.471854 -0.0297993 -0.0136528 0.0257444 0 0
0.0176772 0.6 -0.0296899 0 0.435287 0.0094939 -0.0142556 0.0252622 0 0
0.0113134 0.5 -0.0371053 0 0.416411 0.0409285 -0.0147378 0.0248764 0 0
0.00724058 0.5 -0.0599688 0 0.427927 0.0327428 -0.0117902 -0.00943218 0 0
0.00463397 0.5 -0.0614397 0 0.429198 0.0428609 -0.0127655 0.00645426 0 0
0.00296574 0.5 -0.0540424 0 0.434268 0.077622 -0.00687908 0.0411634 0 0
0.00189808 0.5 -0.0560265 0 0.454843 0.075431 -0.00550326 -0.0344026 0 0
0.00121477 0.4 -0.060285 0 0.440175 0.110345 -0.00773594 0.0504779 0 0
0.000777452 0.3 -0.0872788 0 0.390997 0.0849425 -0.00618875 0.0283823 0 0
0.000497569 0.4 -0.0752921 0 0.481941 0.097954 -0.014951 0.0247059 0 0
0.000318444 0.5 -0.0823437 0 0.455728 0.128363 -0.0152941 0.0444314 0 0
0.000203804 0.6 -0.0910156 0 0.411366 0.129357 -0.0122353 -0.0464549 0 0
0.000130435 0.7 -0.0650079 0 0.450023 0.153486 -0.0131216 0.0461694 0 0
8.34783e-005 0.8 -0.07612 0 0.376018 0.142789 -0.00716393 -0.0490645 0 0
5.34261e-005 0.9 -0.0905339 0 0.387178 0.167564 -0.0123978 0.0467484 0 0
3.41927e-005 1 -0.115428 0 0.390202 0.130718 -0.00991825 0.00873207 0 0
2.18833e-005 1 -0.0783783 0 0.437876 0.134574 -0.0179346 0.022319 0 0
1.40053e-005 1 -0.0852782 0 0.405723 0.170993 -0.017681 -0.0208115 0 0
8.96341e-006 1 -0.0534214 0 0.342864 0.166794 -0.0241448 0.0173508 0 0
5.73658e-006 1 -0.0712896 0 0.363732 0.163435 -0.0226492 -0.0414527 0 0
3.67141e-006 0.9 -0.0592247 0 0.351101 0.160748 -0.0181193 -0.0544955 0 0
2.3497e-006 0.8 -0.14547 0 0.343672 0.151932 -0.00116214 0.0690703 0 0
0.400001 0.9 -0.109857 0 0.289055 0.134879 0.00240362 -0.0547438 0 0
0.256001 1 -0.148089 0 0.310225 0.177903 0.00192289 0.0215383 0 0
0.16384 0.6 -0.107165 0 0.352422 0.135656 0.00820498 -0.0567693 0 0
0.478643 0.6 -0.0747172 0 0.344729 0.105191 0.00989732 0.0645845 0 0
0.306332 0.7 -0.126469 0 0.342025 0.16082 0.00791786 0.023001 0 0
0.517631 0.7 -0.141995 0 0.348196 0.128656 0.00633428 0.0484008 0 0
0.414105 0.7 -0.0881888 0 0.373472 0.109591 0.00840076 0.0567206 0 0
0.265027 0.7 -0.0167344 0 0.327991 0.0843397 0.0133873 -0.0492902 0 0
0.169617 0.7 -0.0372572 0 0.295913 0.0741384 0.0140432 0.0645679 0 0
0.108555 0.6 -0.043414 0 0.341873 0.0559774 0.0145679 0.068321 0 0
0.0694753 0.5 -0.106949 0 0.383678 0.0547819 0.018321 0.0779901 0 0
0.433348 0.6 -0.0667827 0 0.420882 0.110492 0.0113234 0.0223921 0 0
0.608007 0.7 0.0307716 0 0.416287 0.0683938 0.00239208 0.0785803 0 0
0.815106 0.8 0.0600379 0 0.420891 0.104715 0.00191366 0.00486426 0 0
0.652085 0.8 -0.0415631 0 0.441841 0.163772 0.00153093 0.0345581 0 0
0.417334 0.8 -0.00246893 0 0.44427 0.194351 0.00122474 0.0243131 0 0
0.267094 0.6 -0.170841 0 0.380074 0.245481 0.000979794 0.0341172 0 0
0.17094 0.7 -0.29488 0 0.395093 0.289718 0.0107838 0.0752937 0 0
0.465641 0.8 -0.0642769 0 0.395093 0.289718 0.0107838 0.0752937 0 0
0.679385 0.9 0.0598836 0 0.374408 0.258441 0.0119604 0.036235 0 0
0.726105 1 -0.100058 0 0.366623 0.310086 0.056235 0.174988 0 1
0.464707 1 -0.0600175 0 0.392662 0.331402 0.054988 0.100657 0 1
0.297412 1 -0.0511133 0 0.405038 0.331402 0.054988 0.100657 0 1
0.542758 0.9 -0.24418 0 0.405038 0.375122 0.0539904 0.123192 0 1
0.608419 1 -0.0553053 0 0.405038 0.375122 0.0539904 0.123192 0 1
0.692041 1 0.0263329 0 0.405038 0.375122 0.0539904 0.123192 0 1
0.73218 1 0.0985249 0 0.405038 0.375122 0.0539904 0.123192 0 1
0.751446 1 0.120423 0 0.405038 0.375122 0.0539904 0.123192 0 1
0.760694 1 0.104754 0 0.405038 0.375122 0.0539904 0.123192 0 1
0.760694 1 0.100054 0 0.405038 0.375122 0.0539904 0.123192 0 1
0.91385 1 0.0986436 0 0.405038 0.375122 0.0539904 0.123192 0 1
0.91385 0.9 0.0982205 0 0.405038 0.375122 0.0539904 0.123192 0 1
0.968986 1 -0.0800709 0 0.405038 0.375122 0.0539904 0.123192 0 1
0.968986 1 -0.133558 0 0.405038 0.375122 0.0539904 0.123192 0 1
0.968986 0.8 -0.149605 0 0.405038 0.375122 0.0539904 0.123192 0 1
0.968986 0.7 -0.154418 0 0.405038 0.375122 0.0539904 0.123192 0 1
0.968986 0.4 -0.155863 0 0.405038 0.375122 0.0539904 0.123192 0 1
0.968986 0.5 -0.156296 0 0.405038 0.375122 0.0539904 0.123192 0 1
0.968986 0.6 -0.156426 0 0.405038 0.375122 0.0539904 0.123192 0 1
0.988835 0.6 -0.156465 0 0.405038 0.375122 0.0539904 0.123192 0 1
0.874641 0.4 -0.156476 0 0.405038 0.375122 0.0539904 0.123192 0 1
0.819828 0.5 -0.15648 0 0.405038 0.375122 0.0539904 0.123192 0 1
0.935138 0.6 -0.156481 0 0.486611 0.380097 0.049859 0.109887 0 1
0.848866 0.7 -0.156481 0 0.500804 0.370745 0.0365539 0.0692431 0 1
0.945592 0.8 -0.156481 0 0.430528 0.269929 0.0225764 0.0680611 0 1
0.980413 0.9 -0.156481 0 0.478569 0.219277 0.0180611 0.0977822 0 1
0.988248 0.8 -0.0641453 0 0.510666 0.148755 0.00778224 0.0428925 0 0
0.874359 0.9 -0.0364445 0 0.422486 0.119004 0.00622579 0.0916473 0 0
0.55959 1 -0.0281342 0 0.445854 0.10187 0.00831397 0.0966512 0 0
0.668603 0.8 -0.00170949 0 0.456105 0.10187 0.00831397 0.0966512 0 0
0.720929 0.8 -0.00846739 0 0.492157 0.10187 0.00831397 0.0966512 0 0
0.746046 0.8 -0.0104948 0 0.614415 0.0614957 0.00331784 0.0559876 0 0
0.854861 0.8 -0.011103 0 0.652858 0.0591965 0.00598761 0.0714568 0 0
0.912917 0.8 0.0280794 0 0.662071 0.0540239 0.00812342 0.0831654 0 0
0.8382 0.6 0.0360554 0 0.541021 0.0365525 0.00983207 0.0945323 0 0
0.802336 0.4 0.0691499 0 0.525124 0.0425753 0.0145323 0.108293 0 0
0.785121 0.5 0.0342065 0 0.495099 0.0307269 0.0149592 0.0953007 0 0
0.701487 0.5 0.0237235 0 0.547143 0.0179149 0.0119674 0.0962406 0 0
0.892535 0.3 0.0205786 0 0.610814 -0.00233478 0.00957388 0.0709924 0 0
0.828417 0.4 0.0196351 0 0.513651 -0.00520116 0.0109924 0.0887939 0 0
0.93823 0.3 0.0193521 0 0.541356 -0.0141609 0.0121273 0.0830352 0 0
0.977763 0.2 0.0192672 0 0.466418 0.00200459 0.0130352 -0.0529052 0 0
0.986658 0.1 0.0391847 0 0.405318 0.00160367 0.0137615 0.0676758 0 0
0.873596 0.1 0.0259446 0 0.355024 -0.0120504 0.00767584 0.0661407 0 0
0.819326 0.1 -0.0158653 0 0.321178 -0.0129736 0.00280734 0.0722459 0 0
0.793276 0.1 0.0131891 0 0.36039 -0.0137123 0.00224587 0.0584634 0 0
0.780773 0.1 -0.0095048 0 0.306598 -0.0176365 0.00179669 0.0547707 0 0
0.774771 0.1 0.00175382 0 0.332635 -0.0307758 0.00143736 0.0578166 0 0
0.77189 0.1 0.0281577 0 0.475303 -0.0246207 0.00114988 0.0642532 0 0
0.770507 0 -0.00997373 0 0.396617 -0.0363632 0.000919908 0.0440693 0 0
0.769843 0 0.00161314 0 0.35043 -0.0224239 0.00406926 0.0599221 0 0
0.861715 0 0.00508921 0 0.314052 -0.0179391 0.00325541 0.049271 0 0
0.917029 0 -0.0353153 0 0.270753 0.018982 0.0126043 0.0867501 0 0
0.840174 0 -0.0240561 0 0.450922 0.00518563 0.0100835 0.0780668 0 0
0.803283 0 0.00659895 0 0.438452 0.00748184 0.0147334 0.0951201 0 0
0.785576 0 0.0423643 0 0.515333 0.00265214 0.0151201 0.0787627 0 0
0.866246 0.1 0.0530939 0 0.523742 0.00878838 0.0120961 0.0696769 0 0
0.919748 0.2 0.00695381 0 0.543217 0.0536974 0.0296769 0.123741 0 0
0.841479 0.3 0.0159019 0 0.567118 0.0696246 0.0237415 -0.0410068 0 0
0.538546 0.4 0.0316937 0 0.564937 0.029033 0.0156599 0.0458612 0 0
0.34467 0.5 0.0417449 0 0.467505 0.00989306 0.0125279 0.056689 0 0
0.220589 0.6 0.0447603 0 0.521623 -0.00541889 0.00668897 0.0420178 0 0
0.141177 0.7 0.0224025 0 0.618482 -0.00433511 0.00868451 0.0669476 0 0
0.467765 0.6 -0.0245951 0 0.676808 -0.0101348 0.00694761 0.0555581 0 0
0.579622 0.7 -0.0386943 0 0.743978 0.0818922 0.0155581 0.0691131 0 0
0.463697 0.8 0.0309593 0 0.791674 0.0955138 0.0291131 0.123291 0 0
0.296766 0.4 0.0415246 0 0.812409 0.106411 0.0232905 -0.0280343 0 0
0.542448 0.4 0.0308784 0 0.73228 0.0984621 0.0219657 0.0775726 0 0
0.347167 0.4 0.0564822 0 0.620797 0.072103 0.0209059 0.0800581 0 0
0.222187 0.3 0.064242 0 0.664079 0.0510158 0.0167247 0.0833798 0 0
0.50665 0.3 0.00207172 0 0.746292 0.0308126 0.0133798 0.0607038 0 0
0.324256 0.3 0.0374636 0 0.814375 0.0179834 0.0107038 0.0585631 0 0
0.207524 0.1 0.0258558 0 0.893924 0.0677201 0.0252297 0.120184 0 0
0.132815 0.1 -0.0235591 0 0.91869 0.0641761 0.0268505 0.098147 0 0
0.451001 0.1 -0.0383835 0 0.841166 0.0546742 0.0214804 0.063851 0 0
0.360801 0.2 0.006906 0 0.887219 0.020406 0.013851 0.0510808 0 0
0.230913 0.3 0.0177769 0 0.928823 0.0363248 0.0110808 -0.0278021 0 0
0.147784 0.2 0.0169997 0 0.855058 0.0457265 0.00886461 0.0570917 0 0
0.0945818 0.3 0.0230486 0 0.820573 0.0665812 0.00709169 0.0156734 0 0
0.0605323 0.4 0.0345462 0 0.711549 0.083265 0.03234 0.145872 0 0
0.0387407 0.5 0.0379954 0 0.702572 0.113279 0.0492053 0.159364 0 0
0.024794 0.6 0.0021881 0 0.723033 0.13729 0.0560309 0.141491 0 0
0.0158682 0.7 0.00514361 0 0.812345 0.109832 0.0514914 0.11786 0 0
0.0101556 0.8 0.0258852 0 0.886562 0.101199 0.0545265 0.143621 0 0
0.404875 0.8 -0.0101832 0 0.851418 0.0909589 0.0469545 0.110897 0 0
0.59434 0.8 -0.0142729 0 0.84211 0.0827671 0.0442303 0.112051 0 0
0.380378 0.7 0.0210471 0 0.707221 0.079547 0.0420509 -0.053026 0 0
0.582581 0.8 0.0455998 0 0.604331 0.126971 0.0536407 0.142913 0 0
0.372852 0.7 0.0529657 0 0.610853 0.198243 0.0395792 0.0749967 0 0
0.238625 0.8 -0.200182 0 0.723521 0.255261 0.0283301 0.0693307 0 0
0.491632 0.8 -0.276126 0 0.723521 0.255261 0.0283301 0.0693307 0 0
0.393306 0.5 -0.140381 0 0.792482 0.317542 0.0193307 0.0621312 0 0
0.753272 0.6 -0.0996579 0 0.792482 0.317542 0.0193307 0.0621312 0 0
0.911178 0.7 -0.0874409 0 0.792482 0.317542 0.0193307 0.0621312 0 1
0.911178 0.8 -0.0837758 0 0.792482 0.317542 0.0193307 0.0621312 0 1
0.911178 0.9 -0.0826762 0 0.792482 0.317542 0.0193307 0.0621312 0 1
0.911178 0.8 -0.0823464 0 0.792482 0.317542 0.0193307 0.0621312 0 1
0.911178 0.8 -0.0822474 0 0.792482 0.317542 0.0193307 0.0621312 0 1
0.968024 0.8 -0.0822177 0 0.792482 0.317542 0.0193307 0.0621312 0 1
0.864652 0.8 -0.0822088 0 0.817769 0.317542 0.0193307 0.0621312 0 1
0.691721 0.8 -0.13562 0 0.762857 0.334034 0.0221312 0.107705 0 1
0.665621 0.5 -0.151643 0 0.85271 0.357227 0.00770499 0.0428307 0 1
0.719498 0.4 -0.156451 0 0.865219 0.305782 0.00949732 0.0942645 0 1
0.745359 0.5 -0.157893 0 0.885279 0.257959 0.0142645 0.094745 0 1
0.757772 0.6 -0.158325 0 0.840781 0.2197 0.014745 0.0851293 0 1
0.606218 0.7 -0.131757 0 0.799178 0.19576 0.0151293 0.0787701 0 1
0.814591 0.8 -0.123786 0 0.769629 0.156608 0.0154368 0.0890161 0 1
0.791004 0.8 -0.121395 0 0.747468 0.11862 0.0156827 0.0858795 0 1
0.632803 0.8 0.0364981 0 0.750575 0.101563 0.0225462 0.108037 0 1
0.404994 0.7 0.0965877 0 0.612021 0.0645834 0.018037 0.0844296 0 1
0.259196 0.8 0.0658184 0 0.692026 0.0583334 0.0210962 0.096877 0 0
0.165885 0.9 0.057789 0 0.754764 0.08 0.0302103 0.120835 0 0
0.106167 1 0.25067 0 0.72296 0.104 0.0208349 -0.0266654 0 0
0.440768 1 0.308534 0 0.631242 0.0898667 0.0200013 0.0926677 0 0
0.664461 1 0.0505603 0 0.62863 0.04856 0.0126677 0.0468008 0 0
0.655153 0.9 -0.0268319 0 0.611574 0.0355147 0.0134675 0.0641073 0 0
0.793092 1 -0.00356239 0 0.586878 0.0384117 0.010774 0.0552859 0 0
0.704547 1 0.00341846 0 0.608326 0.0140627 0.00861919 0.063562 0 0
0.563638 0.9 -0.0131637 0 0.619191 0.0245835 0.0102287 0.0881829 0 0
0.616437 0.8 -0.0181383 0 0.672097 0.00966681 0.00818295 0.0698797 0 0
0.769862 0.8 0.00376904 0 0.648023 -0.00226655 0.00654636 0.0819038 0 0
0.769534 0.7 0.0149465 0 0.617853 0.00485343 0.00190375 0.0581897 0 0
0.769376 0.5 -0.0199611 0 0.61592 0.00388274 0.001523 0.0578851 0 0
0.769301 0.4 0.00322219 0 0.615992 0.0464395 0.0212184 0.116975 0 0
0.492352 0.3 0.15811 0 0.611942 0.0271516 0.0169747 0.0769131 0 0
0.636329 0.2 0.166582 0 0.500249 0.028388 0.0169131 0.0868638 0 0
0.407251 0.3 0.195808 0 0.504911 0.0360437 0.0201972 -0.0538423 0 0
0.26064 0 0.0923962 0 0.535694 0.0255016 0.0161577 0.0729262 0 0
0.16681 0 0.0947401 0 0.540287 0.0104013 0.0162595 0.0830076 0 0
0.106758 0 0.0912426 0 0.542171 0.0449877 0.0330076 0.126406 0 0
0.0683253 0 0.0457938 0 0.560053 0.0293235 0.0297394 0.0904582 0 0
0.0437282 0 0.0406612 0 0.578275 0.0534588 0.0237915 -0.0243001 0 0
0.416792 0.1 0.0391214 0 0.556033 0.0261004 0.0190332 0.0752266 0 0
0.333433 0.2 0.0207108 0 0.579766 0.067547 0.0118933 -0.000485399 0 0
0.560048 0.1 0.0286491 0 0.58048 0.0507042 0.0128479 0.0702783 0 0
0.358431 0.1 0.0224105 0 0.607736 0.0405634 0.0136117 0.0708893 0 0
0.229396 0.1 0.03896 0 0.695601 0.0291174 0.0142227 0.0747115 0 0
0.146813 0.1 0.0485301 0 0.733225 0.0166272 0.0147115 0.0717692 0 0
0.0939605 0.2 -0.00395058 0 0.816465 0.00996845 0.0117692 0.0427487 0 0
0.0601347 0.3 -0.0128518 0 0.780672 0.0846414 0.0127487 0.0468656 0 0
0.423092 0.4 -0.0155222 0 0.786076 0.147713 0.0135323 0.0474925 0 0
0.338473 0.3 0.00915913 0 0.853138 0.111504 0.0141592 0.0746607 0 0
0.216623 0.2 0.034158 0 0.912396 0.0758697 0.0113273 0.0623952 0 0
0.483183 0.3 0.0416577 0 0.803659 0.0673625 0.00906186 0.0539162 0 0
0.813946 0.4 0.0439076 0 0.777664 0.0572233 0.0105828 0.0484663 0 0
0.651157 0.5 0.0445825 0 0.677687 0.039112 0.00846626 0.0634397 0 0
0.41674 0.6 0.0223491 0 0.597398 0.0412896 0.0101063 0.0647517 0 0
0.600035 0.5 -0.0163216 0 0.630728 0.0296983 0.0114184 0.0724681 0 0
0.384023 0.4 0.0181298 0 0.664145 0.0104253 0.00913472 0.0706411 0 0
0.584331 0.3 0.0422811 0 0.537946 0.0116736 0.0106411 0.0751796 0 0
0.373972 0.4 0.0495264 0 0.602812 -0.0206611 0.00517956 0.037477 0 0
0.239342 0.5 0.0517 0 0.637088 0.0634711 0.00414365 0.0333149 0 0
0.514884 0.6 -0.00430131 0 0.667632 0.120777 -1.84173e-005 0.0199853 0 0
0.647144 0.4 0.00768397 0 0.555408 0.0766215 -0.00334807 0.0673215 0 0
0.710629 0.3 -0.0627589 0 0.587916 0.114631 -0.0126785 -0.0401428 0 0
0.741102 0.4 -0.0838918 0 0.602848 0.158371 -0.0168094 -0.0201142 0 0
0.474305 0.5 -0.0366807 0 0.61234 0.10003 -0.0167809 0.033242 0 0
0.7766 0.6 -0.0225174 0 0.626646 0.160024 -0.0200914 -0.00273976 0 0
0.62128 0.7 -0.00549923 0 0.615602 0.124686 -0.0127398 0.0464749 0 0
0.397619 0.8 -0.0308164 0 0.596592 0.189749 -0.0135251 0.00584655 0 0
0.552686 0.8 -0.0384116 0 0.570607 0.231799 -0.0108201 0.0280106 0 0
0.665289 0.7 -0.0406901 0 0.595959 0.272106 -0.0119894 0.00374179 0 0
0.719339 0.8 -0.0413737 0 0.5061 0.307685 -0.0162582 0.000326768 0 0
0.745283 0.9 -0.0415788 0 0.432091 0.339481 -0.0196732 0.0209281 0 0
0.757736 1 -0.0416403 0 0.361673 0.368252 -0.0224053 0.0187425 0 0
0.763713 1 -0.0416588 0 0.341752 0.407935 -0.0245909 0.016994 0 0
0.61097 0.9 0.0118079 0 0.348926 0.426348 -0.023006 0.0182618 0 0
0.634613 1 0.0278479 0 0.356284 0.444411 -0.0250715 0.0166095 0 0
0.50769 0.7 0.0267754 0 0.310379 0.455529 -0.0267239 0.0152876 0 0
0.324922 0.8 0.0316813 0 0.326625 0.457757 -0.0347124 -0.0111033 0 0
0.20795 0.7 0.0184787 0 0.289469 0.459539 -0.0244366 0.0271174 0 0
0.479853 0.8 0.014518 0 0.291035 0.447631 -0.0228826 0.0150272 0 0
0.812747 0.7 0.0133298 0 0.319903 0.434771 -0.0249728 -0.00331154 0 0
0.650198 0.8 0.0185823 0 0.32667 0.427817 -0.0199782 0.0273508 0 0
0.827257 0.7 0.020158 0 0.358559 0.425587 -0.0193159 0.00121395 0 0
0.896354 0.8 0.0150218 0 0.410985 0.423803 -0.0154527 0.00763783 0 0
0.83025 0.8 0.00923626 0 0.417677 0.419042 -0.0156955 0.00411026 0 0
0.53136 0.9 0.00277088 0 0.419073 0.411901 -0.0125564 0.0332882 0 0
0.34007 1 0.0307862 0 0.366631 0.392854 -0.0167118 -0.0200361 0 0
0.217645 0.9 0.00437476 0 0.367787 0.397616 -0.0133694 0.0359711 0 0
0.139293 0.8 0.00591769 0 0.403563 0.39476 -0.0140289 0.00544356 0 0
0.0891474 0.9 -0.014375 0 0.349166 0.259141 -0.0178898 -0.0109785 0 0
0.0570544 0.8 -0.0432014 0 0.381965 0.27398 -0.0209785 -0.0201161 0 0
0.0365148 0.5 0.00162292 0 0.326487 0.28585 -0.0201161 -0.00275956 0 0
0.0233695 0.5 0.00442303 0 0.287163 0.29868 -0.0227596 -0.021541 0 0
0.0149565 0 0.0391647 0 0.252957 0.308944 -0.021541 -0.0105661 0 0
0.00957213 0 -0.113251 0 0.225895 0.320489 -0.0238995 -0.0191196 0 0
0.00612616 0 -0.0139001 0 0.42687 0.323058 -0.0257862 -0.0272956 0 0
0.00392075 0 -0.0133806 0 0.364426 0.321779 -0.0272956 -0.0318365 0 0
0.00250928 0 0.000473013 0 0.376702 0.30409 -0.0251699 -0.0501359 0 0
0.00160594 0 0.018563 0 0.395032 0.286606 -0.0234692 -0.0521087 0 0
0.400617 0 0.0239899 0 0.326217 0.289284 -0.0221087 -0.0243536 0 0
0.784222 0 0.025618 0 0.32807 0.298094 -0.0210203 -0.0134829 0 0
0.627378 0 0.0407935 0 0.338772 0.301809 -0.0201496 -0.00611966 0 0
0.401522 0.1 0.0219603 0 0.355525 0.338114 -0.0161197 0.0204376 0 0
0.755638 0.2 0.0163103 0 0.373309 0.387158 -0.0128957 0.0296834 0 0
0.853383 0.3 -0.0140258 0 0.390314 0.403059 -0.00364991 0.0537467 0 0
0.727699 0.4 -0.0231267 0 0.378493 0.389114 -0.00625326 0.00166406 0 0
0.582159 0.5 -0.011938 0 0.372924 0.387958 -0.0116693 -0.0160021 0 0
0.807662 0.6 -0.0085814 0 0.364129 0.380366 -0.0126688 -0.000135005 0 0
0.787678 0.7 -0.00757442 0 0.366628 0.37096 -0.0134683 -0.0207747 0 0
0.923564 0.8 -0.00727233 0 0.333843 0.370101 -0.014108 0.00538026 0 0
0.843311 0.9 -0.0071817 0 0.27767 0.372748 -0.0179531 -0.00102912 0 0
0.674649 1 0.0404131 0 0.260757 0.391531 -0.0210291 -0.00348996 0 0
0.834299 1 0.0546915 0 0.356551 0.403225 -0.0201566 0.017208 0 0
0.667439 1 0.0601574 0 0.30731 0.43258 -0.0194586 0.0177664 0 0
0.720371 0.8 0.0617972 0 0.340812 0.459397 -0.00890024 0.0595465 0 0
0.745778 0.9 0.0622892 0 0.364957 0.490851 -0.000453528 0.0663038 0 0
0.477298 0.8 0.301665 0 0.34952 0.509348 0.00297051 0.0723764 0 0
0.305471 0.9 0.000812148 0 0.357937 0.487478 0.00904308 0.0972345 0 0
0.195501 1 0.0123126 0 0.304954 0.523316 0.0705678 0.226454 0 0
0.493841 1 0.0155427 0 0.543964 0.523316 0.0705678 0.226454 0 1
0.589635 0.9 0.128621 0 0.543964 0.523316 0.0705678 0.226454 0 1
0.852269 1 0.195689 0 0.543964 0.523316 0.0705678 0.226454 0 1
0.681815 1 0.215809 0 0.543964 0.523316 0.0705678 0.226454 0 1
0.661817 1 0.194975 0 0.543964 0.523316 0.0705678 0.226454 0 1
0.529454 1 0.163493 0 0.543964 0.523316 0.0705678 0.226454 0 1
0.33885 0.8 0.155159 0 0.543964 0.523316 0.0705678 0.226454 0 1
0.737589 0.9 0.152659 0 0.543964 0.523316 0.0705678 0.226454 0 1
0.842553 1 0.151909 0 0.543964 0.523316 0.0705678 0.226454 0 1
0.72354 1 0.151684 0 0.543964 0.523316 0.0705678 0.226454 0 1
0.834124 1 0.151616 0 0.543964 0.523316 0.0705678 0.226454 0 1
0.53384 1 0.151596 0 0.543964 0.523316 0.0705678 0.226454 0 1
0.341657 1 0.0415015 0 0.543964 0.523316 0.0705678 0.226454 0 1
0.531196 1 0.163313 0 0.543964 0.523316 0.0705678 0.226454 0 1
0.831231 1 0.199856 0 0.543964 0.523316 0.0705678 0.226454 0 1
0.939243 0.9 0.210819 0 0.543964 0.523316 0.0705678 0.226454 0 1
0.978128 1 0.214108 0 0.543964 0.523316 0.0705678 0.226454 0 1
0.992126 1 0.215094 0 0.543964 0.523316 0.0705678 0.226454 0 1
0.87622 0.8 0.21539 0 0.543964 0.523316 0.0705678 0.226454 0 1
0.955439 0.9 0.215479 0 0.518134 0.548653 0.0864542 0.18583 0 1
0.983958 0.8 0.215506 0 0.54585 0.575589 0.0991634 0.195997 0 1
0.994225 0.7 0.215514 0 0.562708 0.575589 0.0991634 0.195997 0 1
0.79538 0.8 0.0414399 0 0.4835 0.567138 0.0759974 0.0974646 0 1
0.781782 0.8 -0.203098 0 0.498364 0.547043 0.0541312 0.0499717 0 1
0.700204 0.8 -0.27646 0 0.448304 0.534301 0.0399717 0.068644 0 1
0.736098 0.6 -0.298468 0 0.41179 0.487441 0.0253107 0.0369152 0 1
0.753327 0.5 -0.305071 0 0.41804 0.40662 0.0235819 -0.0544678 0 1
0.911198 0.5 -0.307052 0 0.385065 0.338629 0.0288655 0.123092 0 1
0.837375 0.5 -0.307646 0 0.316105 0.350903 0.0164257 0.0298072 0 1
0.6699 0.5 -0.307824 0 0.369196 0.374056 0.0164739 0.0831791 0 1
0.832931 0.6 -0.307878 0 0.369196 0.374056 0.0164739 0.0831791 0 1
0.799807 0.7 -0.307894 0 0.451226 0.374056 0.0164739 0.0831791 0 1
0.927931 0.7 -0.307898 0 0.451226 0.374056 0.0164739 0.0831791 0 1
0.845407 0.7 -0.3079 0 0.451226 0.374056 0.0164739 0.0831791 0 1
0.944346 0.8 -0.3079 0 0.451226 0.374056 0.0164739 0.0831791 0 1
0.979965 0.9 -0.3079 0 0.451226 0.374056 0.0164739 0.0831791 0 1
0.870383 1 -0.3079 0 0.451226 0.374056 0.0164739 0.0831791 0 1
0.696306 1 -0.0683505 0 0.451226 0.374056 0.0164739 0.0831791 0 1
0.445636 0.9 0.0249948 0 0.451226 0.374056 0.0164739 0.0831791 0 1
0.285207 1 0.0529985 0 0.451226 0.374056 0.0164739 0.0831791 0 1
0.285207 1 0.0613995 0 0.451226 0.374056 0.0164739 0.0831791 0 1
0.72214 1 0.0639199 0 0.451226 0.374056 0.0164739 0.0831791 0 1
0.72214 1 0.064676 0 0.451226 0.374056 0.0164739 0.0831791 0 1
0.72214 1 0.0649028 0 0.451226 0.374056 0.0164739 0.0831791 0 1
0.72214 0.8 0.0649708 0 0.451226 0.374056 0.0164739 0.0831791 0 1
0.72214 0.7 0.0649913 0 0.451226 0.374056 0.0164739 0.0831791 0 1
0.72214 0.7 0.0649974 0 0.451226 0.374056 0.0164739 0.0831791 0 1
0.72214 0.5 0.0649992 0 0.451226 0.374056 0.0164739 0.0831791 0 1
0.72214 0.4 0.0649998 0 0.451226 0.374056 0.0164739 0.0831791 0 1
0.746627 0.5 0.0649999 0 0.451226 0.374056 0.0164739 0.0831791 0 1
0.597302 0.6 -0.0449737 0 0.451226 0.374056 0.0164739 0.0831791 0 1
0.382273 0.4 -0.0449024 0 0.379266 0.272578 0.00317913 0.01921 0 1
0.244655 0.5 -0.0608354 0 0.319787 0.194729 -0.01079 0.0447013 0 1
0.156579 0.6 -0.0451737 0 0.357525 0.129117 -0.0152987 0.0244277 0 1
0.475158 0.7 0.0408923 0 0.296491 0.0832933 -0.022239 0.0222088 0 1
0.304101 0.8 0.0362351 0 0.301441 0.0666346 -0.0211245 0.0331004 0 1
0.545969 0.9 0.0799495 0 0.268582 0.036641 -0.0202329 0.0338137 0 1
0.34942 1 0.0677348 0 0.300729 0.0159795 -0.0195197 0.0443843 0 1
0.223629 1 0.0382692 0 0.309857 0.00945027 -0.0156157 0.0575074 0 1
0.143122 1 0.0473782 0 0.349035 0.0342269 -0.0124926 -0.0833274 0 0
0.0915983 0.8 0.0815211 0 0.363764 0.0273815 -0.00999407 0.0486714 0 0
0.0586229 0.7 0.0827897 0 0.384628 0.0119052 -0.00799526 0.0736038 0 0
0.0375187 0.5 0.0685869 0 0.389808 -0.0171425 -0.00972954 0.0522164 0 0
0.0240119 0.5 0.0563715 0 0.362108 -0.0370473 -0.0144503 0.0484398 0 0
0.411526 0.4 0.0393474 0 0.42302 -0.0529712 -0.0148936 0.0447518 0 0
0.597532 0.5 0.0743042 0 0.466677 -0.072377 -0.0185815 0.0418014 0 0
0.382421 0.4 0.0412102 0 0.447809 -0.0679016 -0.0181986 0.0421078 0 0
0.244749 0.3 0.0274751 0 0.458248 -0.0709879 -0.0145588 0.0483529 0 0
0.15664 0.2 0.0266636 0 0.384677 -0.0701237 -0.0149804 0.051349 0 0
0.100249 0.2 0.0438965 0 0.428172 -0.0560989 -0.0119843 0.0504125 0 0
0.0641595 0.2 0.0535536 0 0.410623 -0.0448791 -0.0129208 0.04633 0 0
0.0410621 0.3 0.0114608 0 0.463382 -0.0492367 -0.0170033 0.043064 0 0
0.0262797 0.4 0.0587014 0 0.504809 -0.0593893 -0.0202693 0.0237846 0 0
0.016819 0.5 0.0400463 0 0.486133 -0.0775115 -0.0195488 0.0410276 0 0
0.406458 0.5 0.0344498 0 0.408301 -0.0953425 -0.025639 0.0161554 0 0
0.325167 0.3 0.0327708 0 0.41778 -0.00960733 -0.0271779 0.00492436 0 0
0.524864 0.4 0.0322671 0 0.542813 0.0589808 -0.028409 -0.0193938 0 0
0.828951 0.5 0.032116 0 0.687981 0.0589808 -0.028409 -0.0193938 0 0
0.797897 0.6 0.0320707 0 0.687981 0.0589808 -0.028409 -0.0193938 0 0
0.78299 0.7 0.0320571 0 0.687981 0.0589808 -0.028409 -0.0193938 0 0
0.775835 0.8 -0.0323829 0 0.687981 0.0589808 -0.028409 -0.0193938 0 0
0.772401 0.7 0.0465351 0 0.687981 0.0589808 -0.028409 -0.0193938 0 0
0.918064 0.8 0.0139605 0 0.687981 0.0589808 -0.028409 -0.0193938 0 0
0.840671 0.8 0.00418816 0 0.687981 0.0589808 -0.028409 -0.0193938 0 1
0.672537 0.9 -0.0413111 0 0.689671 0.0589808 -0.028409 -0.0193938 0 1
0.430423 1 -0.0549609 0 0.687517 0.193851 -0.0360605 0.0244849 0 1
0.565283 1 -0.0590558 0 0.716413 0.285081 -0.0288484 0.0535879 0 1
0.671336 1 -0.0602843 0 0.711693 0.331398 0.00358794 0.10287 0 1
0.881681 1 -0.0606529 0 0.592731 0.335119 -0.00379632 -0.00637039 0 1
0.957405 1 -0.0607634 0 0.506889 0.238095 -0.00637039 0.00823702 0 1
0.984666 1 -0.0607966 0 0.434427 0.237143 -0.00842964 -0.0234104 0 0
0.9908 1 -0.0227262 0 0.359518 0.219714 -0.010077 -0.031395 0 0
0.634112 1 0.033794 0 0.306438 0.152438 -0.011395 0.00421736 0 0
0.822624 1 0.05075 0 0.256579 0.10195 -0.0124493 0.00670722 0 0
0.936145 0.8 0.0558368 0 0.21258 0.128227 -0.0132928 -0.0273009 0 0
0.977012 0.7 0.0573629 0 0.187348 0.155915 -0.0106342 -0.025174 0 0
0.991724 0.7 0.0578207 0 0.280743 0.148065 -0.00850738 -0.0168059 0 0
0.995035 0.7 0.057958 0 0.327588 0.155119 -0.00347257 -0.0294447 0 0
0.636822 0.7 0.118703 0 0.334798 0.160762 -0.00277806 -0.0288891 0 0
0.407566 0.7 0.0317221 0 0.383888 0.158609 -0.00222245 -0.031778 0 0
0.260842 0.5 0.00562773 0 0.432896 0.190221 -0.00511129 -0.0307557 0 0
0.525204 0.4 -0.00220057 0 0.366443 0.18551 -0.00408903 -0.0332712 0 0
0.336131 0.4 0.105261 0 0.427348 0.215075 -0.0132712 -0.0339503 0 0
0.529074 0.5 0.137499 0 0.371408 0.245393 -0.0139503 0.00217308 0 0
0.423259 0.6 0.105723 0 0.319627 0.182981 -0.0111603 0.0377385 0 0
0.270886 0.7 0.031717 0 0.282368 0.216385 -0.0155949 -0.0191426 0 0
0.50402 0.2 0.00951511 0 0.374322 0.216441 -0.0158092 -0.0359807 0 0
0.403216 0 0.0166703 0 0.369135 0.16982 -0.0126474 0.0398821 0 0
0.554835 0 0.0188169 0 0.472523 0.189189 -0.0134512 -0.0174277 0 0
0.443868 0.1 0.0482126 0 0.448607 0.221351 -0.0140943 0.00539121 0 0
0.284076 0.2 0.0270764 0 0.411517 0.253748 -0.0112755 0.0309796 0 0
0.509085 0.3 0.0207355 0 0.419536 0.269665 -0.0123537 0.00345037 0 0
0.407268 0.4 0.00605755 0 0.408112 0.295732 -0.00988296 0.0220936 0 0
0.556391 0.5 0.00165416 0 0.353517 0.266585 -0.0112397 -0.0323251 0 0
0.445113 0.6 0.0419436 0 0.308957 0.283268 -0.00899176 0.0228066 0 0
0.570923 0.7 0.0540305 0 0.27085 0.163281 -0.0105267 -0.0284214 0 0
0.456739 0.8 0.00825459 0 0.364625 0.220625 -0.00508806 0.0359296 0 0
0.575388 0.9 -0.00547817 0 0.323488 0.253167 -0.00407045 0.0167436 0 0
0.676186 1 -0.009598 0 0.287549 0.272533 -0.00658969 0.00472825 0 0
0.724569 0.9 -0.0108339 0 0.328706 0.29136 -0.00527175 0.0191159 0 0
0.834742 1 0.00572418 0 0.29417 0.329755 -0.00088407 0.0392927 0 0
0.880406 1 0.0106916 0 0.327853 0.34047 -0.000707256 0.0361009 0 0
0.956946 1 0.0121818 0 0.350226 0.36571 -0.0105658 0.00488069 0 0
0.974168 1 0.0126289 0 0.30981 0.389234 -0.00511931 0.0459046 0 0
0.92056 1 0.012763 0 0.314515 0.418054 -0.00742878 0.0307236 0 0
0.971402 0.8 0.0128033 0 0.279781 0.434443 -0.00260969 0.0445789 0 0
0.982841 0.7 0.0589692 0 0.251036 0.440888 -0.00208775 0.0316631 0 0
0.871764 0.6 0.120896 0 0.282948 0.44271 -0.00833687 0.00666384 0 0
0.891068 0.6 0.139474 0 0.261257 0.444168 -0.0066695 0.0279977 0 0
0.712854 0.6 0.0788201 0 0.231384 0.458668 -0.00866893 0.0263982 0 0
0.845302 0.6 0.0606239 0 0.206876 0.460268 -0.0102685 0.0251186 0 0
0.805745 0.6 0.0551651 0 0.190675 0.471548 -0.0115481 0.0240948 0 0
0.786758 0.6 0.0535274 0 0.230862 0.463905 -0.00923849 0.0326092 0 0
0.872055 0.6 0.00105823 0 0.260447 0.481124 -0.000724128 0.0660874 0 0
0.818586 0.7 0.0218896 0 0.296301 0.481566 0.00275403 0.0488699 0 0
0.792921 0.8 0.0117079 0 0.323152 0.471919 0.00220322 0.0350959 0 0
0.50747 0.9 0.0253799 0 0.343628 0.474202 0.00176258 0.0314101 0 0
0.643585 0.8 0.00766549 0 0.362494 0.476028 0.00807673 0.0564614 0 0
0.411895 0.7 0.0262601 0 0.37055 0.470823 0.0131281 0.0605024 0 0
0.597709 0.7 0.0196962 0 0.382155 0.466658 0.0205024 0.0830686 0 0
0.382534 0.7 0.0259089 0 0.383057 0.449993 0.0297353 0.0937882 0 0
0.583616 0.5 0.0031674 0 0.389204 0.449995 0.0271216 0.0683639 0 0
0.624109 0.6 -0.00365504 0 0.389141 0.463329 0.0183639 0.0480245 0 0
0.699572 0.7 -0.00570178 0 0.381243 0.470663 0.0113578 0.0424196 0 0
0.819743 0.7 0.0183968 0 0.384994 0.456531 0.0124196 0.0399357 0 0
0.524636 0.7 0.065519 0 0.387996 0.451891 0.013269 0.0406152 0 0
0.60146 0.7 0.0796557 0 0.380985 0.35818 0.0139485 0.0644922 0 0
0.856526 0.8 0.0838967 0 0.38264 0.369877 0.0144922 0.0549271 0 0
0.913915 0.9 0.00981812 0 0.381929 0.355902 0.0149271 0.0419416 0 0
0.838679 1 0.0388429 0 0.391061 0.364721 0.015275 0.0588867 0 0
0.802566 0.7 0.0277713 0 0.398366 0.368444 0.0155533 0.0624427 0 0
0.871139 0.7 0.0244498 0 0.418693 0.374755 0.015776 0.0492875 0 0
0.818147 0.6 0.0234534 0 0.39385 0.316471 0.0126208 0.03343 0 0
0.79271 0.6 0.0231544 0 0.322923 0.299843 0.0100966 0.0280773 0 0
0.780501 0.5 0.0230648 0 0.27606 0.299843 0.0100966 0.0280773 0 0
0.774641 0.6 0.0230378 0 0.247038 0.269875 0.0080773 0.0531285 0 0
0.619712 0.6 0.0199433 0 0.207694 0.1759 -0.000204823 0.0165028 0 0
0.63797 0.6 0.0190149 0 0.172935 0.14072 -0.00349719 0.0238689 0 0
0.782782 0.6 0.0187364 0 0.165163 0.149242 0.0138689 0.111095 0 0
0.50098 0.7 0.061418 0 0.159644 0.122727 0.0110951 0.0622094 0 0
0.320627 0.6 0.0742225 0 0.217077 0.108182 0.0088761 0.0637676 0 0
0.205202 0.6 0.0588947 0 0.175756 0.0832121 0.00710088 0.0756807 0 0
0.498497 0.5 0.0542963 0 0.153719 0.16657 -0.00431929 0.0332112 0 0
0.319038 0.6 0.0600389 0 0.193683 0.129922 -0.0101221 0.0519023 0 0
0.204184 0.5 0.0617617 0 0.234946 0.117271 -0.0247643 -0.00647814 0 0
0.130678 0.6 0.0622785 0 0.193868 0.117271 -0.0247643 -0.00647814 0 0
0.462725 0.7 -0.0159095 0 0.15761 0.10715 -0.0364781 -0.0358492 0 0
0.773265 0.7 -0.0393659 0 0.265443 0.0857203 -0.0358492 -0.0286793 0 0
0.918375 0.7 -0.0464028 0 0.219762 0.0685762 -0.0420127 -0.0336101 0 0
0.84082 0.8 -0.0485139 0 0.190716 0.084861 -0.0436101 -0.0515548 0 0
0.904492 0.9 -0.0911167 0 0.169857 0.0712221 -0.0482214 -0.0419105 0 0
0.578875 1 -0.231502 0 0.290487 0.0569777 -0.0519105 -0.0415284 0 0
0.37048 0.8 -0.24445 0 0.247296 0.0455822 -0.0548617 -0.0438894 0 0
0.746698 0.7 -0.248335 0 0.360337 0.0397991 -0.0572227 -0.0424448 0 0
0.758415 0.6 -0.249501 0 0.300997 0.0418392 -0.0624448 -0.0032892 0 0
0.855049 0.6 -0.24985 0 0.261168 0.0234714 -0.0566225 0.0113686 0 0
0.547231 0.6 -0.249955 0 0.210728 0.0254438 -0.0419647 -0.0269051 0 0
0.662671 0.5 -0.249987 0 0.173964 0.0270217 -0.0302384 -0.0175241 0 0
0.830849 0.4 -0.249996 0 0.160748 0.0249507 -0.0375241 -0.00335259 0 0
0.89851 0.5 -0.249999 0 0.151133 0.0266272 -0.0366859 0.0173179 0 0
0.831285 0.6 -0.25 0 0.267312 0.0346351 -0.0393487 -0.051479 0 0
0.87941 0.7 -0.25 0 0.222226 0.0346351 -0.0393487 -0.051479 0 0
0.927646 0.8 -0.25 0 0.222226 0.0346351 -0.0393487 -0.051479 0 0
0.907162 0.9 -0.25 0 0.222226 0.0346351 -0.0393487 -0.051479 0 0
0.966578 1 -0.25 0 0.222226 0.0346351 -0.0393487 -0.051479 0 0
0.863958 1 -0.25 0 0.222226 0.0346351 -0.0393487 -0.051479 0 0
0.951025 1 -0.25 0 0.222226 0.0346351 -0.0393487 -0.051479 0 1
0.951025 0.8 -0.25 0 0.222226 0.0346351 -0.0393487 -0.051479 0 1
0.970615 0.9 -0.25 0 0.222226 0.0346351 -0.0393487 -0.051479 0 1
0.919537 1 -0.25 0 0.222226 0.0346351 -0.0393487 -0.051479 0 1
0.971033 1 -0.25 0 0.222226 0.0346351 -0.0393487 -0.051479 0 1
0.989572 1 -0.25 0 0.222226 0.0346351 -0.0393487 -0.051479 0 1
0.996246 1 -0.25 0 0.222226 0.0346351 -0.0393487 -0.051479 0 1
0.997748 1 -0.25 0 0.222226 0.0346351 -0.0393487 -0.051479 0 1
0.638558 1 -0.25 0 0.403632 0.0346351 -0.0393487 -0.051479 0 1
0.645206 1 -0.25 0 0.405762 0.117708 -0.0348123 -0.0111832 0 1
0.787124 1 -0.25 0 0.369347 0.140833 -0.0311832 -0.0316132 0 1
0.777819 1 -0.25 0 0.429763 0.209333 -0.0249466 0.0167094 0 1
0.497804 1 0.0148026 0 0.451503 0.1708 -0.0166239 0.0500342 0 1
0.591157 1 0.0942434 0 0.450091 0.15664 -0.00996579 -0.0679726 0 1
0.472926 1 0.118076 0 0.494266 0.185312 -0.011306 -0.00237811 0 1
0.627004 1 0.125225 0 0.485479 0.211583 -0.0157114 -0.0192358 0 1
0.64077 1 0.12737 0 0.487747 0.219266 -0.0125692 -0.0333887 0 1
0.512616 0.7 -0.0178787 0 0.411112 0.22208 -0.0133887 -0.0140443 0 1
0.328074 0.7 -0.0614533 0 0.341793 0.25433 -0.0173776 -0.0205687 0 1
0.52598 0.7 -0.0745257 0 0.405047 0.263464 -0.0139021 0.00554501 0 1
0.420784 0.7 -0.0784475 0 0.347115 0.257438 -0.014455 -0.041564 0 1
0.269302 0.7 -0.079624 0 0.437692 0.282617 -0.0148973 -0.0119179 0 1
0.503412 0.7 -0.0799769 0 0.498802 0.306094 -0.0119179 0.00713238 0 1
0.40273 0.7 -0.00322288 0 0.441426 0.324875 -0.0128676 -0.0136274 0 1
0.257747 0.7 0.0411628 0 0.437756 0.3199 -0.0136274 -0.0342353 0 1
0.498975 0.5 0.0544784 0 0.411132 0.32592 -0.0142353 -0.0147216 0 1
0.699385 0.6 0.00859295 0 0.42555 0.337403 -0.0147216 -0.0117772 0 1
0.447606 0.7 -0.00517269 0 0.487107 0.336589 -0.0151106 -0.0054218 0 1
0.286468 0.8 -0.00930239 0 0.445629 0.352604 -0.0187551 0.00166256 0 1
0.510004 0.8 -0.0105413 0 0.455205 0.342083 -0.0150041 -0.00200328 0 1
0.408003 0.5 -0.0387485 0 0.548164 0.210333 -0.0220033 -0.0142693 0 1
0.595841 0.5 -0.0472107 0 0.637152 0.254933 -0.0242693 -0.0060821 0 1
0.381339 0.4 -0.0325843 0 0.538293 0.290613 -0.0227488 -0.00153235 0 1
0.244057 0.3 0.0056659 0 0.505997 0.335824 -0.0315323 -0.00855921 0 0
0.156196 0.3 -0.0262083 0 0.523946 0.355326 -0.0318925 -0.0121807 0 0
0.0999656 0.3 -0.0121308 0 0.52654 0.354261 -0.0288474 -0.0130779 0 0
0.063978 0.1 -0.117664 0 0.519134 0.370075 -0.0297446 -0.00712898 0 0
0.430709 0.1 -0.133216 0 0.444937 0.392727 -0.027129 0.0116301 0 0
0.275654 0.1 -0.102876 0 0.445804 0.404181 -0.0217032 0.0159708 0 0
0.176419 0.2 -0.0308627 0 0.52355 0.413345 -0.0173625 0.02611 0 0
0.467745 0.3 -0.00925881 0 0.433024 0.377343 -0.01389 0.0155546 0 0
0.374196 0.4 -0.105217 0 0.412607 0.401874 -0.00444537 0.0631104 0 0
0.239485 0.3 -0.0998082 0 0.346987 0.418166 -0.00688963 0.031155 0 0
0.514953 0.4 -0.0703271 0 0.436493 0.424533 -0.00217837 0.044924 0 0
0.788306 0.5 -0.0614827 0 0.383977 0.44296 0.00492397 0.0706058 0 0
0.872984 0.6 -0.0434448 0 0.348358 0.461034 -0.00272749 0.0344847 0 0
0.819032 0.7 -0.0380334 0 0.32473 0.468828 0.00448468 0.0735877 0 0
0.524181 0.6 -0.0580009 0 0.311582 0.485062 0.0102544 0.0748702 0 0
0.335476 0.4 0.0565731 0 0.300879 0.484716 0.00153686 0.0112295 0 0
0.214704 0.5 -0.0296863 0 0.305951 0.48444 -0.00210385 0.0349836 0 0
0.137411 0.6 -0.0964059 0 0.310475 0.467552 0.00165026 0.0679869 0 0
0.0879429 0.5 -0.193316 0 0.313086 0.487375 -0.0086798 0.0297228 0 0
0.442213 0.5 -0.222701 0 0.451973 0.486566 -0.0136105 0.0257783 0 0
0.283016 0.5 -0.168639 0 0.424435 0.489253 -0.00422174 0.0632893 0 0
0.18113 0.5 -0.0633967 0 0.397102 0.488069 -0.00671072 0.0312981 0 0
0.115923 0.3 -0.136519 0 0.36948 0.487122 -0.00870191 0.0297051 0 0
0.074191 0.3 -0.143733 0 0.34486 0.499698 -0.0136282 0.0257641 0 0
0.435612 0.3 -0.120326 0 0.323295 0.503091 -0.0142359 0.025278 0 0
