898 8 2
0.858783 0.3 -0.485258 0 0.361857 1.73333 1.73333 1.73333 0 0
0.91527 0.4 -0.0622442 0 0.415594 1.38667 1.38667 1.10933 0 0
0.751464 0.5 0.0646601 0 0.359142 1.10933 1.10933 0.887467 0 0
0.850878 0.6 0.162555 0 0.314631 0.887467 0.887467 0.709973 0 0
0.808422 0.7 -0.00691535 0 0.281555 0.887467 0.887467 0.709973 0 0
0.788042 0.6 0.174439 0 0.309558 0.887467 0.887467 0.709973 0 0
0.866956 0.6 0.228846 0 0.348139 0.887467 0.887467 0.709973 0 0
0.816139 0.7 0.245168 0 0.407543 0.709973 0.709973 0.567979 0 0
0.889683 0.7 0.125175 0 0.356963 0.584645 0.561312 0.465716 0 0
0.741638 0.4 0.0891776 0 0.424517 0.467716 0.44905 0.35924 0 0
0.90699 0.3 0.0783783 0 0.369614 0.467716 0.44905 0.35924 0 0
0.966516 0.3 0.0751385 0 0.436868 0.374173 0.355906 0.284725 0 0
0.987946 0.3 0.0741666 0 0.355843 0.374173 0.355906 0.284725 0 0
0.874214 0 0.073875 0 0.401107 0.374173 0.355906 0.284725 0 0
0.924528 0.1 -0.173671 0 0.464043 0.299338 0.281392 0.225113 0 0
0.591698 0.2 -0.222074 0 0.47 0.246137 0.228447 0.189424 0 0
0.627212 0 -0.236595 0 0.506144 0.19691 0.179424 0.143539 0 0
0.865796 0 -0.240951 0 0.534208 0.160861 0.146873 0.120831 0 0
0.919478 0.1 -0.242258 0 0.548296 0.128689 0.117498 0.0939984 0 0
0.841349 0.2 0.241116 0 0.575951 0.128689 0.117498 0.0939984 0 0
0.882309 0.3 0.386128 0 0.575951 0.128689 0.117498 0.0939984 0 0
0.823508 0.4 0.429631 0 0.634094 0.146285 0.103998 0.129865 0 0
0.936463 0.5 0.442683 0 0.634094 0.146285 0.103998 0.129865 0 0
0.961878 0.6 0.115305 0 0.634094 0.146285 0.103998 0.129865 0 0
0.917021 0.7 0.0170914 0 0.634094 0.146285 0.103998 0.129865 0 0
0.84017 0.8 -0.0123726 0 0.634094 0.146285 0.103998 0.129865 0 0
0.803282 0.9 -0.123472 0 0.634094 0.146285 0.103998 0.129865 1 0
0.929181 1 -0.156802 0 0.634094 0.146285 0.103998 0.129865 1 0
0.957509 1 0.0229595 0 0.634094 0.146285 0.103998 0.129865 1 0
0.915763 1 0.0768879 0 0.634094 0.146285 0.103998 0.129865 1 0
0.969675 0.9 0.0930664 0 0.634094 0.146285 0.103998 0.129865 1 0
0.989083 1 0.0979199 0 0.634094 0.146285 0.103998 0.129865 1 0
0.99607 1 0.099376 0 0.634094 0.146285 0.103998 0.129865 1 0
0.997642 0.8 0.290359 0 0.634094 0.146285 0.103998 0.129865 1 0
0.927321 0.9 0.347654 0 0.634094 0.146285 0.103998 0.129865 1 0
0.973836 1 0.364842 0 0.634094 0.146285 0.103998 0.129865 1 0
0.990581 1 0.369998 0 0.634094 0.146285 0.103998 0.129865 1 0
0.994348 1 0.341416 0 0.634094 0.146285 0.103998 0.129865 1 0
0.926372 0.8 0.332842 0 0.634094 0.146285 0.103998 0.129865 1 0
0.955823 0.9 0.330269 0 0.634094 0.146285 0.103998 0.129865 1 0
0.915277 1 0.329497 0 0.634094 0.146285 0.103998 0.129865 1 0
0.839333 1 0.329266 0 0.634094 0.146285 0.103998 0.129865 1 0
0.94216 1 0.329196 0 0.634094 0.146285 0.103998 0.129865 1 0
0.852237 1 0.329176 0 0.634094 0.146285 0.103998 0.129865 1 0
0.946805 1 0.329169 0 0.634094 0.146285 0.103998 0.129865 1 0
0.968083 1 -0.0470825 0 0.634094 0.146285 0.103998 0.129865 1 0
0.771744 1 -0.159958 0 0.635086 0.146285 0.103998 0.129865 1 0
0.917828 1 -0.193821 0 0.635086 0.146285 0.103998 0.129865 1 0
0.840557 1 -0.20398 0 0.635086 0.146285 0.103998 0.129865 1 0
0.942601 0.8 -0.207027 0 0.635086 0.146285 0.103998 0.129865 1 0
0.96556 0.9 -0.114191 0 0.620661 0.146285 0.103998 0.129865 1 0
0.918081 1 -0.0863408 0 0.620661 0.146285 0.103998 0.129865 1 0
0.970509 1 -0.0779856 0 0.620661 0.146285 0.103998 0.129865 1 0
0.989383 0.8 -0.075479 0 0.620661 0.146285 0.103998 0.129865 1 0
0.99363 0.8 -0.0714809 0 0.593 0.146285 0.103998 0.129865 1 0
0.926165 0.7 -0.0702815 0 0.593 0.146285 0.103998 0.129865 1 0
0.955699 0.8 -0.0829892 0 0.512954 0.127028 0.0865321 0.0758923 1 0
0.915241 0.8 -0.0868015 0 0.512954 0.127028 0.0865321 0.0758923 1 0
0.732193 0.8 -0.0447905 0 0.5262 0.127028 0.0865321 0.0758923 1 0
0.468604 0.8 -0.0321871 0 0.452333 0.104955 0.0758923 0.0640472 1 0
0.774958 0.7 -0.0284061 0 0.452333 0.104955 0.0758923 0.0640472 1 0
0.619966 0.8 0.247944 0 0.36992 0.104955 0.0758923 0.0640472 1 0
0.697584 0.9 0.320935 0 0.423936 0.104955 0.0758923 0.0640472 1 0
0.446454 1 0.342832 0 0.344482 0.104955 0.0758923 0.0640472 1 0
0.28573 1 0.27785 0 0.344482 0.104955 0.0758923 0.0640472 1 0
0.182867 1 0.124531 0 0.344482 0.104955 0.0758923 0.0640472 1 0
0.117035 0.8 0.210708 0 0.344482 0.104955 0.0758923 0.0640472 1 0
0.0749025 0.7 0.327759 0 0.373946 0.104955 0.0758923 0.0640472 1 0
0.428763 0.6 0.362875 0 0.33148 0.104955 0.0758923 0.0640472 1 0
0.34301 0.7 -0.0939785 0 0.299047 0.104955 0.0758923 0.0640472 1 0
0.738787 0.7 -0.231034 0 0.274705 0.104955 0.0758923 0.0640472 0 0
0.843272 0.6 -0.0193103 0 0.359348 0.104955 0.0758923 0.0640472 0 0
0.804771 0.7 -0.157898 0 0.322711 0.120631 0.0607139 0.0785711 0 0
0.871774 0.6 -0.199474 0 0.39421 0.0965048 0.0552378 0.0441902 0 0
0.923064 0.7 -0.143785 0 0.450105 0.0772039 0.0441902 0.0353522 0 0
0.754457 0.8 -0.127079 0 0.458084 0.0772039 0.0441902 0.0353522 0 0
0.852674 0.9 0.0251036 0 0.492998 0.0772039 0.0441902 0.0353522 0 0
0.809284 0.8 0.0622028 0 0.532618 0.0772039 0.0441902 0.0353522 0 0
0.788456 0.6 0.0165775 0 0.45784 0.105096 0.0320188 0.0589484 0 0
0.778459 0.6 0.0749733 0 0.499606 0.130744 0.0289484 0.0564921 0 0
0.498214 0.5 0.223556 0 0.461345 0.130744 0.0289484 0.0564921 0 0
0.639143 0.6 -0.0491484 0 0.449076 0.107928 0.0264921 0.024527 0 0
0.409051 0.6 -0.0397445 0 0.427383 0.0863427 0.0178603 0.0142882 0 0
0.261793 0.5 -0.0517608 0 0.476153 0.0863427 0.0178603 0.0142882 0 0
0.167547 0.6 -0.123943 0 0.435468 0.0863427 0.0178603 0.0142882 0 0
0.480423 0.6 -0.295819 0 0.435468 0.0863427 0.0178603 0.0142882 0 0
0.778362 0.7 -0.173105 0 0.435468 0.0863427 0.0178603 0.0142882 0 0
0.773614 0.8 -0.13629 0 0.435468 0.0863427 0.0178603 0.0142882 0 0
0.771335 0.9 -0.00641742 0 0.435468 0.0863427 0.0178603 0.0142882 0 0
0.770241 1 0.00244977 0 0.435468 0.0863427 0.0178603 0.0142882 0 0
0.769715 1 0.00510993 0 0.435468 0.0863427 0.0178603 0.0142882 0 0
0.917098 1 0.00590798 0 0.435468 0.0863427 0.0178603 0.0142882 0 0
0.733678 1 -0.182176 0 0.507724 0.0863427 0.0178603 0.0142882 0 0
0.851299 0.8 -0.238602 0 0.507724 0.0863427 0.0178603 0.0142882 1 0
0.91078 0.9 -0.00741387 0 0.507724 0.0863427 0.0178603 0.0142882 1 0
0.902305 0.8 0.0619425 0 0.507724 0.0863427 0.0178603 0.0142882 1 0
0.96483 0.9 0.0827494 0 0.507724 0.0863427 0.0178603 0.0142882 1 0
0.987339 1 0.0889915 0 0.507724 0.0863427 0.0178603 0.0142882 1 0
0.992403 0.9 0.0908641 0 0.507724 0.0863427 0.0178603 0.0142882 1 0
0.925812 1 0.0914259 0 0.507724 0.0863427 0.0178603 0.0142882 1 0
0.973292 0.9 0.0915944 0 0.507724 0.0863427 0.0178603 0.0142882 1 0
0.990385 1 0.091645 0 0.507724 0.0863427 0.0178603 0.0142882 1 0
0.994231 1 -0.225007 0 0.538832 0.0863427 0.0178603 0.0142882 1 0
0.781785 1 -0.320002 0 0.538832 0.0863427 0.0178603 0.0142882 1 0
0.921443 0.8 -0.148084 0 0.538832 0.0863427 0.0178603 0.0142882 1 0
0.842292 0.9 -0.0965085 0 0.538832 0.0863427 0.0178603 0.0142882 1 0
0.673834 1 0.0694849 0 0.479903 0.0863427 0.0178603 0.0142882 1 0
0.658752 1 0.119283 0 0.416065 0.0863427 0.0178603 0.0142882 1 0
0.527002 1 -0.224472 0 0.435026 0.0863427 0.0178603 0.0142882 1 0
0.602369 1 -0.00694242 0 0.435026 0.0863427 0.0178603 0.0142882 1 0
0.689137 1 0.0583163 0 0.443939 0.0863427 0.0178603 0.0142882 1 0
0.55131 1 -0.103659 0 0.447459 0.0863427 0.0178603 0.0142882 1 0
0.352838 1 -0.0495187 0 0.443275 0.0863427 0.0178603 0.0142882 1 0
0.225816 1 -0.0597274 0 0.443275 0.0863427 0.0178603 0.0142882 1 0
0.144523 1 -0.0493285 0 0.44329 0.0863427 0.0178603 0.0142882 1 0
0.469371 1 0.210201 0 0.44329 0.0863427 0.0178603 0.0142882 1 0
0.300397 1 0.15056 0 0.467132 0.0863427 0.0178603 0.0142882 1 0
0.192254 0.8 0.192537 0 0.467132 0.0863427 0.0178603 0.0142882 1 0
0.123043 0.8 0.210188 0 0.461511 0.0863427 0.0178603 0.0142882 0 0
0.0787474 0.8 0.237648 0 0.461511 0.0863427 0.0178603 0.0142882 0 0
0.0503983 0.8 -0.0891224 0 0.452978 0.0863427 0.0178603 0.0142882 0 0
0.0322549 0.7 0.143776 0 0.397625 0.0863427 0.0178603 0.0142882 0 0
0.412386 0.8 0.213646 0 0.402607 0.0863427 0.0178603 0.0142882 0 0
0.597945 0.8 0.234607 0 0.402607 0.0863427 0.0178603 0.0142882 0 0
0.478356 0.7 0.286797 0 0.40639 0.0863427 0.0178603 0.0142882 0 0
0.583689 0.8 0.302454 0 0.40639 0.0863427 0.0178603 0.0142882 0 0
0.466951 0.9 0.317453 0 0.40639 0.0863427 0.0178603 0.0142882 0 0
0.624137 0.8 0.30622 0 0.40639 0.0863427 0.0178603 0.0142882 0 0
0.399447 0.8 0.170155 0 0.418645 0.0863427 0.0178603 0.0142882 0 0
0.255646 0.8 0.0296124 0 0.439264 0.0863427 0.0178603 0.0142882 0 0
0.163614 0.8 0.192217 0 0.426177 0.0863427 0.0178603 0.0142882 0 0
0.462828 0.8 0.240998 0 0.422327 0.0863427 0.0178603 0.0142882 0 0
0.677697 0.8 -0.0589505 0 0.470215 0.0863427 0.0178603 0.0142882 0 0
0.725294 0.8 -0.148935 0 0.517348 0.0863427 0.0178603 0.0142882 0 0
0.748141 0.7 -0.319485 0 0.517348 0.0863427 0.0178603 0.0142882 0 0
0.687286 0.8 -0.37065 0 0.517348 0.0863427 0.0178603 0.0142882 0 0
0.812372 0.9 0.119624 0 0.517348 0.0863427 0.0178603 0.0142882 0 0
0.519918 1 -0.112729 0 0.517348 0.0863427 0.0178603 0.0142882 0 0
0.789736 1 -0.182435 0 0.517348 0.0863427 0.0178603 0.0142882 0 0
0.924305 1 -0.203346 0 0.517348 0.0863427 0.0178603 0.0142882 0 0
0.954583 1 0.0747104 0 0.517348 0.0863427 0.0178603 0.0142882 0 0
0.76656 1 0.247413 0 0.517348 0.0863427 0.0178603 0.0142882 0 0
0.915962 1 0.299224 0 0.517348 0.0863427 0.0178603 0.0142882 0 0
0.949577 1 0.282267 0 0.517348 0.0863427 0.0178603 0.0142882 0 0
0.913478 1 0.27718 0 0.517348 0.0863427 0.0178603 0.0142882 0 0
0.948087 1 -0.0376793 0 0.565816 0.0863427 0.0178603 0.0142882 0 0
0.606776 1 0.0586962 0 0.610636 0.0863427 0.0178603 0.0142882 0 0
0.388336 1 0.165978 0 0.610636 0.0863427 0.0178603 0.0142882 1 0
0.549121 1 -0.0210398 0 0.610636 0.0863427 0.0178603 0.0142882 1 0
0.837684 1 -0.0771453 0 0.610636 0.0863427 0.0178603 0.0142882 1 0
0.670147 0.8 0.0942758 0 0.544725 0.0863427 0.0178603 0.0142882 1 0
0.833002 0.9 0.145702 0 0.544725 0.0863427 0.0178603 0.0142882 1 0
0.939881 1 0.16113 0 0.544725 0.0863427 0.0178603 0.0142882 1 0
0.963929 1 -0.268848 0 0.600486 0.0863427 0.0178603 0.0142882 1 0
0.616914 1 0.121357 0 0.585765 0.0863427 0.0178603 0.0142882 1 0
0.636895 0.9 0.238419 0 0.585765 0.0863427 0.0178603 0.0142882 1 0
0.869282 1 -0.0618078 0 0.585765 0.0863427 0.0178603 0.0142882 1 0
0.921569 1 -0.308386 0 0.633901 0.0863427 0.0178603 0.0142882 1 0
0.589804 1 0.137693 0 0.562677 0.0863427 0.0178603 0.0142882 1 0
0.626485 1 0.271516 0 0.562677 0.0863427 0.0178603 0.0142882 1 0
0.501188 1 0.264797 0 0.504489 0.0863427 0.0178603 0.0142882 1 0
0.64057 1 0.264939 0 0.52533 0.0863427 0.0178603 0.0142882 1 0
0.824484 1 0.264982 0 0.483679 0.0863427 0.0178603 0.0142882 1 0
0.659587 0.9 0.19273 0 0.449974 0.0863427 0.0178603 0.0142882 1 0
0.422136 0.6 0.131857 0 0.449974 0.0863427 0.0178603 0.0142882 1 0
0.270167 0.6 0.275009 0 0.449974 0.0863427 0.0178603 0.0142882 1 0
0.172907 0.6 -0.16975 0 0.449974 0.0863427 0.0178603 0.0142882 1 0
0.689797 0.5 -0.303177 0 0.449974 0.0863427 0.0178603 0.0142882 1 0
0.551838 0.4 -0.023096 0 0.449974 0.0863427 0.0178603 0.0142882 1 0
0.353176 0.3 0.0738404 0 0.449974 0.0863427 0.0178603 0.0142882 1 0
0.53562 0.3 0.251435 0 0.449974 0.0863427 0.0178603 0.0142882 1 0
0.428496 0.2 0.247699 0 0.449974 0.0863427 0.0178603 0.0142882 1 0
0.274237 0.3 -0.145458 0 0.452464 0.115741 0.0276216 0.0687639 1 0
0.175512 0.4 0.122388 0 0.447686 0.115741 0.0276216 0.0687639 1 0
0.467397 0.5 0.202742 0 0.450601 0.115741 0.0276216 0.0687639 1 0
0.373917 0.6 0.226612 0 0.446606 0.115741 0.0276216 0.0687639 1 0
0.543584 0.7 0.233773 0 0.450817 0.115741 0.0276216 0.0687639 1 0
0.66092 0.8 0.235921 0 0.413081 0.115741 0.0276216 0.0687639 1 0
0.796552 0.9 0.111169 0 0.433029 0.115741 0.0276216 0.0687639 1 0
0.869407 1 0.0737437 0 0.444884 0.115741 0.0276216 0.0687639 1 0
0.952987 1 0.062516 0 0.44546 0.115741 0.0276216 0.0687639 1 0
0.971792 1 0.0720157 0 0.452703 0.115741 0.0276216 0.0687639 0 0
0.621947 1 0.0575021 0 0.454946 0.115741 0.0276216 0.0687639 0 0
0.698534 1 0.0431029 0 0.489447 0.115741 0.0276216 0.0687639 0 0
0.841178 1 0.0387831 0 0.489447 0.115741 0.0276216 0.0687639 0 0
0.942824 1 0.0374872 0 0.489447 0.115741 0.0276216 0.0687639 0 0
0.852556 1 0.00379936 0 0.489447 0.115741 0.0276216 0.0687639 0 0
0.94692 0.7 -0.006307 0 0.489447 0.115741 0.0276216 0.0687639 0 0
0.980891 0.7 -0.00933891 0 0.489447 0.115741 0.0276216 0.0687639 0 0
0.988535 0.5 0.102198 0 0.489447 0.115741 0.0276216 0.0687639 1 0
0.924698 0.6 0.135659 0 0.489447 0.115741 0.0276216 0.0687639 1 0
0.972891 0.7 0.145698 0 0.489447 0.115741 0.0276216 0.0687639 1 0
0.983735 0.7 0.15233 0 0.489447 0.115741 0.0276216 0.0687639 1 0
0.872193 0.5 0.260717 0 0.489447 0.115741 0.0276216 0.0687639 1 0
0.818653 0.6 0.241548 0 0.489447 0.115741 0.0276216 0.0687639 1 0
0.875772 0.7 0.235798 0 0.489447 0.115741 0.0276216 0.0687639 1 0
0.925463 0.8 0.275912 0 0.489447 0.115741 0.0276216 0.0687639 1 0
0.906533 0.9 0.287946 0 0.489447 0.115741 0.0276216 0.0687639 1 0
0.725227 1 -0.0886162 0 0.489447 0.115741 0.0276216 0.0687639 1 0
0.748109 1 -0.201585 0 0.489447 0.115741 0.0276216 0.0687639 1 0
0.759092 1 0.0993071 0 0.489447 0.115741 0.0276216 0.0687639 1 0
0.764364 1 0.189575 0 0.489447 0.115741 0.0276216 0.0687639 1 0
0.766895 1 0.202706 0 0.489447 0.115741 0.0276216 0.0687639 1 0
0.76811 0.9 0.25995 0 0.489447 0.115741 0.0276216 0.0687639 1 0
0.768693 1 0.30481 0 0.489447 0.115741 0.0276216 0.0687639 1 0
0.768972 0.8 0.304238 0 0.538122 0.115741 0.0276216 0.0687639 1 0
0.769107 0.7 0.304066 0 0.537475 0.115741 0.0276216 0.0687639 1 0
0.492228 0.7 0.114869 0 0.528949 0.115741 0.0276216 0.0687639 1 0
0.589016 0.7 0.0581092 0 0.528949 0.115741 0.0276216 0.0687639 1 0
0.682728 0.7 0.0410814 0 0.528949 0.115741 0.0276216 0.0687639 1 0
0.727709 0.7 0.0359731 0 0.511601 0.115741 0.0276216 0.0687639 1 0
0.7493 0.7 0.0344406 0 0.41102 0.115741 0.0276216 0.0687639 1 0
0.909748 0.7 0.0339808 0 0.418572 0.115741 0.0276216 0.0687639 1 0
0.945849 0.7 0.0101942 0 0.427927 0.115741 0.0276216 0.0687639 1 0
0.854007 0.8 -0.0208054 0 0.432342 0.115741 0.0276216 0.0687639 1 0
0.885954 0.9 -0.0301052 0 0.433628 0.115741 0.0276216 0.0687639 1 0
0.931572 1 0.0251148 0 0.469008 0.115741 0.0276216 0.0687639 1 0
0.847155 1 0.0334604 0 0.594561 0.102593 0.0287639 0.0296778 1 0
0.883981 1 0.035964 0 0.559649 0.102593 0.0287639 0.0296778 1 0
0.930388 1 -0.188629 0 0.559719 0.102593 0.0287639 0.0296778 0 0
0.846586 0.9 -0.239367 0 0.540238 0.102593 0.0287639 0.0296778 0 0
0.883817 1 -0.254588 0 0.530149 0.102593 0.0287639 0.0296778 0 0
0.824232 0.8 -0.259154 0 0.524678 0.102593 0.0287639 0.0296778 0 0
0.936724 0.7 -0.260524 0 0.521364 0.102593 0.0287639 0.0296778 0 0
0.97722 0.7 -0.260935 0 0.507544 0.102593 0.0287639 0.0296778 0 0
0.869066 0.7 -0.261058 0 0.533308 0.105407 0.0230111 0.0384089 0 0
0.921439 0.7 -0.295417 0 0.432254 0.0909926 0.0217423 0.0240605 0 0
0.753833 0.7 -0.305724 0 0.347965 0.0909926 0.0217423 0.0240605 0 0
0.76184 0.7 -0.308816 0 0.361131 0.0909926 0.0217423 0.0240605 0 0
0.914262 0.5 -0.309744 0 0.290956 0.0909926 0.0217423 0.0240605 0 0
0.73141 0.5 -0.163757 0 0.290956 0.0909926 0.0217423 0.0240605 0 0
0.751077 0.6 -0.17746 0 0.329021 0.0909926 0.0217423 0.0240605 0 0
0.480689 0.7 -0.0113577 0 0.364227 0.0909926 0.0217423 0.0240605 0 0
0.630731 0.8 -0.190339 0 0.293433 0.109461 0.0173938 0.043915 0 0
0.821651 0.8 -0.244034 0 0.293433 0.109461 0.0173938 0.043915 0 0
0.935794 0.8 -0.260142 0 0.324542 0.109461 0.0173938 0.043915 0 0
0.961477 0.8 -0.050411 0 0.360219 0.0942353 0.0172484 0.0204654 0 0
0.615345 0.8 -0.0106361 0 0.360219 0.0942353 0.0172484 0.0204654 0 0
0.393821 0.9 0.0405592 0 0.299044 0.0887216 0.0104654 0.0217056 0 0
0.589034 1 -0.312832 0 0.299044 0.0887216 0.0104654 0.0217056 0 0
0.589034 1 -0.41885 0 0.299044 0.0887216 0.0104654 0.0217056 0 0
0.376982 1 -0.0852703 0 0.250165 0.0709773 0.00837229 0.00669783 0 0
0.580951 1 -0.185026 0 0.222812 0.0867818 0.00669783 0.0286916 0 0
0.678857 1 -0.0897468 0 0.222812 0.0867818 0.00669783 0.0286916 0 0
0.434468 0.8 -0.197854 0 0.350838 0.112759 0.00202493 0.0316199 0 0
0.608545 0.7 -0.027946 0 0.406325 0.150207 -0.00504672 0.0426293 0 0
0.692101 0.6 -0.0405267 0 0.406325 0.150207 -0.00504672 0.0426293 0 0
0.732209 0.6 -0.168541 0 0.340361 0.150207 -0.00504672 0.0426293 0 0
0.75146 0.6 -0.0595367 0 0.29802 0.126832 -0.000704042 0.00610343 0 0
0.760701 0.5 0.0372316 0 0.334249 0.108132 0.0027701 0.00888275 0 0
0.765136 0.6 -0.0179972 0 0.373099 0.116506 -0.00778392 0.0304395 0 0
0.767265 0.6 -0.00539916 0 0.396765 0.103205 0.000439531 0.00701829 0 0
0.768287 0.6 -0.0252684 0 0.441764 0.0825638 0.000351625 0.0002813 0 0
0.768778 0.7 -0.0123102 0 0.386572 0.0727177 0.00361463 0.00955837 0 0
0.769013 0.8 -0.0474431 0 0.333171 0.0581742 -0.000441627 -0.000353302 0 0
0.861476 0.9 -0.0579829 0 0.402707 0.0598727 -0.00368664 0.010384 0 0
0.950131 1 -0.0611449 0 0.455499 0.0478981 -0.00294931 -0.00235945 0 0
0.970079 1 -0.0690014 0 0.513873 0.0383185 -0.00235945 -0.00188756 0 0
0.62085 1 -0.0895529 0 0.456259 0.0373215 0.00144578 0.00782329 0 0
0.397344 1 -0.0592733 0 0.516586 0.0431905 -0.00551005 0.0089253 0 0
0.590725 0.8 -0.0148159 0 0.567584 0.0412191 -0.0010747 0.0058069 0 0
0.810129 0.5 -0.00147866 0 0.60615 0.0329753 -0.000859763 -0.00068781 1 0
0.931646 0.5 0.0025225 0 0.627359 0.0363802 0.00597886 0.0114498 1 0
0.958988 0.6 -0.00799325 0 0.655572 0.0291042 0.00144975 0.0011598 1 0
0.860314 0.6 0.0165209 0 0.669731 0.02995 0.00449314 0.0102612 1 0
0.812951 0.2 -0.0121169 0 0.685259 0.0372933 0.000261175 0.0135423 1 0
0.520289 0.1 0.000970197 0 0.698207 0.0298347 0.00020894 0.000167152 1 0
0.649738 0.2 -0.0535551 0 0.729994 0.0305344 0.00350049 0.00946706 1 0
0.711874 0.3 -0.0586341 0 0.736376 0.0244275 0.00280039 0.00224031 1 0
0.4556 0.4 -0.0700902 0 0.738037 0.019542 0.00224031 0.00179225 1 0
0.771213 0.5 -0.0735271 0 0.75043 0.0156336 0.00179225 0.0014338 1 0
0.862728 0.6 -0.0496897 0 0.739291 0.0125069 0.0014338 0.00114704 1 0
0.552146 0.7 -0.0687531 0 0.638492 0.0100055 0.00114704 0.000917631 1 0
0.612024 0.6 -0.0744721 0 0.655296 0.00800441 0.000917631 0.000734105 1 0
0.767214 0.7 -0.031316 0 0.652072 0.0530702 0.0174008 0.0605873 1 0
0.860958 0.8 -0.0183692 0 0.643124 0.0424562 0.0139206 0.0111365 1 0
0.916575 0.8 -0.13206 0 0.599865 0.0472983 0.00780316 0.0195759 1 0
0.586608 0.6 0.0156452 0 0.563129 0.0511719 0.0029092 0.0156607 1 0
0.375429 0.7 -0.0772213 0 0.534176 0.0542709 -0.00100598 0.0125286 1 0
0.580206 0.8 0.0326444 0 0.527341 0.0434167 -0.00413812 -0.00331049 1 0
0.580206 0.7 0.0656041 0 0.527341 0.0434167 -0.00413812 -0.00331049 1 0
0.371332 0.8 -0.057148 0 0.557357 0.0714 -0.00331049 0.0273516 1 0
0.578239 0.9 -0.0485547 0 0.557357 0.0704534 0.000684939 0.010548 1 0
0.677555 1 -0.0223442 0 0.621547 0.089696 -0.00278538 0.021105 1 0
0.725226 1 -0.0100051 0 0.590167 0.0717568 -0.00222831 -0.00178264 1 0
0.848865 1 -0.00630343 0 0.507736 0.0717568 -0.00222831 -0.00178264 1 0
0.679092 1 0.10922 0 0.412968 0.104072 -0.0117826 0.0272406 1 0
0.835579 1 0.143877 0 0.412968 0.104072 -0.0117826 0.0272406 1 0
0.835579 1 0.154274 0 0.412968 0.104072 -0.0117826 0.0272406 1 0
0.901347 0.9 0.0272605 0 0.338665 0.143258 -0.00942612 0.0491258 1 0
0.832647 1 -0.0298653 0 0.318758 0.143258 -0.00942612 0.0491258 1 0
0.79967 0.7 -0.0789596 0 0.274361 0.144606 -0.0142076 0.00863395 1 0
0.870305 0.8 -0.0936879 0 0.274361 0.129018 -0.00803271 0.00357383 1 0
0.870305 0.8 -0.0981064 0 0.274361 0.129018 -0.00803271 0.00357383 1 0
0.817746 0.8 -0.0994319 0 0.29162 0.129018 -0.00803271 0.00357383 1 0
0.654197 0.8 -0.0223828 0 0.26966 0.103215 -0.00642617 -0.00514094 1 0
0.654197 0.6 0.000731979 0 0.26966 0.103215 -0.00642617 -0.00514094 1 0
0.714015 0.7 0.0252196 0 0.26966 0.103215 -0.00642617 -0.00514094 1 0
0.714015 0.8 0.0325659 0 0.26966 0.103215 -0.00642617 -0.00514094 1 0
0.742727 0.8 -0.0414497 0 0.234576 0.119238 -0.00847427 0.0198872 1 0
0.756509 0.9 -0.00305992 0 0.196404 0.102057 -0.00344608 0.0039098 1 0
0.756509 1 0.00845702 0 0.196404 0.102057 -0.00344608 0.0039098 1 0
0.756509 0.9 0.0119121 0 0.196404 0.102057 -0.00344608 0.0039098 1 0
0.756509 0.8 0.0129486 0 0.196404 0.102057 -0.00344608 0.0039098 1 0
0.756509 0.5 0.0132596 0 0.196404 0.102057 -0.00344608 0.0039098 0 0
0.484166 0.6 0.00883899 0 0.196404 0.128313 -0.00275687 0.0344612 0 0
0.484166 0.5 0.00751281 0 0.196404 0.128313 -0.00275687 0.0344612 0 0
0.309866 0.6 -0.00181593 0 0.262123 0.128313 -0.00275687 0.0344612 0 0
0.198314 0.7 -0.0289232 0 0.316207 0.109317 0.00112784 0.00756894 0 0
0.495191 0.5 -0.0176513 0 0.372506 0.0874534 0.000902272 0.000721818 0 0
0.637692 0.4 -0.0367056 0 0.447712 0.0699627 0.000721818 0.000577454 0 0
0.706092 0.4 -0.00640643 0 0.474079 0.0559702 0.000577454 0.000461963 0 0
0.738924 0.4 0.131631 0 0.533809 0.0447761 0.000461963 0.000369571 0 0
0.754684 0.4 0.0361873 0 0.53803 0.0424876 0.0037029 0.00962899 0 0
0.762248 0.4 -0.00709252 0 0.546031 0.03399 0.00296232 0.00236986 0 0
0.765879 0.2 -0.0053685 0 0.450232 0.0338587 0.00570319 0.0112292 0 0
0.767622 0 -0.00485129 0 0.373669 0.0337536 0.00789589 0.0129834 0 0
0.768459 0.1 -0.00469613 0 0.414087 0.0270029 0.00631671 0.00505337 0 0
0.861316 0.2 -0.00464958 0 0.344906 0.0216023 0.00505337 0.00404269 0 0
0.91679 0.3 -0.0159782 0 0.292299 0.0172819 0.00404269 0.00323416 0 0
0.840059 0.2 0.00492876 0 0.249931 0.0204922 0.00656749 0.0119207 0 0
0.537638 0.2 0.0109381 0 0.215945 0.0163937 0.00525399 0.00420319 0 0
0.658066 0.2 -0.0934291 0 0.189226 0.013115 0.00420319 0.00336255 0 0
0.715872 0.2 -0.0426121 0 0.172071 0.010492 0.00336255 0.00269004 0 0
0.458158 0.3 -0.00792251 0 0.234626 0.0217269 -0.00064329 0.0128187 0 0
0.293221 0.4 -0.0300083 0 0.279655 0.0173815 -0.000514632 -0.000411706 0 0
0.293221 0.5 -0.0366341 0 0.279655 0.0173815 -0.000514632 -0.000411706 0 0
0.293221 0.5 -0.0386218 0 0.279655 0.0173815 -0.000514632 -0.000411706 0 0
0.293221 0.5 -0.0392181 0 0.279655 0.0173815 -0.000514632 -0.000411706 0 0
0.293221 0.4 -0.039397 0 0.279655 0.0173815 -0.000514632 -0.000411706 0 0
0.293221 0.4 -0.0394507 0 0.279655 0.0173815 -0.000514632 -0.000411706 0 0
0.293221 0.4 -0.0394668 0 0.279655 0.0173815 -0.000514632 -0.000411706 0 0
0.512597 0.5 -0.0394716 0 0.324777 0.0439052 -0.00707837 0.031004 0 0
0.410078 0.6 -0.0451748 0 0.316038 0.0417909 -0.00232936 0.00480318 0 0
0.26245 0.6 -0.0573024 0 0.41156 0.0800993 0.0114698 0.0558425 0 0
0.715585 0.4 -0.0609407 0 0.487978 0.0774128 0.00250921 0.0153407 1 0
0.743481 0.5 -0.0620322 0 0.532243 0.0819302 -0.0046593 0.0129392 1 0
0.594785 0.6 -0.0602763 0 0.584454 0.0722109 -0.000394108 0.00635138 1 0
0.380662 0.7 -0.0851042 0 0.555984 0.071102 -0.00364862 0.0104144 1 0
0.582718 0.8 -0.0296979 0 0.464142 0.0668816 0.00374777 0.00966488 1 0
0.679705 0.9 -0.0537812 0 0.459272 0.0635053 0.00966488 0.0143986 1 0
0.435011 1 -0.0771809 0 0.382718 0.0574709 0.0110652 0.0155189 1 0
0.608805 1 -0.0581543 0 0.398321 0.0526434 0.0121855 0.0164151 1 0
0.389635 0.9 -0.0745115 0 0.334126 0.0487814 0.0130818 0.0171321 1 0
0.249367 1 -0.0436949 0 0.285668 0.0856918 0.0271321 0.0683723 1 0
0.495757 1 -0.0344499 0 0.401568 0.11522 0.0383723 0.0773645 1 0
0.396605 1 -0.0149402 0 0.46517 0.0988427 0.0340312 0.0338916 1 0
0.590371 1 -0.0128154 0 0.521072 0.0857408 0.0305583 0.0311133 1 0
0.683378 1 -0.0288446 0 0.436007 0.115259 0.03778 0.0768906 1 0
0.728021 1 0.00209929 0 0.367654 0.138874 0.0435573 0.0815125 1 0
0.84967 0.8 0.0113825 0 0.315905 0.124433 0.0315125 0.0385433 1 0
0.945881 0.9 0.0141674 0 0.379553 0.112879 0.0218767 0.0308347 1 0
0.967529 1 -0.0325919 0 0.380387 0.0903036 0.0175013 0.0140011 1 0
0.864414 1 0.0902224 0 0.425947 0.0789095 0.0173344 0.0205342 1 0
0.864414 1 0.127067 0 0.425947 0.0789095 0.0173344 0.0205342 1 0
0.814919 0.8 0.26562 0 0.436253 0.0964609 0.00720086 0.0124274 1 0
0.814919 0.9 0.307186 0 0.436253 0.0964609 0.00720086 0.0124274 1 0
0.712929 1 0.319656 0 0.402634 0.0964609 0.00720086 0.0124274 1 0
0.896654 1 0.323397 0 0.342383 0.163835 0.00242735 0.0486085 0 0
0.962796 0.8 0.324519 0 0.284659 0.131068 0.00194188 0.00155351 0 0
0.962796 0.9 0.324856 0 0.284659 0.131068 0.00194188 0.00155351 0 0
0.962796 0.8 0.324957 0 0.284659 0.131068 0.00194188 0.00155351 0 0
0.986606 0.8 0.324987 0 0.240631 0.168188 0.00155351 0.0479095 0 0
0.995178 0.7 0.324996 0 0.240631 0.168188 0.00155351 0.0479095 0 0
0.995178 0.8 0.324999 0 0.240631 0.168188 0.00155351 0.0479095 0 0
0.995178 0.5 0.325 0 0.240631 0.168188 0.00155351 0.0479095 0 0
0.877686 0.6 0.325 0 0.240631 0.168188 0.00155351 0.0479095 0 0
0.877686 0.6 0.325 0 0.240631 0.168188 0.00155351 0.0479095 0 0
0.821289 0.4 0.325 0 0.203554 0.168188 0.00155351 0.0479095 0 0
0.657031 0.4 0.00513889 0 0.203554 0.168188 0.00155351 0.0479095 0 0
0.715375 0.5 0.0882885 0 0.207288 0.15455 -0.00209053 0.0149942 0 0
0.846028 0.4 0.113233 0 0.216082 0.126974 -0.00167242 0.00199539 0 0
0.806093 0.5 0.120717 0 0.222595 0.126974 -0.00167242 0.00199539 0 0
0.806093 0.6 0.122962 0 0.222595 0.126974 -0.00167242 0.00199539 0 0
0.930194 0.7 0.123635 0 0.278076 0.138246 -0.00467127 0.0295963 0 0
0.744155 0.8 0.156091 0 0.300768 0.138246 -0.00467127 0.0295963 0 0
0.744155 0.8 0.165827 0 0.300768 0.138246 -0.00467127 0.0295963 0 0
0.744155 0.9 0.168748 0 0.300768 0.138246 -0.00467127 0.0295963 0 0
0.854317 1 0.169624 0 0.300768 0.138246 -0.00467127 0.0295963 0 0
0.947554 1 0.169887 0 0.300768 0.138246 -0.00467127 0.0295963 0 0
0.947554 0.8 0.169966 0 0.300768 0.138246 -0.00467127 0.0295963 0 0
0.758043 0.7 0.0458428 0 0.326504 0.138246 -0.00467127 0.0295963 0 0
0.691089 0.8 0.00860578 0 0.305402 0.187263 0.00292965 0.0690104 0 0
0.691089 0.8 -0.00256532 0 0.305402 0.187263 0.00292965 0.0690104 0 0
0.552871 0.4 -0.190663 0 0.300235 0.196477 0.00567705 0.047875 0 0
0.552871 0.4 -0.247093 0 0.300235 0.196477 0.00567705 0.047875 0 0
0.665378 0.3 0.150231 0 0.312916 0.196477 0.00567705 0.047875 0 0
0.425842 0.4 -0.0265215 0 0.327338 0.196477 0.00567705 0.047875 0 0
0.425842 0.5 -0.0795474 0 0.327338 0.196477 0.00567705 0.047875 0 0
0.425842 0.4 -0.0954551 0 0.327338 0.196477 0.00567705 0.047875 0 0
0.272539 0.5 -0.0795859 0 0.269099 0.157182 0.00454164 0.00363331 0 0
0.174425 0.5 -0.0579667 0 0.222422 0.132412 0.00696665 0.01224 0 0
0.111632 0.2 -0.0681965 0 0.185081 0.112596 0.00890665 0.013792 0 0
0.0714444 0.3 -0.00795894 0 0.155908 0.0900771 0.00712532 0.00570026 0 0
0.434293 0.4 -0.00568957 0 0.13088 0.0720616 0.00570026 0.00456021 0 0
0.608461 0.5 -0.00500876 0 0.106694 0.0576493 0.00456021 0.00364816 0 0
0.692061 0.4 0.00167919 0 0.106819 0.0461195 0.00364816 0.00291853 0 0
0.732189 0 -0.00273698 0 0.0874957 0.0368956 0.00291853 0.00233483 0 0
0.850871 0.1 -0.00406184 0 0.0876761 0.0361831 0.00566816 0.0112012 0 0
0.910522 0.2 -0.00445929 0 0.0721922 0.0289465 0.00453453 0.00362762 1 0
0.90223 0.3 -0.00457853 0 0.0721922 0.0289465 0.00453453 0.00362762 1 0
0.90223 0.4 -0.0046143 0 0.0721922 0.0289465 0.00453453 0.00362762 1 0
0.964803 0.3 -0.00462503 0 0.0721922 0.0289465 0.00453453 0.00362762 1 0
0.964803 0.3 -0.00462825 0 0.0721922 0.0289465 0.00453453 0.00362762 1 0
0.964803 0.4 -0.00462922 0 0.0721922 0.0289465 0.00453453 0.00362762 1 0
0.964803 0.5 -0.00462951 0 0.0721922 0.0289465 0.00453453 0.00362762 1 0
0.771842 0.6 0.0224748 0 0.0721922 0.0289465 0.00453453 0.00362762 1 0
0.696387 0.7 0.0306061 0 0.0721922 0.0289465 0.00453453 0.00362762 1 0
0.817832 0.5 0.0406818 0 0.0654832 0.0289465 0.00453453 0.00362762 1 0
0.817832 0.6 0.0437045 0 0.0654832 0.0289465 0.00453453 0.00362762 1 0
0.523413 0.7 -0.0346159 0 0.0588731 0.0289465 0.00453453 0.00362762 1 0
0.790743 0.8 -0.058112 0 0.0588731 0.0289465 0.00453453 0.00362762 1 0
0.790743 0.9 -0.0651609 0 0.0588731 0.0289465 0.00453453 0.00362762 1 0
0.632594 0.8 -0.164761 0 0.0588731 0.0289465 0.00453453 0.00362762 1 0
0.703645 0.9 -0.142075 0 0.0588731 0.0289465 0.00453453 0.00362762 1 0
0.450333 1 -0.159289 0 0.0588731 0.0289465 0.00453453 0.00362762 1 0
0.61616 1 -0.0127868 0 0.0588731 0.0289465 0.00453453 0.00362762 1 0
0.394342 0.8 -0.145325 0 0.0588731 0.0289465 0.00453453 0.00362762 1 0
0.753571 0.9 -0.185087 0 0.0588731 0.0289465 0.00453453 0.00362762 1 0
0.911285 1 -0.197015 0 0.0588731 0.0289465 0.00453453 0.00362762 1 0
0.911285 0.8 -0.200594 0 0.0588731 0.0289465 0.00453453 0.00362762 1 0
0.946771 0.9 0.0813112 0 0.0588731 0.0289465 0.00453453 0.00362762 1 0
0.91267 1 0.165883 0 0.0588731 0.0289465 0.00453453 0.00362762 1 0
0.91267 1 0.191254 0 0.0588731 0.0289465 0.00453453 0.00362762 1 0
0.968561 0.9 0.198866 0 0.0588731 0.0289465 0.00453453 0.00362762 1 0
0.864909 1 0.201149 0 0.0588731 0.0289465 0.00453453 0.00362762 1 0
0.864909 1 0.201834 0 0.0588731 0.0289465 0.00453453 0.00362762 1 0
0.864909 1 0.20204 0 0.0588731 0.0289465 0.00453453 0.00362762 1 0
0.864909 1 0.202101 0 0.0588731 0.0289465 0.00453453 0.00362762 1 0
0.864909 0.9 0.20212 0 0.0588731 0.0289465 0.00453453 0.00362762 1 0
0.864909 0.8 0.202125 0 0.0588731 0.0289465 0.00453453 0.00362762 1 0
0.951367 0.6 0.202127 0 0.0588731 0.0289465 0.00453453 0.00362762 1 0
0.982492 0.7 0.202127 0 0.0588731 0.0289465 0.00453453 0.00362762 1 0
0.982492 0.8 0.202128 0 0.0588731 0.0289465 0.00453453 0.00362762 1 0
0.982492 0.6 0.202128 0 0.0588731 0.0289465 0.00453453 0.00362762 1 0
0.993697 0.3 0.202128 0 0.0588731 0.0289465 0.00453453 0.00362762 1 0
0.997731 0.4 0.202128 0 0.0588731 0.0289465 0.00453453 0.00362762 1 0
0.997731 0.5 0.202128 0 0.0588731 0.0289465 0.00453453 0.00362762 1 0
0.798185 0.6 0.283914 0 0.166107 0.0289465 0.00453453 0.00362762 1 0
0.783129 0.7 -0.00815909 0 0.166107 0.0289465 0.00453453 0.00362762 1 0
0.700721 0.8 -0.0957811 0 0.166107 0.0289465 0.00453453 0.00362762 1 0
0.89226 0.7 -0.122068 0 0.166107 0.0289465 0.00453453 0.00362762 1 0
0.961214 0.8 -0.129954 0 0.166107 0.0289465 0.00453453 0.00362762 1 0
0.961214 0.7 -0.132319 0 0.166107 0.0289465 0.00453453 0.00362762 1 0
0.768971 0.8 -0.176415 0 0.166107 0.0289465 0.00453453 0.00362762 1 0
0.769106 0.6 0.017909 0 0.203743 0.0289465 0.00453453 0.00362762 1 0
0.492228 0.7 0.112317 0 0.203743 0.0289465 0.00453453 0.00362762 1 0
0.315026 0.8 -0.168195 0 0.203743 0.0289465 0.00453453 0.00362762 1 0
0.730727 0.8 -0.252349 0 0.203743 0.0289465 0.00453453 0.00362762 0 0
0.838436 0.8 -0.061889 0 0.203743 0.0698239 0.0102943 0.0449021 0 0
0.536599 0.8 -0.00588554 0 0.199358 0.0625258 0.0115688 0.0159217 0 0
0.794541 0.8 0.0109155 0 0.21831 0.0625258 0.0115688 0.0159217 0 0
0.876724 0.9 0.0647611 0 0.195904 0.0625258 0.0115688 0.0159217 0 0
0.892497 1 0.0809148 0 0.195904 0.0625258 0.0115688 0.0159217 0 0
0.935498 1 0.0486931 0 0.257928 0.0625258 0.0115688 0.0159217 0 0
0.849039 1 0.0352046 0 0.257928 0.0625258 0.0115688 0.0159217 0 0
0.807539 0.8 -0.0638136 0 0.209139 0.0625258 0.0115688 0.0159217 0 0
0.872571 0.8 -0.0935191 0 0.209139 0.0625258 0.0115688 0.0159217 0 0
0.818834 0.8 -0.102431 0 0.215312 0.0625258 0.0115688 0.0159217 0 0
0.8913 0.8 -0.0466383 0 0.215312 0.0625258 0.0115688 0.0159217 0 0
0.742259 0.8 -0.0299006 0 0.210959 0.0625258 0.0115688 0.0159217 0 0
0.907213 0.8 -0.0248793 0 0.210959 0.0625258 0.0115688 0.0159217 0 0
0.944328 0.8 -0.0353047 0 0.242994 0.0633539 0.0125883 0.0200707 0 0
0.944328 0.7 -0.0384323 0 0.242994 0.0633539 0.0125883 0.0200707 0 0
0.911966 0.8 -0.0393706 0 0.242994 0.0633539 0.0125883 0.0200707 0 0
0.968308 0.9 -0.0396521 0 0.220914 0.0633539 0.0125883 0.0200707 0 0
0.774646 1 -0.00243617 0 0.215286 0.0633539 0.0125883 0.0200707 0 0
0.495774 1 0.0167691 0 0.215286 0.0633539 0.0125883 0.0200707 0 0
0.637971 1 0.173168 0 0.209266 0.0633539 0.0125883 0.0200707 0 0
0.706226 1 0.0112527 0 0.209266 0.0633539 0.0125883 0.0200707 0 0
0.671191 1 -0.0373219 0 0.209401 0.0633539 0.0125883 0.0200707 0 0
0.722172 1 -0.0518942 0 0.209401 0.0633539 0.0125883 0.0200707 0 0
0.833303 1 0.10839 0 0.209401 0.0633539 0.0125883 0.0200707 0 0
0.879991 0.8 0.156475 0 0.209401 0.0633539 0.0125883 0.0200707 0 0
0.927995 0.7 0.139407 0 0.209401 0.0633539 0.0125883 0.0200707 0 0
0.593917 0.7 0.0595437 0 0.169975 0.0573498 0.013404 0.0173899 0 0
0.380107 0.7 -0.129793 0 0.169975 0.0573498 0.013404 0.0173899 0 0
0.582451 0.7 0.0646335 0 0.169975 0.0573498 0.013404 0.0173899 0 0
0.582451 0.7 0.122961 0 0.169975 0.0573498 0.013404 0.0173899 0 0
0.679577 0.7 0.0511742 0 0.138108 0.0558799 0.0173899 0.0205786 0 0
0.660957 0.6 0.029638 0 0.138108 0.0558799 0.0173899 0.0205786 1 0
0.796574 0.7 0.047306 0 0.138108 0.0558799 0.0173899 0.0205786 1 0
0.509808 0.8 -0.148739 0 0.138108 0.0558799 0.0173899 0.0205786 1 0
0.644708 0.9 -0.174941 0 0.138108 0.0558799 0.0173899 0.0205786 1 0
0.412613 0.8 -0.0174823 0 0.138108 0.0558799 0.0173899 0.0205786 1 0
0.412613 0.9 0.0297553 0 0.138108 0.0558799 0.0173899 0.0205786 1 0
0.598054 1 0.127475 0 0.138108 0.0558799 0.0173899 0.0205786 1 0
0.687066 1 0.0949993 0 0.138108 0.0558799 0.0173899 0.0205786 1 0
0.687066 1 0.0852565 0 0.138108 0.0558799 0.0173899 0.0205786 1 0
0.729792 1 0.144125 0 0.138108 0.0558799 0.0173899 0.0205786 1 0
0.729792 1 0.161786 0 0.138108 0.0558799 0.0173899 0.0205786 1 0
0.7503 1 0.178375 0 0.138108 0.0558799 0.0173899 0.0205786 1 0
0.760144 0.9 -0.098907 0 0.165659 0.0558799 0.0173899 0.0205786 1 0
0.764869 1 -0.00374617 0 0.138241 0.0558799 0.0173899 0.0205786 1 0
0.764869 1 0.0248021 0 0.138241 0.0558799 0.0173899 0.0205786 1 0
0.860282 1 0.0333665 0 0.138241 0.0558799 0.0173899 0.0205786 1 0
0.916169 0.8 0.145494 0 0.138241 0.0558799 0.0173899 0.0205786 1 0
0.903857 0.9 0.179132 0 0.138241 0.0558799 0.0173899 0.0205786 1 0
0.903857 1 0.189223 0 0.138241 0.0558799 0.0173899 0.0205786 1 0
0.942314 0.9 0.166142 0 0.138241 0.0558799 0.0173899 0.0205786 1 0
0.603081 1 -0.113867 0 0.138241 0.0558799 0.0173899 0.0205786 1 0
0.385972 1 -0.163757 0 0.138241 0.0558799 0.0173899 0.0205786 1 0
0.585267 0.8 -0.253294 0 0.138241 0.0558799 0.0173899 0.0205786 1 0
0.374571 0.7 -0.211472 0 0.138241 0.0558799 0.0173899 0.0205786 1 0
0.579794 0.8 0.0437013 0 0.138241 0.0558799 0.0173899 0.0205786 1 0
0.579794 0.8 0.120253 0 0.138241 0.0558799 0.0173899 0.0205786 1 0
0.371068 0.6 -0.127987 0 0.138241 0.0558799 0.0173899 0.0205786 1 0
0.237484 0.6 -0.180583 0 0.138241 0.0558799 0.0173899 0.0205786 1 0
0.151989 0.6 0.149992 0 0.138241 0.0558799 0.0173899 0.0205786 1 0
0.0972733 0.5 -0.0904864 0 0.138241 0.0558799 0.0173899 0.0205786 1 0
0.446691 0.6 0.0657112 0 0.138241 0.0558799 0.0173899 0.0205786 1 0
0.285882 0.4 0.25888 0 0.138241 0.0558799 0.0173899 0.0205786 1 0
0.537224 0.5 0.183393 0 0.138241 0.0558799 0.0173899 0.0205786 1 0
0.657867 0.6 0.21908 0 0.138241 0.0558799 0.0173899 0.0205786 1 0
0.657867 0.6 0.229787 0 0.138241 0.0558799 0.0173899 0.0205786 1 0
0.657867 0.5 0.232998 0 0.138241 0.0558799 0.0173899 0.0205786 1 0
0.657867 0.5 0.233962 0 0.138241 0.0558799 0.0173899 0.0205786 1 0
0.657867 0.4 0.234251 0 0.138241 0.0558799 0.0173899 0.0205786 1 0
0.657867 0.3 0.234338 0 0.138241 0.0558799 0.0173899 0.0205786 1 0
0.657867 0.2 0.234364 0 0.138241 0.0558799 0.0173899 0.0205786 1 0
0.657867 0.3 0.234372 0 0.138241 0.0558799 0.0173899 0.0205786 1 0
0.657867 0.4 0.234374 0 0.138241 0.0558799 0.0173899 0.0205786 1 0
0.657867 0.1 0.234375 0 0.138241 0.0558799 0.0173899 0.0205786 1 0
0.657867 0 0.234375 0 0.138241 0.0558799 0.0173899 0.0205786 1 0
0.657867 0 0.234375 0 0.138241 0.0558799 0.0173899 0.0205786 1 1
0.657867 0 0.234375 0 0.138241 0.0558799 0.0173899 0.0205786 1 1
0.657867 0 0.234375 0 0.138241 0.0558799 0.0173899 0.0205786 1 1
0.657867 0.1 0.234375 0 0.138241 0.0558799 0.0173899 0.0205786 1 1
0.657867 0.2 0.234375 0 0.138241 0.0558799 0.0173899 0.0205786 1 1
0.657867 0.3 0.234375 0 0.138241 0.0558799 0.0173899 0.0205786 1 1
0.657867 0.2 0.234375 0 0.138241 0.0558799 0.0173899 0.0205786 1 1
0.657867 0.2 0.234375 0 0.138241 0.0558799 0.0173899 0.0205786 0 0
0.829466 0.3 0.234375 0 0.138241 0.0558799 0.0173899 0.0205786 1 0
0.938608 0.4 0.234375 0 0.138241 0.0558799 0.0173899 0.0205786 1 0
0.938608 0.3 0.234375 0 0.138241 0.0558799 0.0173899 0.0205786 1 0
0.963165 0.4 0.208854 0 0.138241 0.0558799 0.0173899 0.0205786 1 0
0.769855 0.3 0.201198 0 0.138241 0.0558799 0.0173899 0.0205786 1 0
0.615884 0.4 0.156193 0 0.138241 0.0558799 0.0173899 0.0205786 1 0
0.6365 0.5 0.142691 0 0.117955 0.0558799 0.0173899 0.0205786 1 0
0.5092 0.6 0.0828073 0 0.117955 0.0558799 0.0173899 0.0205786 1 0
0.595533 0.7 0.0648422 0 0.117955 0.0558799 0.0173899 0.0205786 1 0
0.75732 0.8 0.0520108 0 0.117955 0.0558799 0.0173899 0.0205786 1 0
0.858108 0.8 0.0481614 0 0.117955 0.0558799 0.0173899 0.0205786 1 0
0.948919 0.9 0.0470066 0 0.113187 0.0558799 0.0173899 0.0205786 1 0
0.981611 1 0.0466601 0 0.114079 0.0558799 0.0173899 0.0205786 1 0
0.988967 1 0.0524127 0 0.102016 0.108037 0.0172452 0.0637962 1 0
0.924822 1 0.0541384 0 0.102016 0.108037 0.0172452 0.0637962 1 0
0.954893 1 -0.123758 0 0.102016 0.108037 0.0172452 0.0637962 1 0
0.915009 1 -0.177128 0 0.102016 0.108037 0.0172452 0.0637962 1 0
0.969403 1 -0.193138 0 0.149449 0.108037 0.0172452 0.0637962 1 0
0.988985 1 -0.197941 0 0.149449 0.108037 0.0172452 0.0637962 1 0
0.993391 1 -0.0991552 0 0.149449 0.108037 0.0172452 0.0637962 1 0
0.993391 1 -0.0695193 0 0.149449 0.108037 0.0172452 0.0637962 1 0
0.876828 1 -0.0452744 0 0.127559 0.108037 0.0172452 0.0637962 1 0
0.820877 1 -0.0385823 0 0.127559 0.108037 0.0172452 0.0637962 1 0
0.876413 1 -0.0365747 0 0.106593 0.108037 0.0172452 0.0637962 1 0
0.955509 1 -0.0359724 0 0.106593 0.108037 0.0172452 0.0637962 1 0
0.983983 1 -0.0357917 0 0.115159 0.108037 0.0172452 0.0637962 1 0
0.872312 1 -0.0357375 0 0.115159 0.108037 0.0172452 0.0637962 1 0
0.81871 1 -0.0357213 0 0.135717 0.108037 0.0172452 0.0637962 1 0
0.934735 1 -0.283391 0 0.135717 0.108037 0.0172452 0.0637962 1 0
0.934735 1 -0.357692 0 0.135717 0.108037 0.0172452 0.0637962 1 0
0.960841 1 0.0711239 0 0.135717 0.108037 0.0172452 0.0637962 0 0
0.768963 0.8 0.199769 0 0.135717 0.108037 0.0172452 0.0637962 0 0
0.916827 0.9 0.238362 0 0.149023 0.108037 0.0172452 0.0637962 0 0
0.970058 1 0.24994 0 0.165919 0.108037 0.0172452 0.0637962 0 0
0.989221 1 0.253413 0 0.16647 0.108037 0.0172452 0.0637962 0 0
0.874826 1 0.254455 0 0.16647 0.108037 0.0172452 0.0637962 0 0
0.699861 0.9 0.0135161 0 0.16647 0.108037 0.0172452 0.0637962 0 0
0.699861 0.8 -0.0587657 0 0.16647 0.108037 0.0172452 0.0637962 0 0
0.447911 0.9 -0.153741 0 0.16647 0.108037 0.0172452 0.0637962 0 0
0.447911 1 -0.182233 0 0.16647 0.108037 0.0172452 0.0637962 0 0
0.447911 1 -0.190781 0 0.16647 0.108037 0.0172452 0.0637962 0 0
0.447911 0.8 -0.193345 0 0.16647 0.108037 0.0172452 0.0637962 0 0
0.614997 0.8 -0.100781 0 0.176605 0.108037 0.0172452 0.0637962 0 0
0.614997 0.8 -0.0730122 0 0.176605 0.108037 0.0172452 0.0637962 0 0
0.695199 0.8 -0.0576991 0 0.176605 0.108037 0.0172452 0.0637962 0 0
0.733695 0.8 -0.0371961 0 0.152334 0.108037 0.0172452 0.0637962 0 0
0.681739 0.8 -0.0310452 0 0.152334 0.108037 0.0172452 0.0637962 0 0
0.681739 0.6 -0.0291999 0 0.152334 0.108037 0.0172452 0.0637962 0 0
0.681739 0.7 -0.0286463 0 0.152334 0.108037 0.0172452 0.0637962 0 0
0.681739 0.8 -0.0284803 0 0.152334 0.108037 0.0172452 0.0637962 0 0
0.885426 0.9 -0.0284304 0 0.152334 0.108037 0.0172452 0.0637962 0 0
0.885426 1 -0.0284155 0 0.152334 0.108037 0.0172452 0.0637962 0 0
0.931256 1 0.204262 0 0.161427 0.108037 0.0172452 0.0637962 0 0
0.757602 1 0.274065 0 0.167644 0.108037 0.0172452 0.0637962 0 0
0.757602 1 0.295006 0 0.167644 0.108037 0.0172452 0.0637962 0 0
0.757602 0.6 0.301289 0 0.167644 0.108037 0.0172452 0.0637962 0 0
0.757602 0.6 0.303173 0 0.167644 0.108037 0.0172452 0.0637962 0 0
0.757602 0.5 0.303739 0 0.167644 0.108037 0.0172452 0.0637962 0 0
0.757602 0.6 0.303908 0 0.167644 0.108037 0.0172452 0.0637962 0 0
0.763649 0.2 0.303959 0 0.167644 0.108037 0.0172452 0.0637962 0 0
0.763649 0.2 0.303975 0 0.167644 0.108037 0.0172452 0.0637962 0 0
0.858189 0.3 0.0868174 0 0.167644 0.108037 0.0172452 0.0637962 0 0
0.887159 0.3 0.0216702 0 0.167644 0.108037 0.0172452 0.0637962 0 0
0.887159 0.3 0.00212606 0 0.167644 0.108037 0.0172452 0.0637962 0 0
0.959377 0.4 -0.00373718 0 0.167644 0.108037 0.0172452 0.0637962 0 0
0.985376 0.5 -0.00549615 0 0.167644 0.108037 0.0172452 0.0637962 0 0
0.985376 0.4 -0.00602385 0 0.167644 0.108037 0.0172452 0.0637962 0 0
0.985376 0.4 -0.00618215 0 0.167644 0.108037 0.0172452 0.0637962 0 0
0.788301 0.5 0.0254556 0 0.167644 0.108037 0.0172452 0.0637962 1 0
0.778384 0.6 0.10655 0 0.167644 0.108037 0.0172452 0.0637962 1 0
0.778384 0.7 0.130878 0 0.167644 0.108037 0.0172452 0.0637962 1 0
0.773624 0.7 0.174747 0 0.167644 0.108037 0.0172452 0.0637962 1 0
0.77134 0.5 0.151934 0 0.167644 0.108037 0.0172452 0.0637962 1 0
0.770243 0.6 0.11196 0 0.167644 0.108037 0.0172452 0.0637962 1 0
0.492956 0.7 -0.119537 0 0.167644 0.108037 0.0172452 0.0637962 1 0
0.636619 0.8 0.0771597 0 0.167644 0.108037 0.0172452 0.0637962 1 0
0.407436 0.9 0.0678288 0 0.167644 0.108037 0.0172452 0.0637962 1 0
0.595569 1 0.139498 0 0.167644 0.108037 0.0172452 0.0637962 1 0
0.381164 0.9 -0.105807 0 0.167644 0.108037 0.0172452 0.0637962 1 0
0.546367 1 -0.179398 0 0.167644 0.108037 0.0172452 0.0637962 1 0
0.546367 1 -0.201476 0 0.167644 0.108037 0.0172452 0.0637962 1 0
0.437094 0.8 0.0810466 0 0.167644 0.108037 0.0172452 0.0637962 1 0
0.765883 0.9 0.165803 0 0.167644 0.108037 0.0172452 0.0637962 1 0
0.765883 1 0.19123 0 0.167644 0.108037 0.0172452 0.0637962 1 0
0.85953 1 0.295667 0 0.167644 0.108037 0.0172452 0.0637962 1 0
0.85953 0.9 0.326998 0 0.167644 0.108037 0.0172452 0.0637962 1 0
0.85953 1 0.336397 0 0.167644 0.108037 0.0172452 0.0637962 0 0
0.85953 0.9 0.339217 0 0.167644 0.108037 0.0172452 0.0637962 0 0
0.85953 1 0.340063 0 0.167644 0.108037 0.0172452 0.0637962 0 0
0.85953 1 0.340317 0 0.167644 0.108037 0.0172452 0.0637962 0 0
0.85953 0.8 0.340393 0 0.167644 0.108037 0.0172452 0.0637962 0 0
0.85953 0.5 0.340416 0 0.167644 0.108037 0.0172452 0.0637962 0 0
0.85953 0.5 0.340423 0 0.167644 0.108037 0.0172452 0.0637962 1 0
0.85953 0.5 0.340425 0 0.167644 0.108037 0.0172452 0.0637962 1 0
0.85953 0.1 0.340425 0 0.167644 0.108037 0.0172452 0.0637962 1 0
0.85953 0.2 0.340425 0 0.167644 0.108037 0.0172452 0.0637962 1 0
0.550099 0.3 0.0393071 0 0.167644 0.108037 0.0172452 0.0637962 1 0
0.550099 0.4 -0.0510284 0 0.167644 0.108037 0.0172452 0.0637962 1 0
0.664048 0.5 -0.0422316 0 0.189205 0.108037 0.0172452 0.0637962 1 0
0.664048 0.6 -0.0395926 0 0.189205 0.108037 0.0172452 0.0637962 1 0
0.718743 0.7 -0.0395093 0 0.189205 0.108037 0.0172452 0.0637962 1 0
0.744997 0.8 0.046431 0 0.189205 0.108037 0.0172452 0.0637962 1 0
0.854559 0.9 0.0722131 0 0.189205 0.108037 0.0172452 0.0637962 1 0
0.854559 0.8 0.0799478 0 0.189205 0.108037 0.0172452 0.0637962 1 0
0.947641 0.9 0.0822681 0 0.171772 0.108037 0.0172452 0.0637962 1 0
0.981151 1 0.0829643 0 0.171772 0.108037 0.0172452 0.0637962 1 0
0.993214 1 0.0831731 0 0.171772 0.108037 0.0172452 0.0637962 0 0
0.997557 1 0.0832357 0 0.171772 0.108037 0.0172452 0.0637962 0 0
0.998534 1 0.0444152 0 0.151631 0.108037 0.0172452 0.0637962 0 0
0.927578 1 0.032769 0 0.1335 0.108037 0.0172452 0.0637962 0 0
0.956547 1 0.0783724 0 0.142958 0.108037 0.0172452 0.0637962 0 0
0.915485 0.8 0.0920534 0 0.142958 0.108037 0.0172452 0.0637962 0 0
0.949291 0.9 0.110238 0 0.142958 0.108037 0.0172452 0.0637962 0 0
0.85566 1 -0.0437579 0 0.152869 0.163096 0.0204629 0.0863703 0 0
0.728573 1 -0.0899566 0 0.131087 0.163096 0.0204629 0.0863703 0 0
0.837144 1 -0.0141821 0 0.150521 0.177144 0.0197036 0.0490962 0 0
0.535772 1 0.0878106 0 0.133825 0.235048 0.0190962 0.0919436 0 0
0.657171 1 0.00550984 0 0.133825 0.235048 0.0190962 0.0919436 0 0
0.652354 1 -0.0191804 0 0.133825 0.235048 0.0190962 0.0919436 0 0
0.652354 0.8 -0.0265874 0 0.133825 0.235048 0.0190962 0.0919436 0 0
0.652354 0.7 -0.0288096 0 0.133825 0.235048 0.0190962 0.0919436 0 0
0.652354 0.6 -0.0294762 0 0.133825 0.235048 0.0190962 0.0919436 0 0
0.791412 0.5 -0.212331 0 0.16206 0.235048 0.0190962 0.0919436 0 0
0.791412 0.4 -0.267188 0 0.16206 0.235048 0.0190962 0.0919436 0 0
0.506504 0.4 -0.221285 0 0.311161 0.235048 0.0190962 0.0919436 0 0
0.785873 0.4 -0.207515 0 0.294126 0.235048 0.0190962 0.0919436 0 0
0.871524 0.3 -0.0703939 0 0.287153 0.235048 0.0190962 0.0919436 0 0
0.818331 0.4 -0.0489591 0 0.231896 0.234705 0.0186103 0.0515549 0 0
0.875679 0.5 -0.0425286 0 0.226195 0.234705 0.0186103 0.0515549 0 0
0.925408 0.6 -0.032203 0 0.183553 0.261098 0.0115549 0.0659106 0 0
0.925408 0.7 -0.0291054 0 0.183553 0.261098 0.0115549 0.0659106 0 0
0.844196 0.8 -0.0123774 0 0.149252 0.261098 0.0115549 0.0659106 0 0
0.844196 0.9 -0.00735907 0 0.149252 0.261098 0.0115549 0.0659106 0 0
0.805214 1 -0.0406224 0 0.121564 0.255545 0.00257727 0.0387285 0 0
0.786503 1 -0.0678685 0 0.0993676 0.204436 0.00206181 0.00164945 0 0
0.866513 1 -0.0760424 0 0.124692 0.204436 0.00206181 0.00164945 0 0
0.919908 1 -0.00867833 0 0.124692 0.204436 0.00206181 0.00164945 0 0
0.753245 1 0.0115309 0 0.188175 0.213549 0.0149828 0.0486529 0 0
0.761557 1 0.0175936 0 0.200269 0.213549 0.0149828 0.0486529 0 0
0.761557 1 0.0194125 0 0.200269 0.213549 0.0149828 0.0486529 0 0
0.856934 1 -0.0233429 0 0.202427 0.210839 0.00531956 0.0409223 0 0
0.886797 1 -0.0361695 0 0.202427 0.210839 0.00531956 0.0409223 0 0
0.709438 1 0.00436653 0 0.225433 0.238671 0.000922315 0.0540712 0 0
0.709438 0.9 0.0165273 0 0.225433 0.238671 0.000922315 0.0540712 0 0
0.844318 1 0.0201756 0 0.21746 0.238671 0.000922315 0.0540712 0 0
0.943955 1 0.0212701 0 0.21746 0.238671 0.000922315 0.0540712 0 0
0.966373 1 0.0198426 0 0.21746 0.238671 0.000922315 0.0540712 0 0
0.618479 1 0.072974 0 0.21746 0.270937 0.00740452 0.0759236 0 0
0.618479 0.9 0.0889135 0 0.21746 0.270937 0.00740452 0.0759236 0 0
0.618479 0.8 0.0936953 0 0.21746 0.270937 0.00740452 0.0759236 0 0
0.818122 0.8 0.0951299 0 0.21746 0.270937 0.00740452 0.0759236 0 0
0.818122 0.8 0.0955602 0 0.21746 0.270937 0.00740452 0.0759236 0 0
0.818122 0.4 0.0956893 0 0.21746 0.270937 0.00740452 0.0759236 0 0
0.934524 0.5 0.0957281 0 0.21746 0.270937 0.00740452 0.0759236 0 0
0.934524 0.5 0.0957397 0 0.21746 0.270937 0.00740452 0.0759236 0 0
0.934524 0.3 0.0957432 0 0.21746 0.270937 0.00740452 0.0759236 0 1
0.934524 0.3 0.0957442 0 0.21746 0.270937 0.00740452 0.0759236 0 1
0.848571 0.3 0.0957445 0 0.589968 0.270937 0.00740452 0.0759236 0 1
0.807314 0.4 0.0957446 0 0.998 0.270937 0.00740452 0.0759236 0 1
0.787511 0.5 0.0957447 0 0.998 0.270937 0.00740452 0.0759236 0 1
0.778005 0.6 0.0957447 0 0.998 0.270937 0.00740452 0.0759236 0 1
0.773443 0.7 0.170341 0 0.998 0.270937 0.00740452 0.0759236 0 1
0.771252 0.8 0.19272 0 0.998 0.270937 0.00740452 0.0759236 0 1
0.617002 0.8 0.184895 0 0.998 0.270937 0.00740452 0.0759236 0 1
0.394881 0.9 0.170705 0 0.998 0.270937 0.00740452 0.0759236 0 1
0.551634 1 0.166449 0 0.998 0.270937 0.00740452 0.0759236 0 1
0.441307 1 0.0960994 0 0.998 0.270937 0.00740452 0.0759236 0 1
0.569462 1 0.0749947 0 0.998 0.270937 0.00740452 0.0759236 0 1
0.45557 1 0.103133 0 0.998 0.270937 0.00740452 0.0759236 0 1
0.574939 1 0.111574 0 0.998 0.270937 0.00740452 0.0759236 0 1
0.459951 0.8 0.119024 0 0.998 0.270937 0.00740452 0.0759236 0 1
0.576621 0.9 0.121259 0 0.998 0.270937 0.00740452 0.0759236 0 1
0.461297 1 0.107856 0 0.998 0.270937 0.00740452 0.0759236 0 1
0.577138 1 0.101731 0 0.998 0.270937 0.00740452 0.0759236 0 1
0.677026 1 0.0998934 0 0.998 0.270937 0.00740452 0.0759236 0 1
0.677026 1 0.0993421 0 0.998 0.270937 0.00740452 0.0759236 0 1
0.724973 1 0.0434745 0 0.998 0.270937 0.00740452 0.0759236 0 1
0.724973 1 0.0267142 0 0.998 0.270937 0.00740452 0.0759236 0 1
0.747987 0.8 0.0216861 0 0.998 0.270937 0.00740452 0.0759236 0 1
0.909275 0.8 0.0201777 0 0.998 0.270937 0.00740452 0.0759236 0 1
0.967339 0.8 0.0197252 0 0.998 0.270937 0.00740452 0.0759236 0 1
0.773871 0.8 0.0659786 0 0.998 0.270937 0.00740452 0.0759236 0 1
0.862875 0.8 0.0798546 0 0.998 0.270937 0.00740452 0.0759236 0 1
0.6903 0.8 0.0611545 0 0.998 0.270937 0.00740452 0.0759236 0 1
0.838806 0.8 0.0555444 0 0.998 0.270937 0.00740452 0.0759236 0 1
0.671045 0.8 0.0236633 0 0.998 0.270937 0.00740452 0.0759236 0 1
0.833261 0.8 0.014099 0 0.998 0.270937 0.00740452 0.0759236 0 1
0.666609 0.9 0.0879254 0 0.998 0.270937 0.00740452 0.0759236 0 1
0.831983 0.8 0.110073 0 0.998 0.270937 0.00740452 0.0759236 0 1
0.799352 0.9 0.116718 0 0.998 0.270937 0.00740452 0.0759236 0 1
0.799352 1 0.118711 0 0.998 0.270937 0.00740452 0.0759236 0 1
0.927767 1 0.119309 0 0.998 0.270937 0.00740452 0.0759236 0 1
0.927767 1 0.119488 0 0.998 0.270937 0.00740452 0.0759236 0 1
0.927767 0.8 0.119542 0 0.998 0.270937 0.00740452 0.0759236 0 1
0.927767 0.7 0.119558 0 0.998 0.270937 0.00740452 0.0759236 0 1
0.927767 0.6 0.119563 0 0.998 0.270937 0.00740452 0.0759236 0 1
0.927767 0.5 0.119565 0 0.998 0.270937 0.00740452 0.0759236 0 1
0.927767 0.4 0.119565 0 0.998 0.270937 0.00740452 0.0759236 0 1
0.927767 0.3 0.119565 0 0.998 0.270937 0.00740452 0.0759236 0 0
0.95666 0.2 0.0971195 0 0.833817 0.270937 0.00740452 0.0759236 0 0
0.95666 0.3 0.0903859 0 0.833817 0.270937 0.00740452 0.0759236 0 0
0.612262 0.1 0.018255 0 0.673795 0.223416 0.00925695 0.0140722 0 0
0.612262 0.1 -0.00338426 0 0.673795 0.223416 0.00925695 0.0140722 0 0
0.693886 0.2 -0.0418486 0 0.549905 0.223416 0.00925695 0.0140722 0 0
0.666452 0.3 -0.0533879 0 0.447617 0.223416 0.00925695 0.0140722 0 0
0.666452 0.4 -0.0568497 0 0.447617 0.223416 0.00925695 0.0140722 0 0
0.666452 0.3 -0.0578882 0 0.447617 0.223416 0.00925695 0.0140722 0 0
0.879923 0.3 -0.0581998 0 0.48977 0.223416 0.00925695 0.0140722 0 0
0.703938 0.4 0.110912 0 0.401969 0.223416 0.00925695 0.0140722 0 0
0.842734 0.4 0.161645 0 0.328061 0.223416 0.00925695 0.0140722 0 0
0.804512 0.5 0.176865 0 0.273202 0.223416 0.00925695 0.0140722 0 0
0.929624 0.6 0.181431 0 0.2293 0.223416 0.00925695 0.0140722 0 0
0.84622 0.7 0.182801 0 0.275747 0.223416 0.00925695 0.0140722 0 0
0.84622 0.6 0.183212 0 0.275747 0.223416 0.00925695 0.0140722 0 0
0.84622 0.7 0.183335 0 0.275747 0.223416 0.00925695 0.0140722 0 0
0.84622 0.8 0.183372 0 0.275747 0.223416 0.00925695 0.0140722 0 0
0.84622 0.7 0.183383 0 0.275747 0.223416 0.00925695 0.0140722 0 1
0.84622 0.7 0.183387 0 0.275747 0.223416 0.00925695 0.0140722 0 1
0.84622 0.7 0.183388 0 0.275747 0.223416 0.00925695 0.0140722 0 1
0.84622 0.7 0.183388 0 0.275747 0.223416 0.00925695 0.0140722 0 1
0.84622 0.7 0.183388 0 0.275747 0.223416 0.00925695 0.0140722 0 1
0.84622 0.7 0.183388 0 0.275747 0.223416 0.00925695 0.0140722 0 1
0.84622 0.5 0.183388 0 0.275747 0.223416 0.00925695 0.0140722 0 1
0.84622 0.6 0.183388 0 0.275747 0.223416 0.00925695 0.0140722 0 1
0.84622 0.7 0.183388 0 0.275747 0.223416 0.00925695 0.0140722 0 1
0.84622 0.8 0.183388 0 0.275747 0.223416 0.00925695 0.0140722 0 1
0.84622 0.9 0.183388 0 0.275747 0.223416 0.00925695 0.0140722 0 1
0.84622 0.8 0.183388 0 0.275747 0.223416 0.00925695 0.0140722 0 1
0.84622 0.7 0.183388 0 0.275747 0.223416 0.00925695 0.0140722 0 1
0.84622 0.4 0.183388 0 0.275747 0.223416 0.00925695 0.0140722 0 1
0.84622 0.4 0.183388 0 0.275747 0.223416 0.00925695 0.0140722 0 1
0.84622 0.5 0.183388 0 0.275747 0.223416 0.00925695 0.0140722 0 1
0.944639 0.2 0.183388 0 0.275747 0.223416 0.00925695 0.0140722 0 1
0.98007 0.3 0.183388 0 0.275747 0.223416 0.00925695 0.0140722 0 1
0.992825 0.4 0.183388 0 0.275747 0.223416 0.00925695 0.0140722 0 1
0.997417 0.5 0.183388 0 0.275747 0.223416 0.00925695 0.0140722 0 1
0.99907 0.6 0.183388 0 0.275747 0.223416 0.00925695 0.0140722 0 1
0.999665 0.7 0.183388 0 0.275747 0.223416 0.00925695 0.0140722 0 1
0.999879 0.8 0.183388 0 0.275747 0.223416 0.00925695 0.0140722 0 1
0.999957 0.9 0.183388 0 0.275747 0.223416 0.00925695 0.0140722 0 1
0.999984 0.8 0.183388 0 0.275747 0.223416 0.00925695 0.0140722 0 1
0.999994 0.8 0.183388 0 0.275747 0.223416 0.00925695 0.0140722 0 1
0.999998 0.8 0.183388 0 0.275747 0.223416 0.00925695 0.0140722 0 1
0.999999 0.7 0.183388 0 0.275747 0.223416 0.00925695 0.0140722 0 1
1 0.8 0.183388 0 0.275747 0.223416 0.00925695 0.0140722 0 1
1 0.8 0.183388 0 0.275747 0.223416 0.00925695 0.0140722 0 1
1 0.6 0.183388 0 0.275747 0.223416 0.00925695 0.0140722 0 1
1 0.7 0.183388 0 0.275747 0.223416 0.00925695 0.0140722 0 1
1 0.8 0.183388 0 0.275747 0.223416 0.00925695 0.0140722 0 1
1 0.7 0.183388 0 0.275747 0.223416 0.00925695 0.0140722 0 1
1 0.8 0.183388 0 0.275747 0.223416 0.00925695 0.0140722 0 1
1 0.8 0.183388 0 0.275747 0.223416 0.00925695 0.0140722 0 1
1 0.6 0.183388 0 0.275747 0.223416 0.00925695 0.0140722 0 1
1 0.5 0.183388 0 0.275747 0.223416 0.00925695 0.0140722 0 1
1 0.3 0.183388 0 0.275747 0.223416 0.00925695 0.0140722 0 1
1 0.3 0.183388 0 0.275747 0.223416 0.00925695 0.0140722 0 1
1 0.2 0.183388 0 0.275747 0.223416 0.00925695 0.0140722 0 1
1 0.3 0.183388 0 0.275747 0.223416 0.00925695 0.0140722 0 1
1 0.4 0.183388 0 0.275747 0.223416 0.00925695 0.0140722 0 1
1 0.5 0.183388 0 0.275747 0.223416 0.00925695 0.0140722 0 1
1 0 0.183388 0 0.275747 0.223416 0.00925695 0.0140722 0 1
1 0.1 0.183388 0 0.275747 0.223416 0.00925695 0.0140722 0 1
1 0.2 0.183388 0 0.275747 0.223416 0.00925695 0.0140722 0 1
1 0.3 0.183388 0 0.275747 0.223416 0.00925695 0.0140722 0 1
1 0.4 0.183388 0 0.275747 0.223416 0.00925695 0.0140722 0 1
1 0.3 0.183388 0 0.275747 0.223416 0.00925695 0.0140722 0 1
1 0.3 0.183388 0 0.275747 0.223416 0.00925695 0.0140722 0 1
1 0.3 0.183388 0 0.275747 0.223416 0.00925695 0.0140722 0 1
1 0.3 0.183388 0 0.275747 0.223416 0.00925695 0.0140722 0 1
1 0.4 0.183388 0 0.275747 0.223416 0.00925695 0.0140722 0 1
1 0.5 0.183388 0 0.275747 0.223416 0.00925695 0.0140722 0 1
1 0.5 0.183388 0 0.275747 0.223416 0.00925695 0.0140722 0 1
1 0.5 0.183388 0 0.275747 0.223416 0.00925695 0.0140722 0 1
1 0.5 0.183388 0 0.275747 0.223416 0.00925695 0.0140722 0 1
1 0.6 0.183388 0 0.275747 0.223416 0.00925695 0.0140722 0 1
1 0.7 0.183388 0 0.275747 0.223416 0.00925695 0.0140722 0 1
1 0.6 0.183388 0 0.275747 0.223416 0.00925695 0.0140722 0 1
1 0.6 0.183388 0 0.275747 0.223416 0.00925695 0.0140722 0 1
1 0.4 0.183388 0 0.275747 0.223416 0.00925695 0.0140722 0 1
1 0.4 0.183388 0 0.275747 0.223416 0.00925695 0.0140722 0 1
1 0.4 0.183388 0 0.275747 0.223416 0.00925695 0.0140722 0 1
1 0 0.183388 0 0.275747 0.223416 0.00925695 0.0140722 0 1
1 0 0.183388 0 0.275747 0.223416 0.00925695 0.0140722 0 1
1 0 0.183388 0 0.275747 0.223416 0.00925695 0.0140722 0 1
1 0.1 0.183388 0 0.275747 0.223416 0.00925695 0.0140722 0 1
0.88 0.2 0.183388 0 0.308098 0.223416 0.00925695 0.0140722 0 1
0.9568 0.3 0.183388 0 0.308098 0.223416 0.00925695 0.0140722 0 1
0.9568 0.4 0.183388 0 0.308098 0.223416 0.00925695 0.0140722 0 1
0.9568 0.3 0.183388 0 0.308098 0.223416 0.00925695 0.0140722 0 1
0.76544 0.4 0.106236 0 0.308098 0.223416 0.00925695 0.0140722 0 0
0.693929 0.5 0.0830903 0 0.291716 0.223416 0.00925695 0.0140722 0 0
0.555143 0.6 -0.216469 0 0.291716 0.223416 0.00925695 0.0140722 0 0
0.355292 0.7 -0.30486 0 0.291716 0.223416 0.00925695 0.0140722 0 0
0.355292 0.8 -0.331377 0 0.291716 0.223416 0.00925695 0.0140722 0 0
0.355292 0.8 -0.339333 0 0.291716 0.223416 0.00925695 0.0140722 0 0
0.355292 0.7 -0.341719 0 0.291716 0.223416 0.00925695 0.0140722 0 0
0.742324 0.6 -0.342435 0 0.291716 0.223416 0.00925695 0.0140722 0 0
0.593859 0.6 -0.240231 0 0.302647 0.223416 0.00925695 0.0140722 0 0
0.685052 0.7 0.0476677 0 0.302647 0.223416 0.00925695 0.0140722 0 0
0.685052 0.7 0.134037 0 0.302647 0.223416 0.00925695 0.0140722 0 0
0.438434 0.7 -0.0529799 0 0.302647 0.223416 0.00925695 0.0140722 0 0
0.766269 0.7 -0.109085 0 0.302647 0.223416 0.00925695 0.0140722 0 0
0.767809 0.5 -0.125917 0 0.302647 0.223416 0.00925695 0.0140722 0 0
0.767809 0.6 -0.130966 0 0.302647 0.223416 0.00925695 0.0140722 0 0
0.614247 0.7 -0.186946 0 0.302647 0.223416 0.00925695 0.0140722 0 0
0.393118 0.8 -0.267113 0 0.287088 0.223416 0.00925695 0.0140722 0 0
0.251596 0.9 -0.027634 0 0.283159 0.223416 0.00925695 0.0140722 0 0
0.496613 1 0.0442098 0 0.228527 0.223416 0.00925695 0.0140722 0 0
0.818781 0.9 0.0657629 0 0.27193 0.223416 0.00925695 0.0140722 0 0
0.891268 0.8 0.0734596 0 0.228554 0.223416 0.00925695 0.0140722 0 0
0.570412 0.7 -0.198542 0 0.190635 0.223416 0.00925695 0.0140722 0 0
0.804279 0.8 -0.280142 0 0.190635 0.223416 0.00925695 0.0140722 0 0
0.804279 0.7 -0.304622 0 0.190635 0.223416 0.00925695 0.0140722 0 0
0.882567 0.8 -0.0539476 0 0.190635 0.223416 0.00925695 0.0140722 0 0
0.882567 0.8 0.0212548 0 0.190635 0.223416 0.00925695 0.0140722 0 0
0.882567 0.6 0.0438155 0 0.190635 0.223416 0.00925695 0.0140722 0 0
0.823632 0.5 0.293145 0 0.168637 0.223416 0.00925695 0.0140722 0 0
0.877206 0.3 0.367943 0 0.141651 0.223416 0.00925695 0.0140722 0 0
0.877206 0.3 0.390383 0 0.141651 0.223416 0.00925695 0.0140722 0 0
0.877206 0.4 0.397115 0 0.141651 0.223416 0.00925695 0.0140722 0 0
0.877206 0.5 0.399134 0 0.141651 0.223416 0.00925695 0.0140722 0 0
0.877206 0 0.39974 0 0.141651 0.223416 0.00925695 0.0140722 0 0
0.877206 0 0.399922 0 0.141651 0.223416 0.00925695 0.0140722 0 0
0.955794 0.1 0.399977 0 0.189685 0.223416 0.00925695 0.0140722 0 0
0.955794 0.2 0.399993 0 0.189685 0.223416 0.00925695 0.0140722 0 0
0.858781 0.3 0.399998 0 0.189685 0.223416 0.00925695 0.0140722 0 0
0.858781 0.4 0.399999 0 0.189685 0.223416 0.00925695 0.0140722 0 0
0.858781 0.5 0.4 0 0.189685 0.223416 0.00925695 0.0140722 0 0
0.858781 0.6 0.4 0 0.189685 0.223416 0.00925695 0.0140722 0 0
0.858781 0.5 0.4 0 0.189685 0.223416 0.00925695 0.0140722 0 0
0.858781 0.5 0.4 0 0.189685 0.223416 0.00925695 0.0140722 0 0
0.858781 0.6 0.4 0 0.189685 0.223416 0.00925695 0.0140722 0 0
0.858781 0.7 0.4 0 0.189685 0.223416 0.00925695 0.0140722 0 0
0.858781 0.4 0.4 0 0.189685 0.223416 0.00925695 0.0140722 0 0
0.858781 0.3 0.4 0 0.189685 0.223416 0.00925695 0.0140722 0 0
0.858781 0 0.4 0 0.189685 0.223416 0.00925695 0.0140722 0 0
0.858781 0 0.4 0 0.189685 0.223416 0.00925695 0.0140722 0 0
0.858781 0.1 0.4 0 0.189685 0.223416 0.00925695 0.0140722 0 0
0.949161 0.2 0.4 0 0.22902 0.223416 0.00925695 0.0140722 0 0
0.949161 0.3 0.4 0 0.22902 0.223416 0.00925695 0.0140722 0 0
0.949161 0.2 0.4 0 0.22902 0.223416 0.00925695 0.0140722 0 0
0.949161 0.2 0.4 0 0.22902 0.223416 0.00925695 0.0140722 0 0
0.949161 0.3 0.4 0 0.22902 0.223416 0.00925695 0.0140722 0 0
0.949161 0.4 0.4 0 0.22902 0.223416 0.00925695 0.0140722 0 0
0.949161 0.2 0.4 0 0.22902 0.223416 0.00925695 0.0140722 0 0
0.949161 0.3 0.4 0 0.22902 0.223416 0.00925695 0.0140722 0 0
0.949161 0.4 0.4 0 0.22902 0.223416 0.00925695 0.0140722 0 0
0.949161 0.1 0.4 0 0.22902 0.223416 0.00925695 0.0140722 0 0
0.949161 0 0.4 0 0.22902 0.223416 0.00925695 0.0140722 0 0
0.949161 0.1 0.4 0 0.22902 0.223416 0.00925695 0.0140722 0 0
0.949161 0.2 0.4 0 0.22902 0.223416 0.00925695 0.0140722 0 0
0.949161 0.3 0.4 0 0.22902 0.223416 0.00925695 0.0140722 0 0
0.949161 0.2 0.4 0 0.22902 0.223416 0.00925695 0.0140722 0 0
0.949161 0.2 0.4 0 0.22902 0.223416 0.00925695 0.0140722 0 0
0.949161 0.2 0.4 0 0.22902 0.223416 0.00925695 0.0140722 0 0
0.949161 0.2 0.4 0 0.22902 0.223416 0.00925695 0.0140722 0 0
0.949161 0.3 0.4 0 0.22902 0.223416 0.00925695 0.0140722 0 0
0.949161 0.4 0.4 0 0.22902 0.223416 0.00925695 0.0140722 0 0
0.949161 0.3 0.4 0 0.22902 0.223416 0.00925695 0.0140722 0 0
0.949161 0.4 0.4 0 0.22902 0.223416 0.00925695 0.0140722 0 0
0.981698 0.5 0.4 0 0.22471 0.223416 0.00925695 0.0140722 0 0
0.981698 0.6 0.4 0 0.22471 0.223416 0.00925695 0.0140722 0 0
0.989019 0.5 0.295598 0 0.233777 0.223416 0.00925695 0.0140722 0 0
0.989019 0.5 0.264278 0 0.233777 0.223416 0.00925695 0.0140722 0 0
0.989019 0.6 0.254882 0 0.233777 0.223416 0.00925695 0.0140722 0 0
0.989019 0.5 0.252063 0 0.233777 0.223416 0.00925695 0.0140722 0 0
