855 8 2
0.84722 0.6 -0.334962 0 0.415089 0.148966 -0.0434553 -0.0214309 0 0
0.725332 0.5 -0.347284 0 0.415089 0.12584 -0.0314309 -0.0184781 0 0
0.90112 0.6 -0.00918506 0 0.415089 0.12584 -0.0314309 -0.0184781 0 0
0.832537 0.7 -0.0750381 0 0.415089 0.12584 -0.0314309 -0.0184781 0 0
0.939713 0.7 0.104489 0 0.415089 0.12584 -0.0314309 -0.0184781 1 0
0.851062 0.7 0.0409372 0 0.415089 0.12584 -0.0314309 -0.0184781 1 0
0.946383 0.7 0.0043266 0 0.415089 0.12584 -0.0314309 -0.0184781 1 0
0.854264 0.8 0.0239221 0 0.415089 0.12584 -0.0314309 -0.0184781 1 0
0.947535 0.9 0.157177 0 0.415089 0.12584 -0.0314309 -0.0184781 1 0
0.758028 1 0.037778 0 0.415089 0.100672 -0.0251447 -0.0201158 1 0
0.858312 1 0.0019584 0 0.415089 0.100672 -0.0251447 -0.0201158 0 0
0.81199 1 -0.00878748 0 0.415089 0.110537 -0.0234491 0.0179074 0 0
0.789755 1 -0.0194632 0 0.415089 0.110537 -0.0234491 0.0179074 0 0
0.779082 0.9 -0.100839 0 0.415089 0.110537 -0.0234491 0.0179074 0 0
0.92047 1 -0.219432 0 0.415089 0.110537 -0.0234491 0.0179074 0 0
0.841825 0.9 -0.0687645 0 0.415089 0.110537 -0.0234491 0.0179074 0 0
0.943057 1 -0.193194 0 0.415089 0.110537 -0.0234491 0.0179074 0 0
0.979501 1 -0.230523 0 0.415089 0.110537 -0.0234491 0.0179074 0 0
0.87016 1 -0.0293843 0 0.415089 0.110537 -0.0234491 0.0179074 0 0
0.817677 1 -0.138943 0 0.415089 0.110537 -0.0234491 0.0179074 0 0
0.792485 1 -0.264959 0 0.415089 0.110537 -0.0234491 0.0179074 0 0
0.780393 1 -0.271607 0 0.415089 0.110537 -0.0234491 0.0179074 0 0
0.920941 1 -0.351482 0 0.415089 0.110537 -0.0234491 0.0179074 0 0
0.971539 1 -0.375445 0 0.415089 0.110537 -0.0234491 0.0179074 0 0
0.866339 1 -0.382633 0 0.415089 0.110537 -0.0234491 0.0179074 0 0
0.815843 1 -0.38479 0 0.415089 0.110537 -0.0234491 0.0179074 0 0
0.791604 0.8 -0.385437 0 0.415089 0.110537 -0.0234491 0.0179074 0 0
0.924978 0.9 -0.385631 0 0.415089 0.110537 -0.0234491 0.0179074 0 0
0.843989 1 -0.385689 0 0.415089 0.110537 -0.0234491 0.0179074 0 0
0.943836 1 -0.385707 0 0.415089 0.110537 -0.0234491 0.0179074 0 0
0.853041 1 -0.277251 0 0.415089 0.110537 -0.0234491 0.0179074 0 0
0.947095 0.9 -0.244714 0 0.415089 0.110537 -0.0234491 0.0179074 0 0
0.980954 0.8 -0.253414 0 0.415089 0.110537 -0.0234491 0.0179074 0 0
0.870858 0.7 -0.293363 0 0.415089 0.110537 -0.0234491 0.0179074 0 0
0.953509 0.8 -0.350509 0 0.415089 0.110537 -0.0234491 0.0179074 0 0
0.983263 0.8 -0.0141 0 0.415089 0.110537 -0.0234491 0.0179074 0 0
0.993975 0.8 -0.230935 0 0.415089 0.110537 -0.0234491 0.0179074 0 0
0.877108 0.7 -0.198228 0 0.415089 0.110537 -0.0234491 0.0179074 0 0
0.821012 0.8 -0.202231 0 0.415089 0.110537 -0.0234491 0.0179074 0 0
0.892607 0.8 -0.148169 0 0.60418 0.0984299 -0.0187593 -0.00167411 0 0
0.742761 0.7 -0.131951 0 0.60418 0.0984299 -0.0187593 -0.00167411 0 0
0.907394 0.8 -0.127085 0 0.60418 0.0984299 -0.0187593 -0.00167411 0 0
0.835549 0.7 -0.26153 0 0.60418 0.0984299 -0.0187593 -0.00167411 0 0
0.940798 0.7 -0.181868 0 0.60418 0.0984299 -0.0187593 -0.00167411 0 0
0.978687 0.5 -0.177433 0 0.60418 0.0984299 -0.0187593 -0.00167411 0 0
0.992327 0.6 -0.0450903 0 0.60418 0.0984299 -0.0187593 -0.00167411 0 0
0.997238 0.4 0.137167 0 0.60418 0.0984299 -0.0187593 -0.00167411 0 0
0.999006 0.5 0.191845 0 0.60418 0.0984299 -0.0187593 -0.00167411 0 0
0.999642 0.6 0.208248 0 0.60418 0.0984299 -0.0187593 -0.00167411 0 0
0.999871 0.5 0.213169 0 0.60418 0.0984299 -0.0187593 -0.00167411 0 0
0.879938 0.6 -0.0660494 0 0.60418 0.0984299 -0.0187593 -0.00167411 0 0
0.927963 0.7 0.279287 0 0.60418 0.0984299 -0.0187593 -0.00167411 0 0
0.907253 0.8 -0.00121405 0 0.60418 0.0984299 -0.0187593 -0.00167411 0 0
0.966611 0.9 -0.0753642 0 0.60418 0.0984299 -0.0187593 -0.00167411 0 0
0.98798 1 -0.0976093 0 0.60418 0.0984299 -0.0187593 -0.00167411 0 0
0.995673 0.9 -0.104283 0 0.60418 0.0984299 -0.0187593 -0.00167411 0 0
0.877923 1 -0.126285 0 0.60418 0.0984299 -0.0187593 -0.00167411 0 0
0.956052 0.8 -0.132885 0 0.60418 0.0984299 -0.0187593 -0.00167411 0 0
0.984179 0.9 -0.134866 0 0.60418 0.0984299 -0.0187593 -0.00167411 0 0
0.994304 1 -0.13546 0 0.60418 0.0984299 -0.0187593 -0.00167411 0 0
0.99795 1 -0.135638 0 0.60418 0.0984299 -0.0187593 -0.00167411 0 0
0.79836 0.8 -0.18252 0 0.60418 0.0787439 -0.0150074 -0.012006 0 0
0.70657 0.9 -0.178285 0 0.60418 0.0787439 -0.0150074 -0.012006 0 0
0.894365 1 -0.177015 0 0.60418 0.0787439 -0.0150074 -0.012006 0 0
0.961972 1 -0.176634 0 0.60418 0.0787439 -0.0150074 -0.012006 0 0
0.98631 1 -0.17652 0 0.60418 0.0787439 -0.0150074 -0.012006 0 0
0.995072 0.7 -0.176485 0 0.60418 0.0787439 -0.0150074 -0.012006 0 0
0.998226 0.7 -0.176475 0 0.60418 0.0787439 -0.0150074 -0.012006 0 0
0.999361 0.7 -0.176472 0 0.60418 0.0787439 -0.0150074 -0.012006 0 0
0.99977 0.7 -0.176471 0 0.60418 0.0787439 -0.0150074 -0.012006 0 0
0.999917 0.5 -0.176471 0 0.60418 0.0787439 -0.0150074 -0.012006 0 0
0.99997 0.2 -0.176471 0 0.60418 0.0787439 -0.0150074 -0.012006 0 0
0.999989 0.3 -0.176471 0 0.60418 0.0787439 -0.0150074 -0.012006 0 0
0.999996 0.4 -0.0494058 0 0.60418 0.0787439 -0.0150074 -0.012006 0 0
0.999999 0.5 -0.0112864 0 0.60418 0.0787439 -0.0150074 -0.012006 0 0
1 0.6 0.000149416 0 0.60418 0.0787439 -0.0150074 -0.012006 0 0
1 0.5 0.00358016 0 0.60418 0.0787439 -0.0150074 -0.012006 0 0
1 0.5 0.00460939 0 0.60418 0.0787439 -0.0150074 -0.012006 0 0
1 0.5 0.0315552 0 0.60418 0.0787439 -0.0150074 -0.012006 0 0
1 0.6 0.039639 0 0.60418 0.0787439 -0.0150074 -0.012006 0 0
1 0.7 -0.0531083 0 0.60418 0.0787439 -0.0150074 -0.012006 0 0
0.88 0.7 -0.184898 0 0.60418 0.0787439 -0.0150074 -0.012006 0 0
0.8224 0.7 -0.215775 0 0.60418 0.0787439 -0.0150074 -0.012006 0 0
0.936064 0.6 -0.198556 0 0.60418 0.0787439 -0.0150074 -0.012006 0 0
0.976983 0.7 -0.19339 0 0.60418 0.0787439 -0.0150074 -0.012006 0 0
0.98619 0.8 -0.0955171 0 0.585413 0.0629952 -0.0153393 -0.0122714 0 0
0.924023 0.9 -0.116021 0 0.585413 0.0629952 -0.0153393 -0.0122714 0 0
0.843531 1 -0.122172 0 0.585413 0.0629952 -0.0153393 -0.0122714 0 0
0.943671 0.9 -0.124017 0 0.585413 0.0629952 -0.0153393 -0.0122714 0 0
0.979722 0.8 -0.124571 0 0.585413 0.0629952 -0.0153393 -0.0122714 0 0
0.9927 0.7 -0.19891 0 0.585413 0.0629952 -0.0153393 -0.0122714 0 0
0.876496 0.8 -0.186946 0 0.585413 0.0629952 -0.0153393 -0.0122714 0 0
0.820718 0.7 -0.213135 0 0.585413 0.0629952 -0.0153393 -0.0122714 0 0
0.793945 0.6 -0.226924 0 0.585413 0.0629952 -0.0153393 -0.0122714 0 0
0.92582 0.6 -0.198077 0 0.585413 0.0629952 -0.0153393 -0.0122714 0 0
0.973295 0.6 -0.209423 0 0.585413 0.0629952 -0.0153393 -0.0122714 0 0
0.990386 0.6 -0.212827 0 0.585413 0.0629952 -0.0153393 -0.0122714 0 0
0.996539 0.6 -0.187377 0 0.585413 0.0629952 -0.0153393 -0.0122714 0 0
0.998754 0.7 -0.208486 0 0.585413 0.0629952 -0.0153393 -0.0122714 0 0
0.879402 0.8 -0.227824 0 0.585413 0.0629952 -0.0153393 -0.0122714 0 0
0.956585 0.8 -0.233625 0 0.585413 0.0629952 -0.0153393 -0.0122714 0 0
0.765268 0.8 -0.144462 0 0.516557 0.0503961 -0.0156048 -0.0124838 0 0
0.693863 0.9 -0.161362 0 0.516557 0.0503961 -0.0156048 -0.0124838 0 0
0.889791 1 -0.207967 0 0.516557 0.0503961 -0.0156048 -0.0124838 0 0
0.960325 0.8 -0.27342 0 0.516557 0.0503961 -0.0156048 -0.0124838 0 0
0.985717 0.9 -0.225208 0 0.516557 0.0503961 -0.0156048 -0.0124838 0 0
0.873144 1 -0.254631 0 0.516557 0.0503961 -0.0156048 -0.0124838 0 0
0.698515 0.8 -0.110764 0 0.516557 0.110317 0.0141829 0.141346 0 0
0.841172 0.9 -0.0676043 0 0.516557 0.13492 0.018013 0.081077 0 0
0.803763 1 -0.172845 0 0.516557 0.13492 0.018013 0.081077 0 0
0.929355 1 -0.192321 0 0.516557 0.13492 0.018013 0.081077 0 0
0.974568 0.8 -0.176079 0 0.516557 0.13492 0.018013 0.081077 0 0
0.990844 0.8 -0.0985944 0 0.516557 0.13492 0.018013 0.081077 0 0
0.875605 0.6 -0.18464 0 0.516557 0.13492 0.018013 0.081077 0 0
0.955218 0.5 -0.210454 0 0.516557 0.13492 0.018013 0.081077 0 0
0.983878 0.6 -0.179803 0 0.516557 0.13492 0.018013 0.081077 0 0
0.994196 0.6 -0.170608 0 0.516557 0.137936 0.0177437 0.0608616 0 0
0.997911 0.4 -0.167849 0 0.516557 0.137936 0.0177437 0.0608616 0 0
0.999248 0.5 -0.167021 0 0.516557 0.137936 0.0177437 0.0608616 0 0
0.999729 0.6 -0.166773 0 0.516557 0.137936 0.0177437 0.0608616 0 0
0.87987 0.7 -0.00933425 0 0.516557 0.137936 0.0177437 0.0608616 0 0
0.956753 0.8 -0.0386977 0 0.516557 0.137936 0.0177437 0.0608616 0 0
0.859242 0.8 -0.0273286 0 0.516557 0.137936 0.0177437 0.0608616 0 0
0.949327 0.9 -0.224156 0 0.516557 0.137936 0.0177437 0.0608616 0 0
0.855677 1 -0.0278782 0 0.516557 0.137936 0.0177437 0.0608616 0 0
0.948044 1 0.0208032 0 0.516557 0.137936 0.0177437 0.0608616 0 0
0.968826 1 0.0285814 0 0.621579 0.120349 0.014195 0.0280226 0 0
0.772029 1 0.0209976 0 0.621579 0.120349 0.014195 0.0280226 0 0
0.770574 0.9 -0.00716226 0 0.621579 0.120349 0.014195 0.0280226 0 0
0.917407 1 0.05606 0 0.621579 0.120349 0.014195 0.0280226 0 0
0.970266 1 0.0750267 0 0.621579 0.120349 0.014195 0.0280226 0 0
0.989296 0.8 0.0322302 0 0.621579 0.120349 0.014195 0.0280226 0 0
0.996147 0.8 -0.124946 0 0.621579 0.120349 0.014195 0.0280226 0 0
0.998613 0.8 -0.284279 0 0.621579 0.120349 0.014195 0.0280226 0 0
0.879334 0.8 -0.0718221 0 0.621579 0.120349 0.014195 0.0280226 0 0
0.82208 0.8 0.0231342 0 0.621579 0.120349 0.014195 0.0280226 0 0
0.935949 0.6 0.0516211 0 0.611549 0.109612 0.00802263 0.0264181 0 0
0.976942 0.7 0.0601672 0 0.495943 0.12769 0.0130848 0.0804678 0 0
0.991699 0.8 0.062731 0 0.495943 0.12769 0.0130848 0.0804678 0 0
0.997012 0.8 0.0672236 0 0.495943 0.12769 0.0130848 0.0804678 0 0
0.998924 0.9 -0.0336791 0 0.495943 0.12769 0.0130848 0.0804678 0 0
0.999613 1 -0.00281206 0 0.495943 0.12769 0.0130848 0.0804678 0 0
0.999861 1 0.00644805 0 0.56311 0.105485 0.0138012 0.0143743 0 0
0.99995 1 -0.200697 0 0.56311 0.105485 0.0138012 0.0143743 0 0
0.879976 1 -0.262841 0 0.56311 0.105485 0.0138012 0.0143743 0 0
0.956791 1 -0.0341714 0 0.56311 0.105485 0.0138012 0.0143743 0 0
0.85926 0.9 0.0344294 0 0.550018 0.0910549 0.0110409 0.0188327 0 0
0.915556 1 0.0587331 0 0.449024 0.0861773 0.00883274 0.0270662 0 0
0.839467 1 -0.168318 0 0.516297 0.0789418 0.00706619 0.0223196 0 0
0.881766 1 -0.236433 0 0.516297 0.0789418 0.00706619 0.0223196 0 0
0.957436 1 -0.0481037 0 0.516297 0.0789418 0.00706619 0.0223196 0 0
0.984677 1 0.0339731 0 0.516297 0.0789418 0.00706619 0.0223196 0 0
0.872645 0.8 0.0435253 0 0.516297 0.0789418 0.00706619 0.0223196 0 0
0.81887 0.7 0.0614618 0 0.516297 0.0789418 0.00706619 0.0223196 0 0
0.793057 0.6 -0.080804 0 0.516297 0.0789418 0.00706619 0.0223196 0 0
0.925501 0.6 0.0241631 0 0.516297 0.0789418 0.00706619 0.0223196 0 0
0.97318 0.4 0.0556532 0 0.516297 0.0789418 0.00706619 0.0223196 0 0
0.867127 0.5 0.0651002 0 0.573907 0.10982 0.025653 0.107189 0 0
0.952166 0.4 0.0815092 0 0.573907 0.10982 0.025653 0.107189 0 0
0.98278 0.5 0.0718486 0 0.573907 0.10982 0.025653 0.107189 0 0
0.993801 0.6 0.0689504 0 0.573907 0.10982 0.025653 0.107189 0 0
0.877024 0.7 -0.214183 0 0.573907 0.10982 0.025653 0.107189 0 0
0.820972 0.8 0.0445288 0 0.573907 0.10982 0.025653 0.107189 0 0
0.794066 0.9 -0.0584362 0 0.573907 0.10982 0.025653 0.107189 0 0
0.925864 0.8 0.0253263 0 0.573907 0.10982 0.025653 0.107189 0 0
0.973311 0.9 0.0549937 0 0.573907 0.10982 0.025653 0.107189 0 0
0.990392 1 0.0638939 0 0.573907 0.10982 0.025653 0.107189 0 0
0.875388 0.8 0.066564 0 0.573907 0.10982 0.025653 0.107189 0 0
0.95514 0.9 0.067365 0 0.573907 0.10982 0.025653 0.107189 0 0
0.98385 1 0.0738005 0 0.573907 0.10982 0.025653 0.107189 0 0
0.994186 1 0.075401 0 0.573907 0.10982 0.025653 0.107189 0 0
0.997907 1 -0.182814 0 0.573907 0.10982 0.025653 0.107189 0 0
0.999247 0.7 -0.260279 0 0.573907 0.10982 0.025653 0.107189 0 0
0.999729 0.7 -0.116973 0 0.573907 0.10982 0.025653 0.107189 0 0
0.87987 0.7 -0.0739807 0 0.573907 0.10982 0.025653 0.107189 0 0
0.956753 0.7 -0.103861 0 0.573907 0.10982 0.025653 0.107189 0 0
0.984431 0.5 -0.112825 0 0.573907 0.10982 0.025653 0.107189 0 0
0.994395 0.2 0.0145568 0 0.573907 0.10982 0.025653 0.107189 0 0
0.997982 0.3 -0.205633 0 0.573907 0.10982 0.025653 0.107189 0 0
0.999274 0.2 -0.27169 0 0.573907 0.10982 0.025653 0.107189 0 0
0.999739 0.3 -0.0282461 0 0.573907 0.10982 0.025653 0.107189 0 0
0.999906 0.4 0.044787 0 0.646041 0.0911894 0.0205224 0.0230846 0 0
0.999966 0.5 0.066697 0 0.714853 0.0862849 0.0197512 0.035801 0 0
0.879984 0.6 0.07327 0 0.589529 0.0690279 0.00913431 0.00730745 0 0
0.956794 0.6 -0.189477 0 0.589529 0.0690279 0.00913431 0.00730745 0 0
0.974077 0.7 -0.286531 0 0.653442 0.0652223 0.00730745 0.025846 0 0
0.920534 0.8 -0.0276259 0 0.653442 0.0652223 0.00730745 0.025846 0 0
0.736427 0.8 -0.00679203 0 0.621743 0.0521779 0.00251263 0.0020101 0 0
0.852091 0.9 -0.00054187 0 0.683441 0.0417423 -0.0079899 -0.00639192 0 0
0.946753 1 0.0255727 0 0.683441 0.0417423 -0.0079899 -0.00639192 0 0
0.968052 1 -0.0327128 0 0.552875 0.0417423 -0.0079899 -0.00639192 0 0
0.619553 0.9 0.0794719 0 0.687462 0.0417423 -0.0079899 -0.00639192 0 0
0.818431 1 0.113127 0 0.552131 0.0417423 -0.0079899 -0.00639192 0 0
0.891059 1 -0.00255119 0 0.552131 0.0417423 -0.0079899 -0.00639192 0 0
0.891059 0.8 -0.0372547 0 0.552131 0.0417423 -0.0079899 -0.00639192 0 0
0.891059 0.8 -0.0476658 0 0.552131 0.0417423 -0.0079899 -0.00639192 0 0
0.891059 0.8 -0.0507891 0 0.552131 0.0417423 -0.0079899 -0.00639192 0 0
0.891059 0.7 -0.0517261 0 0.552131 0.0417423 -0.0079899 -0.00639192 0 1
0.891059 0.8 -0.0520072 0 0.552131 0.0417423 -0.0079899 -0.00639192 0 1
0.891059 0.8 -0.0520915 0 0.552131 0.0417423 -0.0079899 -0.00639192 0 1
0.891059 0.6 -0.0521168 0 0.552131 0.0417423 -0.0079899 -0.00639192 0 1
0.891059 0.4 -0.0521244 0 0.552131 0.0417423 -0.0079899 -0.00639192 0 1
0.891059 0.5 -0.0521267 0 0.552131 0.0417423 -0.0079899 -0.00639192 0 1
0.891059 0.6 -0.0521274 0 0.552131 0.0417423 -0.0079899 -0.00639192 0 1
0.891059 0.5 -0.0521276 0 0.552131 0.0417423 -0.0079899 -0.00639192 0 1
0.891059 0.6 -0.0521276 0 0.552131 0.0417423 -0.0079899 -0.00639192 0 1
0.891059 0.5 -0.0521277 0 0.552131 0.0417423 -0.0079899 -0.00639192 0 1
0.891059 0.4 -0.0521277 0 0.552131 0.0417423 -0.0079899 -0.00639192 0 1
0.891059 0.5 -0.0521277 0 0.552131 0.0417423 -0.0079899 -0.00639192 0 1
0.891059 0.6 -0.0521277 0 0.552131 0.0417423 -0.0079899 -0.00639192 0 1
0.891059 0.7 -0.0521277 0 0.552131 0.0417423 -0.0079899 -0.00639192 0 1
0.891059 0.6 -0.0521277 0 0.552131 0.0417423 -0.0079899 -0.00639192 0 1
0.891059 0.7 -0.0521277 0 0.552131 0.0417423 -0.0079899 -0.00639192 0 1
0.891059 0.4 -0.0521277 0 0.552131 0.0417423 -0.0079899 -0.00639192 0 1
0.891059 0.4 -0.0521277 0 0.552131 0.0417423 -0.0079899 -0.00639192 0 1
0.891059 0.5 -0.0521277 0 0.552131 0.0417423 -0.0079899 -0.00639192 0 1
0.891059 0.6 -0.0521277 0 0.552131 0.0417423 -0.0079899 -0.00639192 0 1
0.891059 0.5 -0.0521277 0 0.552131 0.0417423 -0.0079899 -0.00639192 0 1
0.891059 0.4 -0.0521277 0 0.552131 0.0417423 -0.0079899 -0.00639192 0 1
0.891059 0.2 -0.0521277 0 0.552131 0.0417423 -0.0079899 -0.00639192 0 1
0.891059 0.2 -0.0521277 0 0.552131 0.0417423 -0.0079899 -0.00639192 0 1
0.891059 0.2 -0.0521277 0 0.552131 0.0417423 -0.0079899 -0.00639192 0 0
0.896625 0.3 -0.0521277 0 0.516953 0.0417423 -0.0079899 -0.00639192 0 0
0.962785 0.4 -0.0521277 0 0.516953 0.0417423 -0.0079899 -0.00639192 0 0
0.986603 0.3 -0.0521277 0 0.430142 0.0667272 -0.0130586 0.0262198 0 0
0.789282 0.4 0.0145227 0 0.363573 0.0667272 -0.0130586 0.0262198 0 0
0.703084 0.5 0.0345178 0 0.363573 0.0667272 -0.0130586 0.0262198 0 0
0.562467 0.6 -0.0853994 0 0.522073 0.0867151 -0.0171135 0.0229758 0 0
0.801991 0.7 -0.121375 0 0.522073 0.0867151 -0.0171135 0.0229758 0 0
0.641593 0.8 -0.0558568 0 0.511275 0.0867151 -0.0171135 0.0229758 0 0
0.646372 0.9 -0.0397834 0 0.511275 0.0867151 -0.0171135 0.0229758 0 0
0.646372 1 -0.0349613 0 0.511275 0.0867151 -0.0171135 0.0229758 0 0
0.646372 0.9 -0.0335147 0 0.511275 0.0867151 -0.0171135 0.0229758 0 0
0.646372 0.8 -0.0330807 0 0.511275 0.0867151 -0.0171135 0.0229758 0 0
0.646372 0.7 -0.0329505 0 0.511275 0.0867151 -0.0171135 0.0229758 0 0
0.646372 0.6 -0.0329115 0 0.511275 0.0867151 -0.0171135 0.0229758 0 0
0.646372 0.6 -0.0328998 0 0.511275 0.0867151 -0.0171135 0.0229758 0 0
0.646372 0.6 -0.0328962 0 0.511275 0.0867151 -0.0171135 0.0229758 0 0
0.646372 0.6 -0.0328952 0 0.511275 0.0867151 -0.0171135 0.0229758 0 0
0.646372 0.2 -0.0328949 0 0.511275 0.0867151 -0.0171135 0.0229758 0 0
0.646372 0.3 -0.0328948 0 0.511275 0.0867151 -0.0171135 0.0229758 0 0
0.646372 0.4 -0.0328947 0 0.511275 0.0867151 -0.0171135 0.0229758 0 0
0.646372 0.5 -0.0328947 0 0.511275 0.0867151 -0.0171135 0.0229758 0 1
0.646372 0.6 -0.0328947 0 0.511275 0.0867151 -0.0171135 0.0229758 0 1
0.646372 0.5 -0.0328947 0 0.511275 0.0867151 -0.0171135 0.0229758 0 1
0.646372 0.4 -0.0328947 0 0.511275 0.0867151 -0.0171135 0.0229758 0 1
0.646372 0.5 -0.0328947 0 0.511275 0.0867151 -0.0171135 0.0229758 0 1
0.646372 0.3 -0.0328947 0 0.511275 0.0867151 -0.0171135 0.0229758 0 1
0.872694 0.4 -0.0328947 0 0.511275 0.0867151 -0.0171135 0.0229758 0 1
0.872694 0.5 -0.0328947 0 0.511275 0.0867151 -0.0171135 0.0229758 0 1
0.95417 0.1 -0.0328947 0 0.511275 0.0867151 -0.0171135 0.0229758 0 1
0.95417 0.1 -0.0328947 0 0.511275 0.0867151 -0.0171135 0.0229758 0 1
0.95417 0.1 -0.0328947 0 0.511275 0.0867151 -0.0171135 0.0229758 0 1
0.983501 0.2 -0.0328947 0 0.511275 0.0867151 -0.0171135 0.0229758 0 1
0.99406 0.3 -0.0328947 0 0.511275 0.0867151 -0.0171135 0.0229758 0 1
0.99406 0.4 -0.0328947 0 0.511275 0.0867151 -0.0171135 0.0229758 0 1
0.997862 0.5 -0.0328947 0 0.511275 0.0867151 -0.0171135 0.0229758 0 1
0.997862 0.6 -0.0328947 0 0.511275 0.0867151 -0.0171135 0.0229758 0 1
0.878974 0.4 -0.0328947 0 0.511275 0.0867151 -0.0171135 0.0229758 0 1
0.95643 0.4 -0.153986 0 0.511275 0.0867151 -0.0171135 0.0229758 0 1
0.95643 0.4 -0.190313 0 0.511275 0.0867151 -0.0171135 0.0229758 0 1
0.984315 0.4 -0.228024 0 0.511275 0.0867151 -0.0171135 0.0229758 0 1
0.994353 0.5 -0.239338 0 0.511275 0.0867151 -0.0171135 0.0229758 0 1
0.997967 0.5 0.00502801 0 0.511275 0.0867151 -0.0171135 0.0229758 0 1
0.997967 0.3 0.0783377 0 0.511275 0.0867151 -0.0171135 0.0229758 0 1
0.879024 0.4 -0.0797038 0 0.511275 0.0867151 -0.0171135 0.0229758 0 1
0.821932 0.5 -0.127116 0 0.511275 0.0867151 -0.0171135 0.0229758 0 1
0.935895 0.6 -0.139879 0 0.511275 0.0867151 -0.0171135 0.0229758 0 1
0.976922 0.5 -0.0338242 0 0.511275 0.0867151 -0.0171135 0.0229758 0 1
0.991692 0.5 -0.00200772 0 0.511275 0.0867151 -0.0171135 0.0229758 0 1
0.876012 0.5 -0.0443523 0 0.511275 0.0867151 -0.0171135 0.0229758 0 0
0.820486 0.4 -0.0570557 0 0.511275 0.0867151 -0.0171135 0.0229758 0 0
0.935375 0.5 -0.0608667 0 0.511275 0.0867151 -0.0171135 0.0229758 0 0
0.976735 0.6 -0.06201 0 0.511275 0.0867151 -0.0171135 0.0229758 0 0
0.991625 0.4 -0.0963808 0 0.511275 0.0867151 -0.0171135 0.0229758 0 0
0.996985 0.4 0.0563422 0 0.511275 0.0867151 -0.0171135 0.0229758 0 0
0.878553 0.4 -0.0580973 0 0.511275 0.0867151 -0.0171135 0.0229758 0 0
0.956279 0.5 -0.0326856 0 0.511275 0.0867151 -0.0171135 0.0229758 0 0
0.98426 0.6 -0.0250621 0 0.511275 0.0867151 -0.0171135 0.0229758 0 0
0.872445 0.7 -0.142134 0 0.511275 0.0867151 -0.0171135 0.0229758 0 0
0.95408 0.8 -0.00459673 0 0.511275 0.0867151 -0.0171135 0.0229758 0 0
0.983469 0.8 0.128621 0 0.511275 0.0867151 -0.0171135 0.0229758 0 0
0.994049 0.8 0.168586 0 0.511275 0.0867151 -0.0171135 0.0229758 0 0
0.997858 0.9 0.180576 0 0.511275 0.0867151 -0.0171135 0.0229758 0 0
0.878972 0.8 0.184173 0 0.511275 0.0867151 -0.0171135 0.0229758 0 0
0.95643 0.6 0.0964283 0 0.511275 0.0867151 -0.0171135 0.0229758 0 0
0.984315 0.7 0.070105 0 0.511275 0.0867151 -0.0171135 0.0229758 0 0
0.994353 0.5 -0.0510273 0 0.511275 0.0867151 -0.0171135 0.0229758 0 0
0.997967 0.4 -0.087367 0 0.511275 0.0867151 -0.0171135 0.0229758 0 0
0.999268 0.5 -0.0982689 0 0.511275 0.0867151 -0.0171135 0.0229758 0 0
0.879649 0.5 -0.172244 0 0.511275 0.0867151 -0.0171135 0.0229758 0 0
0.822231 0.5 -0.156673 0 0.511275 0.0867151 -0.0171135 0.0229758 0 0
0.794671 0.5 -0.152002 0 0.511275 0.0867151 -0.0171135 0.0229758 0 0
0.926082 0.6 -0.150601 0 0.511275 0.0867151 -0.0171135 0.0229758 0 0
0.844519 0.7 -0.15018 0 0.511275 0.0867151 -0.0171135 0.0229758 0 0
0.805369 0.8 -0.112183 0 0.511275 0.0867151 -0.0171135 0.0229758 0 0
0.786577 0.9 -0.100783 0 0.511275 0.0867151 -0.0171135 0.0229758 0 0
0.777557 1 -0.168607 0 0.511275 0.0867151 -0.0171135 0.0229758 0 0
0.919921 1 -0.0555821 0 0.511275 0.0867151 -0.0171135 0.0229758 0 0
0.971171 1 -0.0216746 0 0.511275 0.0867151 -0.0171135 0.0229758 0 0
0.989622 0.9 -0.0415024 0 0.511275 0.0867151 -0.0171135 0.0229758 0 0
0.993773 1 -0.0399871 0 0.478294 0.0867151 -0.0171135 0.0229758 0 0
0.877011 1 -0.0417131 0 0.555049 0.0860387 -0.0170242 0.0163807 0 0
0.892579 1 -0.0422309 0 0.555049 0.0860387 -0.0170242 0.0163807 0 0
0.961329 1 -0.0327147 0 0.555049 0.0860387 -0.0170242 0.0163807 0 0
0.986078 1 0.00927649 0 0.555049 0.0860387 -0.0170242 0.0163807 0 0
0.873318 1 0.0362936 0 0.555049 0.0860387 -0.0170242 0.0163807 0 0
0.954394 1 -0.0177483 0 0.555049 0.0860387 -0.0170242 0.0163807 0 0
0.858109 1 -0.0339609 0 0.555049 0.0860387 -0.0170242 0.0163807 0 0
0.948919 1 -0.0299996 0 0.555049 0.0860387 -0.0170242 0.0163807 0 0
0.981611 1 -0.206036 0 0.555049 0.0860387 -0.0170242 0.0163807 0 0
0.99338 1 -0.133107 0 0.555049 0.0860387 -0.0170242 0.0163807 0 0
0.997617 1 -0.111228 0 0.555049 0.0860387 -0.0170242 0.0163807 0 0
0.999142 1 -0.104665 0 0.555049 0.0860387 -0.0170242 0.0163807 0 0
0.999691 1 -0.102696 0 0.555049 0.0860387 -0.0170242 0.0163807 0 0
0.879852 1 -0.111578 0 0.555049 0.0860387 -0.0170242 0.0163807 0 0
0.822329 1 -0.114243 0 0.488484 0.0860387 -0.0170242 0.0163807 0 0
0.936038 1 -0.253818 0 0.488484 0.0860387 -0.0170242 0.0163807 0 0
0.976974 1 -0.295691 0 0.488484 0.0860387 -0.0170242 0.0163807 0 0
0.868947 1 -0.144839 0 0.488484 0.0860387 -0.0170242 0.0163807 0 0
0.952821 1 -0.130952 0 0.488484 0.0860387 -0.0170242 0.0163807 0 0
0.971693 1 -0.110582 0 0.457454 0.0860387 -0.0170242 0.0163807 0 0
0.919847 1 -0.104471 0 0.457454 0.0860387 -0.0170242 0.0163807 0 0
0.841527 1 -0.282285 0 0.457454 0.0860387 -0.0170242 0.0163807 0 0
0.94295 1 -0.335629 0 0.489599 0.0860387 -0.0170242 0.0163807 0 0
0.852616 1 -0.351632 0 0.450436 0.115498 -0.0236193 0.0377712 0 0
0.946942 1 -0.356433 0 0.450436 0.115498 -0.0236193 0.0377712 0 0
0.757553 0.8 -0.242307 0 0.390758 0.115498 -0.0236193 0.0377712 0 0
0.858175 0.9 -0.20807 0 0.355397 0.115498 -0.0236193 0.0377712 0 0
0.68654 1 -0.0838494 0 0.355397 0.115498 -0.0236193 0.0377712 0 0
0.729539 1 0.019526 0 0.390985 0.105731 -0.0222288 -0.00111637 0 0
0.850107 1 0.0505387 0 0.390985 0.105731 -0.0222288 -0.00111637 0 0
0.946039 1 0.0598424 0 0.390985 0.105731 -0.0222288 -0.00111637 0 0
0.980574 1 0.0626336 0 0.390985 0.105731 -0.0222288 -0.00111637 0 0
0.988344 1 0.3378 0 0.495436 0.105731 -0.0222288 -0.00111637 0 0
0.924643 1 0.420351 0 0.583265 0.105731 -0.0222288 -0.00111637 0 0
0.954786 1 0.206605 0 0.472017 0.105731 -0.0222288 -0.00111637 0 0
0.914978 0.9 0.142482 0 0.496335 0.111252 -0.00778304 0.0604402 0 0
0.948987 0.8 0.371316 0 0.574846 0.111252 -0.00778304 0.0604402 0 0
0.913308 0.8 0.439966 0 0.55702 0.111252 -0.00778304 0.0604402 0 0
0.947985 0.8 0.37699 0 0.453199 0.111252 -0.00778304 0.0604402 0 0
0.855033 0.8 0.144597 0 0.413468 0.0956681 -0.00622643 0.00835219 0 0
0.886249 0.4 0.0748791 0 0.419874 0.0956681 -0.00622643 0.00835219 0 0
0.93175 0.5 0.254081 0 0.356852 0.0956681 -0.00622643 0.00835219 0 0
0.908344 0.6 0.307842 0 0.356852 0.0956681 -0.00622643 0.00835219 0 0
0.726675 0.7 0.363603 0 0.469813 0.0956681 -0.00622643 0.00835219 0 0
0.679043 0.8 0.380331 0 0.420693 0.123201 0.0216855 0.127348 0 0
0.807426 0.7 0.197953 0 0.359947 0.211894 0.0573484 0.199212 0 0
0.872539 0.7 0.14324 0 0.364321 0.182849 0.0458787 0.0600363 0 0
0.954114 0.5 0.126826 0 0.344151 0.182849 0.0458787 0.0600363 0 0
0.954114 0.3 0.121902 0 0.344151 0.182849 0.0458787 0.0600363 0 0
0.983481 0.4 0.120425 0 0.343295 0.182849 0.0458787 0.0600363 0 0
0.990089 0.5 0.0264052 0 0.310192 0.182849 0.0458787 0.0600363 0 0
0.875243 0.2 -0.0764534 0 0.294779 0.182849 0.0458787 0.0600363 0 0
0.736093 0.1 -0.107311 0 0.27513 0.182849 0.0458787 0.0600363 0 0
0.841656 0.2 -0.119693 0 0.260822 0.182849 0.0458787 0.0600363 0 0
0.53866 0.3 -0.117117 0 0.246981 0.176279 0.026703 0.0580291 0 0
0.53866 0.2 -0.116344 0 0.246981 0.176279 0.026703 0.0580291 0 0
0.795134 0.3 -0.116112 0 0.225013 0.176279 0.026703 0.0580291 0 0
0.636107 0.4 0.0854788 0 0.255149 0.176279 0.026703 0.0580291 0 0
0.705331 0.5 0.337072 0 0.279795 0.176279 0.026703 0.0580291 0 0
0.670847 0.6 0.41255 0 0.27601 0.176279 0.026703 0.0580291 0 0
0.536678 0.7 0.424765 0 0.40514 0.176279 0.026703 0.0580291 0 0
0.794563 0.8 0.42843 0 0.397009 0.176279 0.026703 0.0580291 0 0
0.926043 0.7 0.429529 0 0.368827 0.176279 0.026703 0.0580291 0 0
0.973375 0.8 0.429859 0 0.368827 0.176279 0.026703 0.0580291 0 0
0.984025 0.9 -0.0590054 0 0.368827 0.176279 0.026703 0.0580291 0 0
0.872332 1 -0.0522471 0 0.368827 0.176279 0.026703 0.0580291 0 0
0.891232 0.8 -0.0318506 0 0.368827 0.176279 0.026703 0.0580291 0 0
0.960843 0.9 -0.0257317 0 0.30229 0.176279 0.026703 0.0580291 0 0
0.985904 1 -0.0065757 0 0.30229 0.176279 0.026703 0.0580291 0 0
0.873234 1 -0.000828909 0 0.272785 0.176279 0.026703 0.0580291 0 0
0.954364 1 0.000895127 0 0.272785 0.176279 0.026703 0.0580291 0 0
0.983571 0.9 -0.00245369 0 0.272785 0.176279 0.026703 0.0580291 0 0
0.994086 1 -0.00345833 0 0.272785 0.176279 0.026703 0.0580291 0 0
0.997871 1 -0.00375972 0 0.259812 0.176279 0.026703 0.0580291 0 0
0.798297 0.9 -0.139219 0 0.252555 0.176279 0.026703 0.0580291 0 0
0.869909 1 -0.179857 0 0.261385 0.176279 0.026703 0.0580291 0 0
0.921946 1 -0.144698 0 0.216337 0.176279 0.026703 0.0580291 0 0
0.90552 1 -0.13415 0 0.216337 0.176279 0.026703 0.0580291 0 0
0.943312 1 -0.0784268 0 0.235991 0.176279 0.026703 0.0580291 0 0
0.85279 0.8 -0.0516531 0 0.229242 0.176279 0.026703 0.0580291 0 0
0.809339 0.7 -0.0377686 0 0.228086 0.176279 0.026703 0.0580291 0 0
0.517977 0.7 -0.0698127 0 0.228712 0.176279 0.026703 0.0580291 0 0
0.648629 0.6 0.0991542 0 0.263778 0.176279 0.026703 0.0580291 0 0
0.711342 0.6 -0.0327537 0 0.306728 0.176279 0.026703 0.0580291 0 0
0.741444 0.6 0.146945 0 0.444387 0.176279 0.026703 0.0580291 0 0
0.755893 0.6 0.000333414 0 0.462328 0.204357 0.0313624 0.11509 0 0
0.762829 0.4 0.183055 0 0.466414 0.176819 0.0217566 0.0340719 0 0
0.859695 0.3 0.237871 0 0.576177 0.154788 0.0140719 0.0279242 0 0
0.94949 0.3 0.228132 0 0.576177 0.154788 0.0140719 0.0279242 0 0
0.981816 0.4 0.22521 0 0.651418 0.154788 0.0140719 0.0279242 0 0
0.98909 0.5 -0.0324369 0 0.765037 0.154788 0.0140719 0.0279242 0 0
0.874763 0.6 0.154099 0 0.813034 0.170497 0.0212575 0.107006 0 0
0.819886 0.5 0.210292 0 0.849432 0.146398 0.0103394 0.0216048 0 0
0.793545 0.4 0.256317 0 0.782961 0.143785 0.0182715 0.0812839 0 0
0.780902 0.5 0.255699 0 0.824388 0.145028 0.0212839 0.0836938 0 0
0.8649 0.6 0.255514 0 0.759511 0.126022 0.0136938 0.0276217 0 0
0.951364 0.7 0.255459 0 0.784967 0.164151 0.060955 0.202097 0 0
0.982491 0.6 0.255442 0 0.834159 0.131321 0.0454307 0.0363445 0 0
0.989495 0.6 0.258775 0 0.863406 0.12839 0.0463445 0.123742 0 0
0.874957 0.5 0.243783 0 0.803596 0.116045 0.040409 0.0656605 0 0
0.81998 0.3 0.220913 0 0.752877 0.099503 0.0323272 0.0358617 0 0
0.876154 0.3 0.214052 0 0.790981 0.102936 0.0291951 0.0700227 0 0
0.925692 0.4 0.209428 0 0.828784 0.0823486 0.0200227 0.0160182 0 0
0.844332 0.3 0.224783 0 0.853504 0.0825455 0.0160182 0.0428145 0 0
0.80528 0.2 0.228486 0 0.696462 0.0860364 0.0128145 0.0502516 0 0
0.871921 0.1 0.229596 0 0.656681 0.0821625 0.0069183 0.0222013 0 0
0.923152 0.2 0.243284 0 0.616434 0.06573 0.00553464 0.00442771 0 0
0.905868 0.3 0.24739 0 0.688269 0.092584 0.0110944 0.0755422 0 0
0.943521 0.4 0.285675 0 0.640372 0.114067 0.0155422 0.0824337 0 0
0.85289 0.3 0.275596 0 0.706472 0.131254 0.0191004 0.0852803 0 0
0.809387 0.3 0.253875 0 0.762222 0.131254 0.0191004 0.0852803 0 0
0.873103 0.4 0.263372 0 0.762222 0.131254 0.0191004 0.0852803 0 0
0.923862 0.4 0.249845 0 0.803014 0.131254 0.0191004 0.0852803 0 0
0.906072 0.5 0.245787 0 0.83849 0.131254 0.0191004 0.0852803 0 0
0.966186 0.6 0.023736 0 0.83849 0.131254 0.0191004 0.0852803 0 0
0.987827 0.7 -0.0428792 0 0.862179 0.105003 0.00528032 0.00422426 0 0
0.992696 0.7 0.141105 0 0.884865 0.114002 0.0142243 0.101379 0 0
0.925897 0.7 0.1963 0 0.803038 0.114002 0.0142243 0.101379 0 0
0.973323 0.8 0.212858 0 0.869703 0.121202 0.00137941 0.0577702 0 0
0.983994 0.9 0.0358692 0 0.716217 0.110295 -0.00556314 0.0122162 0 0
0.872317 0.8 0.00861918 0 0.676344 0.110295 -0.00556314 0.0122162 0 0
0.818712 0.8 0.0151436 0 0.759655 0.0882359 -0.0111172 -0.00889374 0 0
0.792982 0.7 0.0243073 0 0.679855 0.0839221 -0.0155604 0.00421834 0 0
0.780631 0.5 -0.158374 0 0.644443 0.0671376 -0.019115 -0.015292 0 0
0.864822 0.5 -0.0400655 0 0.644443 0.0671376 -0.019115 -0.015292 0 0
0.918893 0.5 -0.0780574 0 0.592097 0.0671376 -0.019115 -0.015292 0 0
0.904641 0.3 -0.089455 0 0.592097 0.0671376 -0.019115 -0.015292 0 0
0.965671 0.4 -0.0928742 0 0.532373 0.0671376 -0.019115 -0.015292 0 0
0.979402 0.5 -0.000688341 0 0.529195 0.0537101 -0.0186253 -0.0149003 0 0
0.870113 0.4 0.00972257 0 0.481134 0.0537101 -0.0186253 -0.0149003 0 0
0.817654 0.4 0.00816677 0 0.396468 0.0429681 -0.0182336 -0.0145869 0 0
0.875484 0.5 0.00770003 0 0.396468 0.0429681 -0.0182336 -0.0145869 0 0
0.955174 0.6 -0.225468 0 0.396468 0.0429681 -0.0182336 -0.0145869 0 0
0.858484 0.4 -0.295418 0 0.396468 0.0429681 -0.0182336 -0.0145869 0 0
0.949054 0.4 -0.316403 0 0.401499 0.0429681 -0.0182336 -0.0145869 0 0
0.98166 0.4 -0.322699 0 0.543421 0.0610411 -0.0212535 0.0196638 0 0
0.993397 0.4 -0.0912887 0 0.543421 0.0610411 -0.0212535 0.0196638 0 0
0.997623 0.4 -0.0218657 0 0.543421 0.0610411 -0.0212535 0.0196638 0 0
0.999144 0.3 -0.0443048 0 0.543421 0.0610411 -0.0212535 0.0196638 0 0
0.999692 0.4 -0.0510365 0 0.632563 0.0610411 -0.0212535 0.0196638 0 0
0.999889 0.5 0.0489748 0 0.632563 0.0610411 -0.0212535 0.0196638 0 0
0.999933 0.6 0.0157727 0 0.52205 0.0610411 -0.0212535 0.0196638 0 0
0.783974 0.7 0.00581206 0 0.480431 0.0610411 -0.0212535 0.0196638 0 0
0.870385 0.8 0.0696008 0 0.404345 0.0610411 -0.0212535 0.0196638 0 0
0.734228 0.6 0.0887374 0 0.333114 0.0610411 -0.0212535 0.0196638 0 0
0.752429 0.5 0.0944784 0 0.292538 0.0610411 -0.0212535 0.0196638 0 0
0.851458 0.6 0.0451704 0 0.267738 0.0488329 -0.0270028 -0.0216023 0 0
0.544933 0.7 0.0531738 0 0.247899 0.0488329 -0.0270028 -0.0216023 0 0
0.796941 0.8 0.0555748 0 0.247899 0.0488329 -0.0270028 -0.0216023 0 0
0.878164 0.8 0.0608766 0 0.238744 0.0390663 -0.0316023 -0.0252818 0 0
0.892911 0.8 0.0624671 0 0.240995 0.0312531 -0.0319485 -0.0255588 0 0
0.935747 0.8 0.0256029 0 0.234415 0.0312531 -0.0319485 -0.0255588 0 0
0.598878 0.8 -0.0327037 0 0.234415 0.0312531 -0.0319485 -0.0255588 0 0
0.812477 0.9 -0.0501957 0 0.234415 0.0312531 -0.0319485 -0.0255588 0 0
0.932492 1 -0.0554433 0 0.234415 0.0312531 -0.0319485 -0.0255588 0 0
0.959495 0.6 -0.0124663 0 0.217417 0.0312531 -0.0319485 -0.0255588 0 0
0.860558 0.7 0.0081601 0 0.205394 0.0312531 -0.0319485 -0.0255588 0 0
0.813068 0.8 0.0917337 0 0.236447 0.0312531 -0.0319485 -0.0255588 0 0
0.790272 0.8 0.0103633 0 0.221906 0.0312531 -0.0319485 -0.0255588 0 0
0.867598 0.6 -0.0140479 0 0.262307 0.0312531 -0.0319485 -0.0255588 0 0
0.816447 0.4 -0.0213712 0 0.3018 0.0312531 -0.0319485 -0.0255588 0 0
0.653158 0.5 -0.219156 0 0.287683 0.0312531 -0.0319485 -0.0255588 0 0
0.828109 0.5 -0.268804 0 0.287683 0.0312531 -0.0319485 -0.0255588 0 0
0.896866 0.5 -0.0223079 0 0.267509 0.0312531 -0.0319485 -0.0255588 0 0
0.898297 0.6 0.051641 0 0.36316 0.0312531 -0.0319485 -0.0255588 0 0
0.831183 0.7 0.0738256 0 0.36316 0.0312531 -0.0319485 -0.0255588 0 0
0.939226 0.6 0.080481 0 0.378839 0.0312531 -0.0319485 -0.0255588 0 0
0.850828 0.7 0.0824777 0 0.378839 0.0312531 -0.0319485 -0.0255588 0 0
0.808398 0.8 0.0830766 0 0.378839 0.0312531 -0.0319485 -0.0255588 0 0
0.931023 0.9 0.0832563 0 0.312214 0.0312531 -0.0319485 -0.0255588 0 0
0.975168 1 -0.178595 0 0.312214 0.0312531 -0.0319485 -0.0255588 0 0
0.991061 1 0.0321359 0 0.312214 0.0312531 -0.0319485 -0.0255588 1 0
0.996782 1 0.0953551 0 0.312214 0.0312531 -0.0319485 -0.0255588 1 0
0.878455 0.9 0.206732 0 0.312214 0.0312531 -0.0319485 -0.0255588 1 0
0.821659 1 0.240144 0 0.312214 0.0312531 -0.0319485 -0.0255588 1 0
0.794396 1 0.250168 0 0.312214 0.0312531 -0.0319485 -0.0255588 1 0
0.78131 1 0.230606 0 0.312214 0.0312531 -0.0319485 -0.0255588 1 0
0.775029 0.8 0.230456 0 0.312214 0.0312531 -0.0319485 -0.0255588 1 0
0.772014 0.7 0.230411 0 0.312214 0.0312531 -0.0319485 -0.0255588 1 0
0.770567 0.5 0.37829 0 0.312214 0.0312531 -0.0319485 -0.0255588 1 0
0.917404 0.6 0.422654 0 0.312214 0.0312531 -0.0319485 -0.0255588 1 0
0.840354 0.7 0.273671 0 0.312214 0.0312531 -0.0319485 -0.0255588 1 0
0.80337 0.7 0.32558 0 0.312214 0.0312531 -0.0319485 -0.0255588 1 0
0.785618 0.7 0.341152 0 0.312214 0.0312531 -0.0319485 -0.0255588 1 0
0.922822 0.7 0.345824 0 0.312214 0.0312531 -0.0319485 -0.0255588 1 0
0.842955 0.7 0.328204 0 0.312214 0.0312531 -0.0319485 -0.0255588 1 0
0.804618 0.8 -0.0754542 0 0.312214 0.0312531 -0.0319485 -0.0255588 1 0
0.786217 0.9 0.0907897 0 0.312214 0.0312531 -0.0319485 -0.0255588 1 0
0.777384 1 -0.111791 0 0.312214 0.0312531 -0.0319485 -0.0255588 1 0
0.919858 1 -0.172565 0 0.312214 0.0312531 -0.0319485 -0.0255588 1 0
0.841532 1 -0.190797 0 0.312214 0.0312531 -0.0319485 -0.0255588 1 0
0.803935 1 0.0802608 0 0.312214 0.0312531 -0.0319485 -0.0255588 1 0
0.785889 1 0.195647 0 0.312214 0.0312531 -0.0319485 -0.0255588 1 0
0.777227 1 0.0951524 0 0.312214 0.0312531 -0.0319485 -0.0255588 1 0
0.773069 0.8 0.0650041 0 0.312214 0.0312531 -0.0319485 -0.0255588 1 0
0.771073 0.9 0.0559595 0 0.312214 0.0312531 -0.0319485 -0.0255588 1 0
0.770115 1 0.0532462 0 0.312214 0.0312531 -0.0319485 -0.0255588 1 0
0.616092 1 0.208474 0 0.465988 0.0683358 -0.0188921 0.051553 1 0
0.636579 1 0.255042 0 0.465988 0.0683358 -0.0188921 0.051553 1 0
0.705558 1 0.269013 0 0.465988 0.0683358 -0.0188921 0.051553 1 0
0.894001 1 -0.0928379 0 0.465988 0.0683358 -0.0188921 0.051553 1 0
0.936401 1 0.147149 0 0.433125 0.098002 -0.0117804 0.0572424 1 0
0.759578 1 0.219145 0 0.433125 0.098002 -0.0117804 0.0572424 1 0
0.764597 1 0.274983 0 0.433125 0.098002 -0.0117804 0.0572424 1 0
0.767007 0.8 0.291734 0 0.433125 0.098002 -0.0117804 0.0572424 1 0
0.768163 0.7 0.296759 0 0.433125 0.098002 -0.0117804 0.0572424 1 0
0.916539 0.6 0.267599 0 0.433125 0.098002 -0.0117804 0.0572424 1 0
0.839939 0.3 0.28879 0 0.433125 0.098002 -0.0117804 0.0572424 1 0
0.803171 0.3 0.295148 0 0.433125 0.098002 -0.0117804 0.0572424 1 0
0.929141 0.4 0.296357 0 0.433125 0.098002 -0.0117804 0.0572424 1 0
0.974491 0.4 0.29672 0 0.433125 0.098002 -0.0117804 0.0572424 1 0
0.867756 0.3 0.286842 0 0.433125 0.098002 -0.0117804 0.0572424 1 0
0.816523 0.4 0.299096 0 0.433125 0.098002 -0.0117804 0.0572424 1 0
0.791931 0.5 0.302772 0 0.433125 0.098002 -0.0117804 0.0572424 1 0
0.780127 0.6 0.303875 0 0.458933 0.101735 -0.016091 0.0237939 1 0
0.774461 0.7 0.324496 0 0.458933 0.101735 -0.016091 0.0237939 1 0
0.771741 0.8 0.308807 0 0.458933 0.101735 -0.016091 0.0237939 1 0
0.917827 0.9 0.299785 0 0.458933 0.101735 -0.016091 0.0237939 1 0
0.840557 1 0.27523 0 0.458933 0.101735 -0.016091 0.0237939 1 0
0.9426 1 0.267863 0 0.458933 0.101735 -0.016091 0.0237939 1 0
0.979336 0.8 0.265653 0 0.458933 0.101735 -0.016091 0.0237939 1 0
0.870081 0.9 0.269913 0 0.458933 0.101735 -0.016091 0.0237939 1 0
0.817639 0.8 0.263266 0 0.458933 0.101735 -0.016091 0.0237939 1 0
0.792467 0.7 0.219605 0 0.458933 0.101735 -0.016091 0.0237939 1 0
0.780384 0.7 0.206506 0 0.458933 0.101735 -0.016091 0.0237939 1 0
0.920938 0.7 0.202577 0 0.458933 0.101735 -0.016091 0.0237939 1 0
0.84205 0.4 0.201398 0 0.458933 0.101735 -0.016091 0.0237939 1 0
0.804184 0.3 0.205702 0 0.458933 0.101735 -0.016091 0.0237939 1 0
0.929506 0.1 0.206994 0 0.458933 0.101735 -0.016091 0.0237939 1 0
0.846163 0.2 0.207381 0 0.458933 0.101735 -0.016091 0.0237939 1 0
0.806158 0.3 -0.102492 0 0.458933 0.101735 -0.016091 0.0237939 1 0
0.930217 0.4 -0.198456 0 0.458933 0.101735 -0.016091 0.0237939 1 0
0.974878 0.3 -0.227245 0 0.458933 0.101735 -0.016091 0.0237939 1 0
0.990956 0.4 -0.257363 0 0.458933 0.101735 -0.016091 0.0237939 1 0
0.875659 0.5 -0.266398 0 0.458933 0.101735 -0.016091 0.0237939 1 0
0.820316 0.6 -0.269109 0 0.458933 0.101735 -0.016091 0.0237939 1 0
0.793752 0.7 -0.260733 0 0.458933 0.101735 -0.016091 0.0237939 1 0
0.925751 0.8 -0.289117 0 0.458933 0.101735 -0.016091 0.0237939 1 0
0.97327 0.8 -0.297633 0 0.458933 0.101735 -0.016091 0.0237939 1 0
0.86717 0.8 0.0357102 0 0.458933 0.101735 -0.016091 0.0237939 1 0
0.816241 0.8 0.135713 0 0.458933 0.101735 -0.016091 0.0237939 1 0
0.933847 0.9 0.245501 0 0.458933 0.101735 -0.016091 0.0237939 1 0
0.848247 1 0.183025 0 0.458933 0.101735 -0.016091 0.0237939 1 0
0.945369 1 0.164283 0 0.458933 0.101735 -0.016091 0.0237939 1 0
0.853777 1 0.15866 0 0.458933 0.101735 -0.016091 0.0237939 1 0
0.94736 1 -0.100319 0 0.458933 0.101735 -0.016091 0.0237939 1 0
0.854733 0.8 0.0980294 0 0.458933 0.101735 -0.016091 0.0237939 1 0
0.810272 0.5 0.135906 0 0.458933 0.101735 -0.016091 0.0237939 1 0
0.78893 0.6 0.0193433 0 0.458933 0.101735 -0.016091 0.0237939 1 0
0.631144 0.7 -0.0965555 0 0.392356 0.0880546 -0.0128728 -0.000298212 1 0
0.642359 0.7 -0.131325 0 0.392356 0.0880546 -0.0128728 -0.000298212 1 0
0.785416 0.4 -0.22154 0 0.546443 0.0704437 -0.0102982 -0.00823857 1 0
0.8662 0.5 -0.00316425 0 0.546443 0.0704437 -0.0102982 -0.00823857 1 0
0.91972 0.6 0.16266 0 0.473325 0.0630216 -0.00823857 0.00674248 1 0
0.904879 0.7 0.212408 0 0.473325 0.0630216 -0.00823857 0.00674248 1 0
0.942928 0.8 0.124437 0 0.590288 0.0637506 -0.00659086 0.0147273 1 0
0.911563 0.9 0.0980452 0 0.590288 0.0637506 -0.00659086 0.0147273 1 0
0.968163 1 0.0714136 0 0.590288 0.0637506 -0.00659086 0.0147273 1 0
0.988539 1 0.0634241 0 0.590288 0.0637506 -0.00659086 0.0147273 1 0
0.995874 1 0.0610272 0 0.590288 0.0637506 -0.00659086 0.0147273 1 0
0.997524 1 0.0146623 0 0.703444 0.0976672 0.00139398 0.0677819 1 0
0.927287 1 -0.202744 0 0.703444 0.0976672 0.00139398 0.0677819 1 0
0.845098 1 -0.267966 0 0.703444 0.0976672 0.00139398 0.0677819 1 0
0.944235 1 -0.259036 0 0.703444 0.0976672 0.00139398 0.0677819 1 0
0.979925 1 -0.256357 0 0.703444 0.0976672 0.00139398 0.0677819 0 0
0.870364 1 -0.255553 0 0.703444 0.0976672 0.00139398 0.0677819 0 0
0.953331 1 0.0353342 0 0.703444 0.0976672 0.00139398 0.0677819 0 0
0.857599 1 0.0356002 0 0.703444 0.0976672 0.00139398 0.0677819 0 0
0.948736 1 0.0356801 0 0.703444 0.0976672 0.00139398 0.0677819 0 0
0.855393 1 0.0847425 0 0.703444 0.0976672 0.00139398 0.0677819 0 0
0.810589 1 0.0994612 0 0.703444 0.0976672 0.00139398 0.0677819 1 0
0.931812 1 0.239838 0 0.703444 0.0976672 0.00139398 0.0677819 1 0
0.975452 1 0.0755973 0 0.703444 0.0976672 0.00139398 0.0677819 1 0
0.991163 0.9 0.026325 0 0.703444 0.0976672 0.00139398 0.0677819 1 0
0.996819 1 0.0115433 0 0.703444 0.0976672 0.00139398 0.0677819 1 0
0.878473 1 -0.0369216 0 0.703444 0.0976672 0.00139398 0.0677819 1 0
0.95625 1 0.0802279 0 0.703444 0.0976672 0.00139398 0.0677819 1 0
0.859 1 0.066198 0 0.703444 0.0976672 0.00139398 0.0677819 1 0
0.81232 1 0.0101372 0 0.703444 0.0976672 0.00139398 0.0677819 1 0
0.932435 1 -0.0761255 0 0.703444 0.0976672 0.00139398 0.0677819 1 0
0.975677 1 -0.102004 0 0.703444 0.0976672 0.00139398 0.0677819 1 0
0.991244 1 0.0199543 0 0.703444 0.0976672 0.00139398 0.0677819 1 0
0.996848 1 -0.0341179 0 0.703444 0.0976672 0.00139398 0.0677819 1 0
0.998865 1 -0.167006 0 0.703444 0.0976672 0.00139398 0.0677819 1 0
0.879455 1 -0.206873 0 0.703444 0.0976672 0.00139398 0.0677819 1 0
0.956604 1 0.0522239 0 0.703444 0.0976672 0.00139398 0.0677819 1 0
0.984377 1 0.129953 0 0.703444 0.0976672 0.00139398 0.0677819 1 0
0.872501 1 0.0461287 0 0.703444 0.0976672 0.00139398 0.0677819 1 0
0.818801 1 0.0209815 0 0.703444 0.0976672 0.00139398 0.0677819 1 0
0.793024 1 0.0134373 0 0.703444 0.0976672 0.00139398 0.0677819 1 0
0.925489 1 0.00760262 0 0.703444 0.0976672 0.00139398 0.0677819 1 0
0.844235 1 0.102281 0 0.703444 0.0976672 0.00139398 0.0677819 1 0
0.805233 1 0.130684 0 0.703444 0.0976672 0.00139398 0.0677819 1 0
0.786512 1 0.170455 0 0.703444 0.0976672 0.00139398 0.0677819 1 0
0.777526 1 0.182387 0 0.703444 0.0976672 0.00139398 0.0677819 1 0
0.773212 1 0.185966 0 0.703444 0.0976672 0.00139398 0.0677819 1 0
0.771142 1 0.238081 0 0.703444 0.0976672 0.00139398 0.0677819 1 0
0.917611 1 -0.118576 0 0.703444 0.0976672 0.00139398 0.0677819 1 0
0.840453 1 -0.225573 0 0.703444 0.0976672 0.00139398 0.0677819 1 0
0.803418 1 0.0959152 0 0.703444 0.0976672 0.00139398 0.0677819 1 0
0.78564 1 0.192362 0 0.703444 0.0976672 0.00139398 0.0677819 1 0
0.777107 1 0.247708 0 0.703444 0.0976672 0.00139398 0.0677819 1 0
0.773012 1 0.253201 0 0.703444 0.0976672 0.00139398 0.0677819 1 0
0.771046 1 0.254849 0 0.703444 0.0976672 0.00139398 0.0677819 1 0
0.770102 1 0.255344 0 0.703444 0.0976672 0.00139398 0.0677819 1 0
0.769649 0.9 0.147436 0 0.703444 0.0976672 0.00139398 0.0677819 1 0
0.917074 1 0.313342 0 0.703444 0.0976672 0.00139398 0.0677819 1 0
0.970147 1 0.154003 0 0.703444 0.0976672 0.00139398 0.0677819 1 0
0.86567 0.9 0.177451 0 0.703444 0.0976672 0.00139398 0.0677819 1 0
0.951641 1 0.118235 0 0.703444 0.0976672 0.00139398 0.0677819 1 0
0.761313 1 0.267536 0 0.678009 0.0848004 0.00444852 0.0102255 1 0
0.692344 1 0.0872607 0 0.678009 0.0848004 0.00444852 0.0102255 1 0
0.732325 1 0.0697303 0 0.678009 0.0848004 0.00444852 0.0102255 1 0
0.751516 1 0.128611 0 0.678009 0.0848004 0.00444852 0.0102255 1 0
0.760728 1 0.146276 0 0.678009 0.0848004 0.00444852 0.0102255 1 0
0.765149 1 0.151575 0 0.678009 0.0848004 0.00444852 0.0102255 1 0
0.767272 1 0.153165 0 0.678009 0.0848004 0.00444852 0.0102255 1 0
0.76829 1 0.190592 0 0.678009 0.0848004 0.00444852 0.0102255 1 0
0.768779 1 0.201821 0 0.678009 0.0848004 0.00444852 0.0102255 1 0
0.769014 1 0.205189 0 0.678009 0.0848004 0.00444852 0.0102255 1 0
0.916845 1 -0.0930266 0 0.678009 0.0848004 0.00444852 0.0102255 1 0
0.840086 1 0.165709 0 0.678009 0.0848004 0.00444852 0.0102255 1 0
0.803241 1 0.24333 0 0.678009 0.0848004 0.00444852 0.0102255 1 0
0.785556 0.8 0.115968 0 0.678009 0.0848004 0.00444852 0.0102255 1 0
0.9228 0.8 0.0777591 0 0.678009 0.0848004 0.00444852 0.0102255 1 0
0.842944 0.8 0.0662965 0 0.678009 0.0848004 0.00444852 0.0102255 1 0
0.804613 0.7 0.202667 0 0.678009 0.0848004 0.00444852 0.0102255 1 0
0.929661 0.8 0.208843 0 0.678009 0.0848004 0.00444852 0.0102255 1 0
0.974678 0.8 0.210697 0 0.678009 0.0848004 0.00444852 0.0102255 1 0
0.990884 0.8 0.249146 0 0.678009 0.0848004 0.00444852 0.0102255 1 0
0.875624 0.8 0.260681 0 0.678009 0.0848004 0.00444852 0.0102255 1 0
0.8203 0.8 0.211357 0 0.678009 0.0848004 0.00444852 0.0102255 1 0
0.935308 0.9 0.123407 0 0.678009 0.0848004 0.00444852 0.0102255 1 0
0.848948 1 0.0970221 0 0.678009 0.0848004 0.00444852 0.0102255 1 0
0.945621 1 0.0891066 0 0.678009 0.0848004 0.00444852 0.0102255 1 0
0.980424 1 0.229573 0 0.678009 0.0848004 0.00444852 0.0102255 1 0
0.870603 1 0.221046 0 0.678009 0.0848004 0.00444852 0.0102255 1 0
0.696483 1 0.162147 0 0.549725 0.0848004 0.00444852 0.0102255 1 0
0.667449 1 0.129894 0 0.549725 0.0848004 0.00444852 0.0102255 1 0
0.53396 1 0.182718 0 0.677875 0.0811737 0.000225482 0.0168471 1 0
0.60504 1 0.134815 0 0.677875 0.0811737 0.000225482 0.0168471 1 0
0.690419 1 -0.180957 0 0.677875 0.0811737 0.000225482 0.0168471 1 0
0.731401 1 0.0733171 0 0.677875 0.0811737 0.000225482 0.0168471 1 0
0.585121 1 0.204287 0 0.579294 0.111606 0.0101804 0.0981443 1 0
0.624686 1 0.243578 0 0.579294 0.111606 0.0101804 0.0981443 1 0
0.699849 0.9 0.268422 0 0.579294 0.111606 0.0101804 0.0981443 1 0
0.735928 1 0.275875 0 0.579294 0.111606 0.0101804 0.0981443 1 0
0.753245 1 0.289581 0 0.579294 0.111606 0.0101804 0.0981443 1 0
0.911168 1 0.293692 0 0.579294 0.111606 0.0101804 0.0981443 1 0
0.968021 1 0.294926 0 0.579294 0.111606 0.0101804 0.0981443 1 0
0.86465 1 0.320543 0 0.579294 0.111606 0.0101804 0.0981443 1 0
0.815032 1 0.224288 0 0.579294 0.111606 0.0101804 0.0981443 1 0
0.791215 1 0.195411 0 0.579294 0.111606 0.0101804 0.0981443 1 0
0.779783 1 0.208623 0 0.579294 0.111606 0.0101804 0.0981443 1 0
0.920722 1 0.212587 0 0.579294 0.111606 0.0101804 0.0981443 1 0
0.97146 1 0.213776 0 0.579294 0.111606 0.0101804 0.0981443 1 0
0.777168 1 0.271945 0 0.599068 0.0892845 0.00814431 0.00651545 1 0
0.698433 1 0.145951 0 0.599068 0.0892845 0.00814431 0.00651545 1 0
0.735248 1 0.108153 0 0.599068 0.0892845 0.00814431 0.00651545 1 0
0.752919 1 -0.142554 0 0.599068 0.0892845 0.00814431 0.00651545 1 0
0.761401 0.9 -0.217766 0 0.599068 0.0892845 0.00814431 0.00651545 1 0
0.765473 1 0.113474 0 0.599068 0.0892845 0.00814431 0.00651545 1 0
0.612378 1 0.216489 0 0.48619 0.0714276 0.00651545 0.00521236 1 0
0.635153 1 0.247394 0 0.48619 0.0714276 0.00651545 0.00521236 1 0
0.868655 1 0.256665 0 0.48619 0.0714276 0.00651545 0.00521236 1 0
0.816954 1 0.255888 0 0.48619 0.0714276 0.00651545 0.00521236 1 0
0.934104 1 0.317392 0 0.48619 0.0714276 0.00651545 0.00521236 1 0
0.84837 0.8 0.235217 0 0.48619 0.0714276 0.00651545 0.00521236 1 0
0.807217 0.7 0.229362 0 0.48619 0.0714276 0.00651545 0.00521236 1 0
0.787464 0.6 0.142196 0 0.48619 0.0714276 0.00651545 0.00521236 1 0
0.629972 0.6 0.235888 0 0.39581 0.0714276 0.00651545 0.00521236 1 0
0.641909 0.6 0.148933 0 0.39581 0.0714276 0.00651545 0.00521236 1 0
0.708116 0.6 0.19168 0 0.39581 0.0714276 0.00651545 0.00521236 1 0
0.894922 0.6 0.204504 0 0.39581 0.0714276 0.00651545 0.00521236 1 0
0.829562 0.6 0.208351 0 0.39581 0.0714276 0.00651545 0.00521236 1 0
0.79819 0.6 0.244952 0 0.39581 0.0714276 0.00651545 0.00521236 1 0
0.783131 0.7 0.255932 0 0.39581 0.0714276 0.00651545 0.00521236 1 0
0.775903 0.6 0.27412 0 0.39581 0.0714276 0.00651545 0.00521236 1 0
0.772433 0.6 0.279576 0 0.39581 0.0714276 0.00651545 0.00521236 1 0
0.770768 0.7 0.281213 0 0.39581 0.0714276 0.00651545 0.00521236 1 0
0.917477 0.7 0.084364 0 0.39581 0.0714276 0.00651545 0.00521236 1 0
0.840389 0.7 0.211722 0 0.39581 0.0714276 0.00651545 0.00521236 1 0
0.803387 0.6 0.24993 0 0.39581 0.0714276 0.00651545 0.00521236 1 0
0.929219 0.7 0.112201 0 0.39581 0.0714276 0.00651545 0.00521236 1 0
0.846025 0.6 0.0708826 0 0.39581 0.0714276 0.00651545 0.00521236 1 0
0.806092 0.7 0.058487 0 0.39581 0.0714276 0.00651545 0.00521236 1 0
0.883655 0.8 -0.00432891 0 0.348108 0.0714276 0.00651545 0.00521236 1 0
0.824154 0.9 0.0305195 0 0.455498 0.0638087 0.00854569 0.0135032 1 0
0.716475 1 0.040974 0 0.455498 0.0638087 0.00854569 0.0135032 1 0
0.897931 1 -0.0314578 0 0.455498 0.0638087 0.00854569 0.0135032 1 0
0.831007 1 -0.0531873 0 0.455498 0.0638087 0.00854569 0.0135032 1 0
0.939162 1 -0.093734 0 0.455498 0.0638087 0.00854569 0.0135032 1 0
0.850798 1 -0.102009 0 0.455498 0.0638087 0.00854569 0.0135032 1 0
0.946287 1 -0.104492 0 0.455498 0.0638087 0.00854569 0.0135032 1 0
0.854218 0.9 -0.105236 0 0.455498 0.0638087 0.00854569 0.0135032 1 0
0.810025 1 -0.0966872 0 0.455498 0.0638087 0.00854569 0.0135032 1 0
0.788812 0.7 -0.0650926 0 0.455498 0.0638087 0.00854569 0.0135032 1 0
0.788812 0.7 -0.0556143 0 0.455498 0.0638087 0.00854569 0.0135032 1 0
0.788812 0.6 -0.0527707 0 0.455498 0.0638087 0.00854569 0.0135032 1 0
0.788812 0.6 -0.0519177 0 0.455498 0.0638087 0.00854569 0.0135032 1 0
0.788812 0.6 -0.0516618 0 0.455498 0.0638087 0.00854569 0.0135032 0 0
0.788812 0.3 -0.051585 0 0.455498 0.0638087 0.00854569 0.0135032 0 0
0.788812 0.2 -0.051562 0 0.455498 0.0638087 0.00854569 0.0135032 0 0
0.788812 0.2 -0.0515551 0 0.455498 0.0638087 0.00854569 0.0135032 0 0
0.788812 0.2 -0.051553 0 0.455498 0.0638087 0.00854569 0.0135032 0 0
0.788812 0 -0.0515524 0 0.455498 0.0638087 0.00854569 0.0135032 0 0
0.788812 0.1 -0.0515522 0 0.455498 0.0638087 0.00854569 0.0135032 0 0
0.788812 0.2 -0.0515521 0 0.455498 0.0638087 0.00854569 0.0135032 0 0
0.788812 0.3 -0.0515521 0 0.455498 0.0638087 0.00854569 0.0135032 1 0
0.788812 0.4 -0.0515521 0 0.455498 0.0638087 0.00854569 0.0135032 1 0
0.788812 0.3 -0.0515521 0 0.455498 0.0638087 0.00854569 0.0135032 1 0
0.788812 0.4 -0.0515521 0 0.455498 0.0638087 0.00854569 0.0135032 1 0
0.788812 0.5 -0.0515521 0 0.455498 0.0638087 0.00854569 0.0135032 1 0
0.788812 0.3 -0.0515521 0 0.455498 0.0638087 0.00854569 0.0135032 1 0
0.788812 0.3 -0.0515521 0 0.455498 0.0638087 0.00854569 0.0135032 1 0
0.788812 0.3 -0.0515521 0 0.455498 0.0638087 0.00854569 0.0135032 1 0
0.788812 0.1 -0.0515521 0 0.455498 0.0638087 0.00854569 0.0135032 1 0
0.788812 0.2 -0.0515521 0 0.455498 0.0638087 0.00854569 0.0135032 1 0
0.788812 0 -0.0515521 0 0.455498 0.0638087 0.00854569 0.0135032 1 0
0.788812 0.1 -0.0515521 0 0.455498 0.0638087 0.00854569 0.0135032 1 0
0.788812 0.2 -0.0515521 0 0.455498 0.0638087 0.00854569 0.0135032 1 0
0.788812 0 -0.0515521 0 0.455498 0.0638087 0.00854569 0.0135032 1 0
0.788812 0.1 -0.0515521 0 0.455498 0.0638087 0.00854569 0.0135032 1 0
0.788812 0.2 -0.0515521 0 0.455498 0.0638087 0.00854569 0.0135032 1 0
0.788812 0.3 -0.0515521 0 0.455498 0.0638087 0.00854569 0.0135032 1 0
0.788812 0.4 -0.0515521 0 0.455498 0.0638087 0.00854569 0.0135032 1 0
0.923972 0.5 -0.0515521 0 0.455498 0.0638087 0.00854569 0.0135032 1 0
0.923972 0.6 -0.0515521 0 0.455498 0.0638087 0.00854569 0.0135032 1 0
0.97263 0.7 -0.0515521 0 0.455498 0.0638087 0.00854569 0.0135032 1 0
0.97263 0.8 -0.0515521 0 0.455498 0.0638087 0.00854569 0.0135032 1 0
0.990147 0.7 -0.0515521 0 0.455498 0.0638087 0.00854569 0.0135032 1 0
0.990147 0.5 -0.0515521 0 0.455498 0.0638087 0.00854569 0.0135032 1 0
0.990147 0.5 -0.0515521 0 0.455498 0.0638087 0.00854569 0.0135032 1 0
0.990147 0.4 -0.0515521 0 0.455498 0.0638087 0.00854569 0.0135032 1 0
0.990147 0.5 -0.0515521 0 0.455498 0.0638087 0.00854569 0.0135032 1 0
0.990147 0.1 -0.0515521 0 0.455498 0.0638087 0.00854569 0.0135032 1 0
0.990147 0.1 -0.0515521 0 0.455498 0.0638087 0.00854569 0.0135032 1 0
0.996453 0.2 0.0428677 0 0.455498 0.0638087 0.00854569 0.0135032 1 0
0.996453 0.2 0.0711936 0 0.455498 0.0638087 0.00854569 0.0135032 1 0
0.998723 0.1 0.0796914 0 0.455498 0.0638087 0.00854569 0.0135032 1 0
0.998723 0.2 0.0822408 0 0.455498 0.0638087 0.00854569 0.0135032 1 0
0.99954 0.3 0.00605521 0 0.455498 0.0638087 0.00854569 0.0135032 1 0
0.999835 0.4 -0.0168005 0 0.455498 0.0638087 0.00854569 0.0135032 1 0
0.99994 0.5 -0.110769 0 0.455498 0.0638087 0.00854569 0.0135032 1 0
0.879971 0.4 -0.13896 0 0.455498 0.0638087 0.00854569 0.0135032 1 0
0.822386 0.5 -0.147417 0 0.455498 0.0638087 0.00854569 0.0135032 1 0
0.794745 0.6 0.0416839 0 0.455498 0.0638087 0.00854569 0.0135032 1 0
0.781478 0.3 0.0967644 0 0.455498 0.0638087 0.00854569 0.0135032 1 0
0.775109 0.3 0.113289 0 0.455498 0.0638087 0.00854569 0.0135032 1 0
0.772053 0.3 0.105283 0 0.455498 0.0638087 0.00854569 0.0135032 1 0
0.770585 0.2 0.102881 0 0.455498 0.0638087 0.00854569 0.0135032 1 0
0.769881 0 0.0903643 0 0.455498 0.0638087 0.00854569 0.0135032 1 0
0.917157 0 -0.158185 0 0.455498 0.0638087 0.00854569 0.0135032 1 0
0.840235 0 -0.23275 0 0.455498 0.0638087 0.00854569 0.0135032 1 0
0.803313 0 -0.255119 0 0.455498 0.0638087 0.00854569 0.0135032 1 0
0.78559 0 -0.0403288 0 0.455498 0.0638087 0.00854569 0.0135032 1 0
0.777083 0 0.0180738 0 0.455498 0.0638087 0.00854569 0.0135032 1 0
0.777083 0 0.0355945 0 0.455498 0.0638087 0.00854569 0.0135032 1 0
0.91975 0.1 0.0408508 0 0.455498 0.0638087 0.00854569 0.0135032 1 0
0.91975 0.2 0.0424276 0 0.455498 0.0638087 0.00854569 0.0135032 1 0
0.91975 0.1 0.0429007 0 0.455498 0.0638087 0.00854569 0.0135032 1 0
0.91975 0.1 0.0430426 0 0.455498 0.0638087 0.00854569 0.0135032 1 1
0.91975 0.1 0.0430852 0 0.455498 0.0638087 0.00854569 0.0135032 1 1
0.91975 0.1 0.043098 0 0.455498 0.0638087 0.00854569 0.0135032 1 1
0.91975 0.1 0.0431018 0 0.455498 0.0638087 0.00854569 0.0135032 1 1
0.91975 0.2 0.043103 0 0.455498 0.0638087 0.00854569 0.0135032 1 1
0.91975 0.3 0.0431033 0 0.455498 0.0638087 0.00854569 0.0135032 1 1
0.91975 0.1 0.0431034 0 0.455498 0.0638087 0.00854569 0.0135032 1 1
0.91975 0.1 0.0431034 0 0.455498 0.0638087 0.00854569 0.0135032 1 1
0.91975 0.2 0.0431034 0 0.455498 0.0638087 0.00854569 0.0135032 1 1
0.91975 0 0.0431034 0 0.455498 0.0638087 0.00854569 0.0135032 1 1
0.97111 0 0.0431034 0 0.455498 0.0638087 0.00854569 0.0135032 1 1
0.97111 0 0.0431034 0 0.455498 0.0638087 0.00854569 0.0135032 1 1
0.97111 0 0.0431034 0 0.455498 0.0638087 0.00854569 0.0135032 1 1
0.866133 0.1 0.0431034 0 0.446938 0.0638087 0.00854569 0.0135032 1 1
0.866133 0.2 0.0431034 0 0.446938 0.0638087 0.00854569 0.0135032 1 1
0.91968 0.3 0.0215421 0 0.433061 0.0638087 0.00854569 0.0135032 1 1
0.841446 0.4 -0.0390374 0 0.433061 0.0638087 0.00854569 0.0135032 1 1
0.538526 0.5 -0.0501546 0 0.371845 0.0638087 0.00854569 0.0135032 1 1
0.344656 0.6 -0.086475 0 0.320634 0.0638087 0.00854569 0.0135032 1 1
0.532348 0.7 -0.0973711 0 0.320634 0.0638087 0.00854569 0.0135032 1 1
0.719409 0.8 0.0787674 0 0.282176 0.0638087 0.00854569 0.0135032 1 1
0.460422 0.7 0.0999939 0 0.256852 0.061047 0.00683655 0.0188026 1 1
0.576802 0.7 0.106362 0 0.348498 0.0955043 0.0221359 0.0877087 1 1
0.746081 0.4 -0.0264248 0 0.449585 0.0764034 0.0177087 0.014167 1 1
0.686495 0.4 -0.0662608 0 0.418759 0.0611227 0.0108336 0.00866692 1 1
0.887138 0.2 -0.0782116 0 0.526405 0.0955648 0.0320003 0.112267 1 1
0.709711 0.2 -0.0609635 0 0.643346 0.0764519 0.0256002 0.0204802 1 1
0.740661 0 -0.159635 0 0.65738 0.0744948 0.0238135 0.0457175 0 0
0.755517 0 -0.140976 0 0.64266 0.0595959 0.0157175 0.012574 0 0
0.483531 0 -0.218481 0 0.528001 0.0476767 0.012574 0.0100592 0 0
0.30946 0.1 -0.204216 0 0.515219 0.084808 0.0300592 0.090714 0 0
0.518833 0.2 -0.199937 0 0.422431 0.0778464 0.0240473 0.0325712 0 0
0.415066 0.1 0.00651894 0 0.560167 0.0622771 0.0192379 0.0153903 0 0
0.265642 0.1 0.0420598 0 0.459307 0.0498217 0.0153903 0.0123122 0 0
0.716505 0.1 0.0527221 0 0.481107 0.086524 0.0356456 0.118516 0 0
0.743922 0.2 0.0559208 0 0.411969 0.112553 0.0451831 0.106146 0 0
0.757083 0.3 0.0568804 0 0.529575 0.090042 0.0361465 0.0289172 0 0
0.85425 0.4 -0.0850192 0 0.525247 0.1187 0.0555839 0.134467 0 0
0.81004 0.3 0.0664126 0 0.426684 0.108294 0.0478004 0.0615737 0 0
0.788819 0.3 0.0941719 0 0.562342 0.103302 0.034907 0.0645923 0 0
0.702906 0.3 0.1025 0 0.461434 0.0826412 0.0245923 0.0196738 0 0
0.893046 0.4 0.104998 0 0.461434 0.0826412 0.0245923 0.0196738 0 0
0.961497 0.5 0.105748 0 0.584201 0.066113 0.0196738 0.0157391 0 0
0.976898 0.6 0.00193703 0 0.69335 0.0662237 0.0157391 0.0292579 0 0
0.868911 0.7 -0.0431689 0 0.561576 0.0563123 0.0125912 0.0134063 0 0
0.817077 0.6 -0.0650783 0 0.606975 0.0517165 0.0134063 0.0173917 0 0
0.875318 0.7 -0.0613713 0 0.606975 0.0517165 0.0134063 0.0173917 0 0
0.875318 0.8 -0.0602592 0 0.606975 0.0517165 0.0134063 0.0173917 0 0
0.955115 0.9 -0.0764111 0 0.606975 0.0517165 0.0134063 0.0173917 0 0
0.955115 1 -0.0812567 0 0.606975 0.0517165 0.0134063 0.0173917 0 0
0.955115 1 -0.0827103 0 0.606975 0.0517165 0.0134063 0.0173917 0 0
0.955115 1 -0.0831464 0 0.606975 0.0517165 0.0134063 0.0173917 0 0
0.955115 1 -0.0832773 0 0.606975 0.0517165 0.0134063 0.0173917 0 0
0.955115 0.8 -0.0833165 0 0.606975 0.0517165 0.0134063 0.0173917 0 0
0.955115 0.7 -0.0833283 0 0.606975 0.0517165 0.0134063 0.0173917 0 0
0.955115 0.6 -0.0833318 0 0.606975 0.0517165 0.0134063 0.0173917 0 0
0.955115 0.5 -0.0833329 0 0.606975 0.0517165 0.0134063 0.0173917 0 0
0.983841 0.5 -0.0833332 0 0.606975 0.0517165 0.0134063 0.0173917 0 0
0.983841 0.4 -0.0833333 0 0.606975 0.0517165 0.0134063 0.0173917 0 0
0.983841 0.1 -0.0833333 0 0.606975 0.0517165 0.0134063 0.0173917 0 0
0.983841 0.1 -0.0833333 0 0.606975 0.0517165 0.0134063 0.0173917 0 0
0.983841 0.1 -0.0833333 0 0.606975 0.0517165 0.0134063 0.0173917 0 0
0.983841 0.1 -0.0833333 0 0.606975 0.0517165 0.0134063 0.0173917 0 0
0.983841 0.2 -0.0833333 0 0.606975 0.0517165 0.0134063 0.0173917 0 0
0.983841 0.3 -0.0833333 0 0.606975 0.0517165 0.0134063 0.0173917 0 0
0.983841 0.4 -0.0833333 0 0.606975 0.0517165 0.0134063 0.0173917 1 0
0.983841 0.3 -0.0833333 0 0.606975 0.0517165 0.0134063 0.0173917 1 0
0.994183 0.3 0.0130435 0 0.606975 0.0517165 0.0134063 0.0173917 1 0
0.997906 0.4 0.047663 0 0.606975 0.0517165 0.0134063 0.0173917 1 0
0.999246 0.5 -0.0117649 0 0.606975 0.0517165 0.0134063 0.0173917 1 0
0.999548 0.6 -0.0453773 0 0.672562 0.0880399 0.0340584 0.117247 1 0
0.92787 0.7 -0.055461 0 0.641498 0.133765 0.0372467 0.119797 1 0
0.974033 0.6 -0.0584861 0 0.641498 0.133765 0.0372467 0.119797 1 0
0.990652 0.7 -0.0692504 0 0.641498 0.133765 0.0372467 0.119797 1 0
0.875513 0.8 -0.0907751 0 0.641498 0.133765 0.0372467 0.119797 1 0
0.955185 0.7 -0.0855659 0 0.641498 0.133765 0.0372467 0.119797 1 0
0.858489 0.7 -0.074074 0 0.641498 0.133765 0.0372467 0.119797 1 0
0.812075 0.6 -0.0611111 0 0.641498 0.133765 0.0372467 0.119797 1 0
0.64966 0.6 -0.0533333 0 0.629865 0.113679 0.0297974 0.0338379 1 0
0.649469 0.6 -0.051 0 0.629865 0.113679 0.0297974 0.0338379 1 0
0.873809 0.6 -0.0853 0 0.629865 0.113679 0.0297974 0.0338379 1 0
0.819428 0.2 -0.0750465 0 0.629865 0.113679 0.0297974 0.0338379 1 0
0.793326 0.2 -0.0719705 0 0.629865 0.113679 0.0297974 0.0338379 1 0
0.925597 0.2 -0.0672433 0 0.629865 0.113679 0.0297974 0.0338379 1 0
0.844287 0.2 -0.0658252 0 0.629865 0.113679 0.0297974 0.0338379 1 0
0.943943 0.2 -0.0653997 0 0.629865 0.113679 0.0297974 0.0338379 1 0
0.97982 0.2 -0.0673472 0 0.629865 0.113679 0.0297974 0.0338379 1 0
0.992735 0.2 -0.0785375 0 0.629865 0.113679 0.0297974 0.0338379 1 0
0.997385 0 -0.0768221 0 0.629865 0.113679 0.0297974 0.0338379 1 0
0.878745 0.1 -0.102938 0 0.629865 0.113679 0.0297974 0.0338379 1 0
0.956348 0.2 -0.0689249 0 0.629865 0.113679 0.0297974 0.0338379 1 0
0.984285 0.3 -0.0587209 0 0.629865 0.113679 0.0297974 0.0338379 1 0
