1413 8 2
0.869501 0.8 -0.128163 0 0.634719 0.0400888 0.00858468 0.00686774 0 0
0.95302 0.8 -0.128192 0 0.634719 0.0400888 0.00858468 0.00686774 0 0
0.971812 0.7 -0.16355 0 0.634719 0.0400888 0.00858468 0.00686774 0 0
0.919882 0.8 -0.174158 0 0.634719 0.0400888 0.00858468 0.00686774 0 0
0.971157 0.8 -0.17734 0 0.634719 0.0400888 0.00858468 0.00686774 0 0
0.971157 0.7 -0.178295 0 0.634719 0.0400888 0.00858468 0.00686774 0 0
0.989617 0.6 -0.178581 0 0.634719 0.0400888 0.00858468 0.00686774 0 0
0.996262 0.7 -0.178667 0 0.634719 0.0400888 0.00858468 0.00686774 0 0
0.998654 0.5 -0.178693 0 0.634719 0.0400888 0.00858468 0.00686774 0 0
0.879354 0.5 -0.1787 0 0.634719 0.0400888 0.00858468 0.00686774 0 0
0.879354 0.5 -0.178703 0 0.634719 0.0400888 0.00858468 0.00686774 0 0
0.956567 0.3 -0.178703 0 0.634719 0.0400888 0.00858468 0.00686774 0 0
0.984364 0.4 -0.178704 0 0.634719 0.0400888 0.00858468 0.00686774 0 0
0.994371 0.5 -0.178704 0 0.634719 0.0400888 0.00858468 0.00686774 0 0
0.877298 0.6 -0.178704 0 0.634719 0.0400888 0.00858468 0.00686774 0 0
0.877298 0.7 -0.178704 0 0.634719 0.0400888 0.00858468 0.00686774 0 0
0.955827 0.8 -0.178704 0 0.634719 0.0400888 0.00858468 0.00686774 0 0
0.984098 0.9 -0.178704 0 0.634719 0.0400888 0.00858468 0.00686774 0 0
0.994275 1 -0.178704 0 0.634719 0.0400888 0.00858468 0.00686774 0 0
0.877252 1 -0.178704 0 0.596866 0.032071 0.00686774 0.0054942 0 0
0.955811 0.8 -0.178704 0 0.596866 0.032071 0.00686774 0.0054942 0 0
0.984092 0.9 -0.178704 0 0.596866 0.032071 0.00686774 0.0054942 0 0
0.994273 0.8 -0.178704 0 0.596866 0.032071 0.00686774 0.0054942 0 0
0.997938 0.7 -0.178704 0 0.596866 0.032071 0.00686774 0.0054942 0 0
0.999258 0.6 -0.178704 0 0.584405 0.0256568 0.0054942 0.00439536 0 0
0.999555 0.7 0.187054 0 0.584405 0.0256568 0.0054942 0.00439536 0 0
0.927872 0.7 0.296781 0 0.584405 0.0256568 0.0054942 0.00439536 0 0
0.974034 0.7 0.329699 0 0.584405 0.0256568 0.0054942 0.00439536 0 0
0.98442 0.5 0.251873 0 0.483814 0.0238588 0.00772869 0.00951628 0 0
0.923513 0.6 0.228525 0 0.483814 0.0238588 0.00772869 0.00951628 0 0
0.972465 0.7 0.22152 0 0.483814 0.0238588 0.00772869 0.00951628 0 0
0.990087 0.8 0.219419 0 0.483814 0.0238588 0.00772869 0.00951628 0 0
0.994052 0.9 -0.112586 0 0.483814 0.0238588 0.00772869 0.00951628 0 0
0.926287 1 -0.212188 0 0.483814 0.0238588 0.00772869 0.00951628 0 0
0.973463 1 -0.242068 0 0.483814 0.0238588 0.00772869 0.00951628 0 0
0.990447 1 -0.251032 0 0.483814 0.0238588 0.00772869 0.00951628 0 0
0.996561 0.8 -0.253722 0 0.483814 0.0238588 0.00772869 0.00951628 0 0
0.996561 0.7 -0.254528 0 0.483814 0.0238588 0.00772869 0.00951628 0 0
0.878349 0.6 -0.25477 0 0.483814 0.0238588 0.00772869 0.00951628 0 0
0.956206 0.6 -0.254843 0 0.483814 0.0238588 0.00772869 0.00951628 0 0
0.956206 0.6 -0.254865 0 0.483814 0.0238588 0.00772869 0.00951628 0 0
0.984234 0.6 -0.254871 0 0.483814 0.0238588 0.00772869 0.00951628 0 0
0.99054 0.6 0.0406986 0 0.483814 0.0238588 0.00772869 0.00951628 0 0
0.925276 0.6 0.12937 0 0.483814 0.0238588 0.00772869 0.00951628 0 0
0.973099 0.6 0.155971 0 0.483814 0.0238588 0.00772869 0.00951628 0 0
0.990316 0.7 0.163951 0 0.483814 0.0238588 0.00772869 0.00951628 0 0
0.996514 0.8 0.166345 0 0.483814 0.0238588 0.00772869 0.00951628 0 0
0.998745 0.9 0.167064 0 0.483814 0.0238588 0.00772869 0.00951628 0 0
0.999247 1 0.229387 0 0.483814 0.0238588 0.00772869 0.00951628 0 0
0.927783 0.9 0.248085 0 0.483814 0.0238588 0.00772869 0.00951628 0 0
0.95667 1 0.253694 0 0.483814 0.0238588 0.00772869 0.00951628 0 0
0.859202 1 0.255376 0 0.415051 0.0257537 0.0128496 0.0169464 0 0
0.88745 1 0.255881 0 0.415051 0.0257537 0.0128496 0.0169464 0 0
0.88745 0.8 0.256033 0 0.415051 0.0257537 0.0128496 0.0169464 0 0
0.959482 0.7 0.256078 0 0.415051 0.0257537 0.0128496 0.0169464 0 0
0.860551 0.8 0.256092 0 0.415051 0.0257537 0.0128496 0.0169464 0 0
0.813065 0.8 0.256096 0 0.415051 0.0257537 0.0128496 0.0169464 0 0
0.813065 0.8 0.256097 0 0.415051 0.0257537 0.0128496 0.0169464 0 0
0.932703 0.8 0.256097 0 0.415051 0.0257537 0.0128496 0.0169464 0 0
0.746163 0.8 0.220718 0 0.3998 0.0239363 0.013613 0.0142238 0 0
0.854895 0.8 0.210104 0 0.3998 0.0239363 0.013613 0.0142238 0 0
0.947762 0.8 0.20692 0 0.3998 0.0239363 0.013613 0.0142238 0 0
0.981194 0.9 0.205965 0 0.3998 0.0239363 0.013613 0.0142238 0 0
0.981194 1 0.205678 0 0.3998 0.0239363 0.013613 0.0142238 0 0
0.784956 1 0.0248614 0 0.3998 0.0239363 0.013613 0.0142238 0 0
0.502371 0.9 0.0169179 0 0.3998 0.0239363 0.013613 0.0142238 0 0
0.641138 1 0.09967 0 0.3998 0.0239363 0.013613 0.0142238 0 0
0.646197 1 0.113755 0 0.3998 0.0239363 0.013613 0.0142238 0 0
0.710175 1 0.146904 0 0.3998 0.0239363 0.013613 0.0142238 0 0
0.56814 1 0.0230713 0 0.3998 0.0239363 0.013613 0.0142238 0 0
0.618166 1 -0.0140786 0 0.3998 0.0239363 0.013613 0.0142238 0 0
0.770899 1 -0.0392236 0 0.359249 0.0239363 0.013613 0.0142238 0 0
0.862019 1 -0.0467671 0 0.359249 0.0239363 0.013613 0.0142238 0 0
0.862019 0.8 -0.0490301 0 0.359249 0.0239363 0.013613 0.0142238 0 0
0.862019 0.9 -0.049709 0 0.359249 0.0239363 0.013613 0.0142238 0 1
0.862019 0.8 -0.0499127 0 0.359249 0.0239363 0.013613 0.0142238 0 1
0.813769 0.8 -0.0499738 0 0.359249 0.0524824 0.0275571 0.0687123 0 1
0.932957 0.8 -0.0499921 0 0.40057 0.0486526 0.035379 0.0349699 0 1
0.975864 0.8 -0.0499976 0 0.40057 0.0486526 0.035379 0.0349699 0 1
0.991311 0.8 -0.0499993 0 0.40057 0.0486526 0.035379 0.0349699 0 1
0.875829 0.8 -0.0499998 0 0.344869 0.0422554 0.0316365 0.0286426 0 1
0.925498 0.8 0.132159 0 0.358087 0.0422554 0.0316365 0.0286426 0 1
0.925498 0.7 0.186807 0 0.358087 0.0422554 0.0316365 0.0286426 0 1
0.906543 0.8 0.203201 0 0.358087 0.0422554 0.0316365 0.0286426 0 0
0.966356 0.9 0.208119 0 0.358087 0.0422554 0.0316365 0.0286426 0 0
0.987888 0.8 0.209595 0 0.358087 0.0422554 0.0316365 0.0286426 0 0
0.874186 0.9 0.210038 0 0.346171 0.0371376 0.0286426 0.0262474 0 0
0.954707 1 0.21017 0 0.346171 0.0371376 0.0286426 0.0262474 0 0
0.983695 1 0.21021 0 0.346171 0.0371376 0.0286426 0.0262474 0 0
0.99413 1 0.210222 0 0.285059 0.0297101 0.0229141 0.0183312 0 0
0.997887 0.9 0.210226 0 0.285059 0.0297101 0.0229141 0.0183312 0 0
0.999239 1 0.210227 0 0.285059 0.0297101 0.0229141 0.0183312 0 0
0.999726 1 0.210227 0 0.285059 0.0297101 0.0229141 0.0183312 0 0
0.999901 1 0.210227 0 0.285059 0.0297101 0.0229141 0.0183312 0 0
0.999965 1 0.210227 0 0.285059 0.0297101 0.0229141 0.0183312 0 0
0.999987 1 0.210227 0 0.285059 0.0297101 0.0229141 0.0183312 0 0
0.999995 0.8 0.210227 0 0.285059 0.0297101 0.0229141 0.0183312 0 0
0.799996 0.8 0.0741441 0 0.270765 0.0304348 0.0349979 0.034665 0 0
0.870399 0.8 0.0333192 0 0.270765 0.0304348 0.0349979 0.034665 0 0
0.953344 0.8 0.0210717 0 0.270765 0.0304348 0.0349979 0.034665 0 0
0.972006 0.8 0.0183905 0 0.270765 0.0304348 0.0349979 0.034665 0 0
0.77325 0.8 0.0175861 0 0.26708 0.0310145 0.0413317 0.039732 0 0
0.6186 0.8 0.00596473 0 0.25484 0.0348116 0.0530653 0.0491189 0 0
0.818157 0.7 0.00247832 0 0.25484 0.0348116 0.0530653 0.0491189 0 0
0.654526 0.8 -0.0593055 0 0.25484 0.0348116 0.0530653 0.0491189 0 0
0.654526 0.9 -0.0778407 0 0.25484 0.0348116 0.0530653 0.0491189 0 0
0.651338 1 -0.0834012 0 0.266057 0.0645159 0.0591189 0.0939618 0 0
0.874482 0.8 -0.0850694 0 0.241298 0.0882794 0.0639618 0.0978361 0 0
0.819751 0.9 -0.0855698 0 0.220568 0.10729 0.0678361 0.100936 0 0
0.93511 1 -0.08572 0 0.236455 0.122499 0.0709356 0.103415 0 0
0.748088 1 0.0548396 0 0.24818 0.134666 0.0734151 0.105399 0 0
0.687266 1 0.0970074 0 0.270042 0.114399 0.0753988 0.0669857 0 0
0.729888 1 0.109658 0 0.282053 0.0981861 0.0769857 0.0682552 0 0
0.58391 0.8 0.044242 0 0.28941 0.0852155 0.0782552 0.0692708 0 0
0.624222 0.9 0.0246173 0 0.287939 0.104839 0.0792708 0.110083 0 0
0.499377 1 0.0114911 0 0.298643 0.0905379 0.0800833 0.0707333 0 0
0.591761 1 0.00755323 0 0.300453 0.079097 0.0774 0.0685867 0 0
0.473409 1 0.00212643 0 0.31363 0.0699443 0.0785867 0.069536 0 0
0.581789 1 0.000498385 0 0.282571 0.0926221 0.079536 0.110295 0 0
0.679259 1 9.97285e-006 0 0.290404 0.110764 0.0802955 0.110903 0 0
0.543407 1 0.0565415 0 0.300285 0.128611 0.0842364 0.114056 0 0
0.34778 0.9 0.00365598 0 0.300314 0.139556 0.0840558 0.113911 0 0
0.22258 1 0.0131338 0 0.306289 0.118311 0.0839113 0.0737957 0 0
0.142451 1 0.00751157 0 0.310703 0.101316 0.0837957 0.0737032 0 0
0.0911686 1 -0.00505422 0 0.307386 0.0877193 0.0837032 0.0736292 0 0
0.443761 1 -0.0035324 0 0.302812 0.106842 0.0836292 0.11357 0 0
0.284007 1 0.0904787 0 0.307634 0.125474 0.0902367 0.118856 0 0
0.509059 1 0.118682 0 0.279008 0.107046 0.0855227 0.0750848 0 0
0.407247 1 0.0658891 0 0.285592 0.122303 0.0884182 0.117401 0 0
0.260638 1 0.0117994 0 0.296815 0.104509 0.0874012 0.0765876 0 0
0.166808 1 0.00104757 0 0.309094 0.090274 0.0865876 0.0759368 0 0
0.106757 0.8 0.0323565 0 0.320002 0.112219 0.0926034 0.120749 0 0
0.0683247 0.7 0.0811858 0 0.325905 0.096442 0.0907494 0.0792662 0 0
0.0437278 0.6 0.0378546 0 0.329351 0.0838203 0.0892662 0.0780796 0 0
0.0279858 0.5 0.0303323 0 0.273237 0.0737229 0.0880796 0.0771304 0 0
0.64806 0.5 0.0280756 0 0.228794 0.0623117 0.073797 0.062371 0 0
0.873302 0.5 0.0273986 0 0.20765 0.056516 0.0657043 0.0592301 0 0
0.954389 0.5 0.0271955 0 0.20765 0.056516 0.0657043 0.0592301 0 0
0.972633 0.5 0.154743 0 0.189865 0.0485461 0.0558968 0.0480508 0 0
0.622485 0.5 0.0145622 0 0.219218 0.0455036 0.0613841 0.0557739 0 0
0.398391 0.6 0.0472932 0 0.24237 0.0430695 0.0657739 0.0592858 0 0
0.25497 0.7 -0.011738 0 0.260563 0.0411223 0.0692858 0.0620953 0 0
0.163181 0.6 -0.0544708 0 0.27756 0.0395645 0.0720953 0.0643429 0 0
0.104436 0.7 0.0278126 0 0.282762 0.0383183 0.0743429 0.066141 0 0
0.440103 0.8 0.0524976 0 0.293178 0.0373213 0.076141 0.0675795 0 0
0.664062 0.8 0.0559345 0 0.263692 0.0665237 0.0775795 0.10873 0 0
0.71875 0.8 0.042384 0 0.279791 0.0598856 0.0753969 0.0669842 0 0
0.46 0.8 0.0774122 0 0.258378 0.0545752 0.0769842 0.068254 0 0
0.6208 0.6 0.0671083 0 0.238703 0.0803268 0.078254 0.10927 0 0
0.397312 0.7 -0.00938306 0 0.223303 0.100928 0.0792699 0.110083 0 0
0.59071 0.6 0.0639038 0 0.237606 0.117409 0.0800826 0.110733 0 0
0.810124 0.7 0.0858899 0 0.257358 0.100594 0.0807327 0.0712529 0 0
0.931645 0.8 0.0924857 0 0.257358 0.100594 0.0807327 0.0712529 0 0
0.958987 0.8 -0.145048 0 0.257358 0.100594 0.0807327 0.0712529 0 0
0.958987 0.8 -0.216309 0 0.257358 0.100594 0.0807327 0.0712529 0 0
0.916188 0.8 -0.237687 0 0.257358 0.100594 0.0807327 0.0712529 0 0
0.949713 0.8 -0.027556 0 0.2421 0.0871419 0.0812529 0.0716689 0 0
0.913517 0.7 0.0354832 0 0.2421 0.0871419 0.0812529 0.0716689 0 0
0.968866 0.8 0.054395 0 0.2421 0.0871419 0.0812529 0.0716689 0 0
0.98132 0.9 0.0524296 0 0.259718 0.0763801 0.081669 0.0720018 0 0
0.92262 1 0.05184 0 0.259718 0.0763801 0.081669 0.0720018 0 0
0.972143 1 0.0516631 0 0.259718 0.0763801 0.081669 0.0720018 0 0
0.972143 1 0.05161 0 0.259718 0.0763801 0.081669 0.0720018 0 0
0.989972 0.9 0.0515941 0 0.259718 0.0763801 0.081669 0.0720018 0 0
0.791977 1 -0.00546915 0 0.276116 0.0677708 0.0820018 0.0722681 0 0
0.868089 1 -0.0225881 0 0.276116 0.0677708 0.0820018 0.0722681 0 0
0.920854 0.8 0.133224 0 0.276116 0.0677708 0.0820018 0.0722681 0 0
0.905206 0.9 0.179967 0 0.276116 0.0677708 0.0820018 0.0722681 0 0
0.965874 1 0.19399 0 0.276116 0.0677708 0.0820018 0.0722681 0 0
0.979524 1 -0.122434 0 0.276116 0.0677708 0.0820018 0.0722681 0 0
0.922103 1 -0.217361 0 0.276116 0.0677708 0.0820018 0.0722681 0 0
0.971957 0.9 -0.24584 0 0.276116 0.0677708 0.0820018 0.0722681 0 0
0.989905 1 -0.254383 0 0.276116 0.0677708 0.0820018 0.0722681 0 0
0.993943 1 -0.0261019 0 0.276116 0.0677708 0.0820018 0.0722681 0 0
0.993943 1 0.0423825 0 0.276116 0.0677708 0.0820018 0.0722681 0 0
0.926256 1 0.0629278 0 0.276116 0.0677708 0.0820018 0.0722681 0 0
0.955753 1 0.0690914 0 0.290052 0.05755 0.0689348 0.0584812 0 0
0.915257 1 0.0709405 0 0.290052 0.05755 0.0689348 0.0584812 0 0
0.969492 1 0.0714952 0 0.290052 0.05755 0.0689348 0.0584812 0 0
0.865356 1 0.0716616 0 0.305309 0.0493733 0.0584812 0.0501183 0 0
0.951528 0.8 0.0717115 0 0.305309 0.0493733 0.0584812 0.0501183 0 0
0.98255 0.9 0.0717265 0 0.35569 0.0461653 0.0601183 0.0547613 1 0
0.993718 1 0.071731 0 0.35569 0.0461653 0.0601183 0.0547613 1 0
0.876985 1 0.0717324 0 0.309673 0.0369322 0.0480946 0.0384757 1 0
0.955714 1 0.0717328 0 0.25759 0.0362125 0.0451424 0.0427806 1 0
0.858743 1 0.0717329 0 0.281544 0.0623033 0.0527806 0.0888911 1 0
0.949147 0.8 0.0717329 0 0.3295 0.053176 0.0455578 0.0397796 1 0
0.981693 0.9 0.0717329 0 0.3295 0.053176 0.0455578 0.0397796 1 0
0.99341 1 0.0717329 0 0.3295 0.053176 0.0455578 0.0397796 1 0
0.997627 0.8 0.0717329 0 0.3295 0.053176 0.0455578 0.0397796 1 0
0.998576 0.8 0.0717329 0 0.3295 0.053176 0.0455578 0.0397796 1 0
0.783453 0.8 0.0717329 0 0.357478 0.0458741 0.0397796 0.035157 1 0
0.922043 0.8 0.0717329 0 0.29423 0.0400326 0.035157 0.0314589 1 0
0.971936 0.8 0.0717329 0 0.247819 0.0353594 0.0314589 0.0285005 1 0
0.983161 0.3 0.0717329 0 0.210196 0.0316209 0.0285005 0.0261337 1 0
0.871917 0.4 0.0717329 0 0.196297 0.0319634 0.029467 0.0302403 1 0
0.891112 0.5 0.0717329 0 0.163255 0.028904 0.026907 0.0248589 1 0
0.934667 0.6 0.0717329 0 0.136822 0.0264566 0.0248589 0.0232205 1 0
0.84864 0.7 0.0717329 0 0.115458 0.0278319 0.0265538 0.0279097 1 0
0.807347 0.8 0.0717329 0 0.156284 0.0289322 0.0379097 0.0369944 1 0
0.787527 0.8 0.0717329 0 0.156284 0.0289322 0.0379097 0.0369944 1 0
0.866808 0.8 0.0717329 0 0.134977 0.0264791 0.0336611 0.0302622 1 0
0.952051 0.8 0.0717329 0 0.134977 0.0264791 0.0336611 0.0302622 1 0
0.982738 0.9 0.0717329 0 0.114073 0.0245166 0.0302622 0.0275431 1 0
0.993786 1 0.0717329 0 0.114073 0.0245166 0.0302622 0.0275431 1 0
0.997763 1 0.0717329 0 0.114073 0.0245166 0.0302622 0.0275431 1 0
0.878926 0.8 0.0717329 0 0.118053 0.0196133 0.0242098 0.0193678 1 0
0.956413 0.9 0.0717329 0 0.118053 0.0196133 0.0242098 0.0193678 1 0
0.984309 1 0.0717329 0 0.118053 0.0196133 0.0242098 0.0193678 1 0
0.990585 1 0.204736 0 0.118053 0.0196133 0.0242098 0.0193678 1 0
0.925289 1 0.244637 0 0.118053 0.0196133 0.0242098 0.0193678 1 0
0.973104 1 0.256608 0 0.118053 0.0196133 0.0242098 0.0193678 1 0
0.990317 1 0.260199 0 0.118053 0.0196133 0.0242098 0.0193678 1 0
0.996514 0.8 0.261276 0 0.118053 0.0196133 0.0242098 0.0193678 1 0
0.997909 0.9 0.21186 0 0.118053 0.0196133 0.0242098 0.0193678 1 0
0.927398 1 0.197035 0 0.118053 0.0196133 0.0242098 0.0193678 1 0
0.973863 0.8 0.192588 0 0.118053 0.0196133 0.0242098 0.0193678 1 0
0.990591 0.7 0.191253 0 0.118053 0.0196133 0.0242098 0.0193678 1 0
0.996613 0.8 0.190853 0 0.118053 0.0196133 0.0242098 0.0193678 1 0
0.998781 0.8 0.190733 0 0.118053 0.0196133 0.0242098 0.0193678 1 0
0.999561 0.5 0.190697 0 0.118053 0.0196133 0.0242098 0.0193678 1 0
0.999842 0.4 0.190686 0 0.118053 0.0196133 0.0242098 0.0193678 1 0
0.999943 0.4 0.190683 0 0.118053 0.0196133 0.0242098 0.0193678 1 0
0.999979 0.4 0.190682 0 0.196353 0.019024 0.0227011 0.0214942 1 0
0.999988 0.3 0.186283 0 0.246606 0.0218858 0.0314942 0.0318621 1 0
0.927996 0.4 0.184963 0 0.246606 0.0218858 0.0314942 0.0318621 1 0
0.974079 0.5 0.184567 0 0.246606 0.0218858 0.0314942 0.0318621 1 0
0.974079 0.4 0.184448 0 0.246606 0.0218858 0.0314942 0.0318621 1 0
0.990668 0.5 0.184412 0 0.246606 0.0218858 0.0314942 0.0318621 1 0
0.996641 0.6 0.184402 0 0.246606 0.0218858 0.0314942 0.0318621 1 0
0.998791 0.7 0.184399 0 0.246606 0.0218858 0.0314942 0.0318621 1 0
0.999565 0.8 0.184398 0 0.246606 0.0218858 0.0314942 0.0318621 1 0
0.999843 0.8 0.184397 0 0.246606 0.0218858 0.0314942 0.0318621 1 0
0.999944 0.6 0.184397 0 0.246606 0.0218858 0.0314942 0.0318621 1 0
0.99998 0.7 0.184397 0 0.246606 0.0218858 0.0314942 0.0318621 1 0
0.99998 0.6 0.184397 0 0.246606 0.0218858 0.0314942 0.0318621 1 0
0.999993 0.7 0.184397 0 0.246606 0.0218858 0.0314942 0.0318621 1 0
0.999997 0.8 0.184397 0 0.246606 0.0218858 0.0314942 0.0318621 1 0
0.999999 0.8 0.184397 0 0.246606 0.0218858 0.0314942 0.0318621 1 0
1 0.6 0.184397 0 0.246606 0.0218858 0.0314942 0.0318621 1 0
1 0.7 0.184397 0 0.246606 0.0218858 0.0314942 0.0318621 1 0
0.88 0.6 0.184397 0 0.246606 0.0218858 0.0314942 0.0318621 1 0
0.88 0.7 0.184397 0 0.246606 0.0218858 0.0314942 0.0318621 0 0
0.928 0.8 0.184397 0 0.228054 0.0641753 0.0451954 0.102823 0 0
0.907264 0.9 0.184397 0 0.291722 0.0580069 0.0494897 0.0462584 0 0
0.966615 1 0.184397 0 0.291722 0.0580069 0.0494897 0.0462584 0 0
0.987981 1 0.184397 0 0.291722 0.0580069 0.0494897 0.0462584 0 0
0.995673 0.8 0.184397 0 0.291722 0.0580069 0.0494897 0.0462584 0 0
0.997404 0.9 0.350632 0 0.291722 0.0580069 0.0494897 0.0462584 0 0
0.997404 1 0.400502 0 0.291722 0.0580069 0.0494897 0.0462584 0 0
0.927252 1 0.415463 0 0.291722 0.0580069 0.0494897 0.0462584 0 0
0.973811 0.9 0.419951 0 0.291722 0.0580069 0.0494897 0.0462584 0 0
0.990572 0.8 0.421298 0 0.291722 0.0580069 0.0494897 0.0462584 0 0
0.875475 0.8 0.421702 0 0.291722 0.0580069 0.0494897 0.0462584 0 0
0.875475 0.6 0.421823 0 0.291722 0.0580069 0.0494897 0.0462584 0 0
0.875475 0.7 0.421859 0 0.291722 0.0580069 0.0494897 0.0462584 0 0
0.955171 0.8 0.42187 0 0.291722 0.0580069 0.0494897 0.0462584 0 0
0.955171 0.8 0.421874 0 0.291722 0.0580069 0.0494897 0.0462584 0 0
0.983862 0.6 0.421875 0 0.291722 0.0580069 0.0494897 0.0462584 0 0
0.99419 0.7 0.421875 0 0.291722 0.0580069 0.0494897 0.0462584 0 0
0.997908 0.8 0.421875 0 0.291722 0.0580069 0.0494897 0.0462584 0 0
0.999247 0.9 0.421875 0 0.291722 0.0580069 0.0494897 0.0462584 0 0
0.879639 1 0.421875 0 0.291722 0.0580069 0.0494897 0.0462584 0 0
0.822227 0.8 0.421875 0 0.291722 0.0580069 0.0494897 0.0462584 0 0
0.822227 0.9 0.421875 0 0.291722 0.0580069 0.0494897 0.0462584 0 0
0.936002 1 0.421875 0 0.291722 0.0580069 0.0494897 0.0462584 0 0
0.849281 0.9 0.421875 0 0.291722 0.0580069 0.0494897 0.0462584 0 0
0.945741 0.8 0.421875 0 0.291722 0.0580069 0.0494897 0.0462584 0 0
0.945741 0.9 0.421875 0 0.291722 0.0580069 0.0494897 0.0462584 0 0
0.980467 1 0.421875 0 0.291722 0.0580069 0.0494897 0.0462584 0 0
0.992968 1 0.421875 0 0.291722 0.0580069 0.0494897 0.0462584 0 0
0.997468 0.8 0.421875 0 0.291722 0.0580069 0.0494897 0.0462584 0 0
0.997468 0.5 0.421875 0 0.291722 0.0580069 0.0494897 0.0462584 0 0
0.999089 0.5 0.421875 0 0.291722 0.0580069 0.0494897 0.0462584 0 0
0.879563 0.6 0.421875 0 0.291722 0.0580069 0.0494897 0.0462584 0 0
0.879563 0.6 0.421875 0 0.291722 0.0580069 0.0494897 0.0462584 0 0
0.956643 0.6 0.421875 0 0.291722 0.0580069 0.0494897 0.0462584 0 0
0.984391 0.4 0.421875 0 0.291722 0.0580069 0.0494897 0.0462584 0 0
0.994381 0.5 0.421875 0 0.291722 0.0580069 0.0494897 0.0462584 0 0
0.997977 0.4 0.421875 0 0.291722 0.0580069 0.0494897 0.0462584 0 0
0.999272 0.4 0.421875 0 0.291722 0.0580069 0.0494897 0.0462584 0 0
0.999563 0.5 0.421875 0 0.291722 0.0580069 0.0494897 0.0462584 0 0
0.63972 0.6 0.421875 0 0.292491 0.0497389 0.0429251 0.0376734 0 0
0.824239 0.7 0.421875 0 0.292491 0.0497389 0.0429251 0.0376734 0 0
0.936726 0.7 0.421875 0 0.292491 0.0497389 0.0429251 0.0376734 0 0
0.936726 0.7 0.421875 0 0.292491 0.0497389 0.0429251 0.0376734 0 0
0.977221 0.6 0.421875 0 0.292491 0.0497389 0.0429251 0.0376734 0 0
0.986333 0.7 0.273337 0 0.292491 0.0497389 0.0429251 0.0376734 0 0
0.778752 0.8 0.228775 0 0.292491 0.0497389 0.0429251 0.0376734 0 0
0.778752 0.7 0.215407 0 0.292491 0.0497389 0.0429251 0.0376734 0 0
0.778752 0.7 0.211396 0 0.292491 0.0497389 0.0429251 0.0376734 0 0
0.920351 0.7 0.210193 0 0.292491 0.0497389 0.0429251 0.0376734 0 0
0.841768 0.7 0.209832 0 0.292491 0.0497389 0.0429251 0.0376734 0 0
0.673415 0.5 0.139512 0 0.292491 0.0497389 0.0429251 0.0376734 0 0
0.430985 0.6 0.0935964 0 0.292491 0.0497389 0.0429251 0.0376734 0 0
0.430985 0.5 0.0798217 0 0.292491 0.0497389 0.0429251 0.0376734 0 0
0.430985 0.5 0.0756893 0 0.292491 0.0497389 0.0429251 0.0376734 0 0
0.275831 0.5 0.0677826 0 0.292491 0.0497389 0.0429251 0.0376734 0 0
0.275831 0.3 0.0654105 0 0.292491 0.0497389 0.0429251 0.0376734 0 0
0.275831 0.3 0.0646989 0 0.292491 0.0497389 0.0429251 0.0376734 0 0
0.719439 0.4 0.0644854 0 0.292491 0.0497389 0.0429251 0.0376734 0 0
0.831664 0.4 0.0976351 0 0.308993 0.0464578 0.0410067 0.039472 0 0
0.799199 0.4 0.158874 0 0.308993 0.0464578 0.0410067 0.039472 0 0
0.870169 0.4 0.177245 0 0.308993 0.0464578 0.0410067 0.039472 0 0
0.696135 0.5 0.182757 0 0.280184 0.0464578 0.0410067 0.039472 0 0
0.734145 0.6 0.18441 0 0.231839 0.0404996 0.0361387 0.0322443 0 0
0.851434 0.7 0.184906 0 0.231839 0.0404996 0.0361387 0.0322443 0 0
0.91086 0.8 0.185055 0 0.388646 0.0790663 0.048911 0.105795 0 0
0.902328 0.9 0.1851 0 0.388646 0.0790663 0.048911 0.105795 0 0
0.902328 1 0.185113 0 0.388646 0.0790663 0.048911 0.105795 0 0
0.964838 1 0.185117 0 0.388646 0.0790663 0.048911 0.105795 0 0
0.987342 0.9 0.185119 0 0.388646 0.0790663 0.048911 0.105795 0 0
0.995443 1 0.185119 0 0.388646 0.0790663 0.048911 0.105795 0 0
0.796354 1 0.0992857 0 0.388646 0.0790663 0.048911 0.105795 0 0
0.7058 1 0.0735357 0 0.388646 0.0790663 0.048911 0.105795 0 0
0.82348 1 0.060342 0 0.388646 0.0790663 0.048911 0.105795 0 0
0.877162 1 0.0563838 0 0.388646 0.0790663 0.048911 0.105795 0 0
0.821038 1 0.077696 0 0.388646 0.0790663 0.048911 0.105795 0 0
0.794098 0.8 0.0840897 0 0.388646 0.0790663 0.048911 0.105795 0 0
0.635279 0.8 0.0486486 0 0.388646 0.0790663 0.048911 0.105795 0 0
0.643947 0.8 0.0570188 0 0.388646 0.0790663 0.048911 0.105795 0 0
0.709095 0.8 0.0595299 0 0.388646 0.0790663 0.048911 0.105795 0 0
0.709095 0.8 0.0602832 0 0.388646 0.0790663 0.048911 0.105795 0 0
0.895274 0.8 0.0605092 0 0.388646 0.0790663 0.048911 0.105795 0 0
0.829732 0.6 0.0923952 0 0.388646 0.0790663 0.048911 0.105795 0 0
0.798271 0.7 0.101961 0 0.388646 0.0790663 0.048911 0.105795 0 0
0.78317 0.8 0.104831 0 0.388646 0.0790663 0.048911 0.105795 0 0
0.921941 0.9 0.105692 0 0.388646 0.0790663 0.048911 0.105795 0 0
0.842532 1 0.0688287 0 0.388646 0.0790663 0.048911 0.105795 0 0
0.804415 1 0.0698674 0 0.388646 0.0790663 0.048911 0.105795 0 0
0.786119 0.8 0.070179 0 0.388646 0.0790663 0.048911 0.105795 0 0
0.871672 0.9 0.0702724 0 0.388646 0.0790663 0.048911 0.105795 0 0
0.55787 0.8 0.0703005 0 0.388646 0.0790663 0.048911 0.105795 0 0
0.614222 0.7 0.0703089 0 0.388646 0.0790663 0.048911 0.105795 0 0
0.491378 0.6 0.0593739 0 0.388646 0.0790663 0.048911 0.105795 0 0
0.314482 0.5 0.0779684 0 0.388646 0.0790663 0.048911 0.105795 0 0
0.314482 0.4 0.0835468 0 0.388646 0.0790663 0.048911 0.105795 0 0
0.314482 0.3 0.0852203 0 0.388646 0.0790663 0.048911 0.105795 0 0
0.314482 0.3 0.0857223 0 0.388646 0.0790663 0.048911 0.105795 0 0
0.314482 0.3 0.085873 0 0.388646 0.0790663 0.048911 0.105795 0 0
0.314482 0 0.0859181 0 0.388646 0.0790663 0.048911 0.105795 0 0
0.314482 0 0.0859317 0 0.388646 0.0790663 0.048911 0.105795 0 0
0.550951 0.1 0.0859358 0 0.321069 0.106586 0.0591288 0.11397 0 0
0.352609 0.2 0.085937 0 0.31643 0.131936 0.0639697 0.117842 0 0
0.569252 0.3 0.0859373 0 0.259329 0.112215 0.0578424 0.0529406 0 0
0.364321 0.4 0.0859375 0 0.29913 0.136439 0.0629406 0.117019 0 0
0.574874 0.5 0.0859375 0 0.29913 0.136439 0.0629406 0.117019 0 0
0.67594 0.6 0.0859375 0 0.29913 0.136439 0.0629406 0.117019 0 0
0.834671 0.7 0.0859375 0 0.29913 0.136439 0.0629406 0.117019 1 0
0.800642 0.8 0.0859375 0 0.244544 0.152484 0.0703525 0.122949 1 0
0.784308 0.9 0.0859375 0 0.244544 0.152484 0.0703525 0.122949 1 0
0.784308 1 0.0859375 0 0.244544 0.152484 0.0703525 0.122949 1 0
0.922351 1 0.0859375 0 0.244544 0.152484 0.0703525 0.122949 1 0
0.972046 1 0.0859375 0 0.244544 0.152484 0.0703525 0.122949 1 0
0.983228 1 0.053125 0 0.244544 0.152484 0.0703525 0.122949 1 0
0.871949 0.8 0.0498085 0 0.244544 0.152484 0.0703525 0.122949 1 0
0.871949 0.5 0.0488135 0 0.244544 0.152484 0.0703525 0.122949 1 0
0.891121 0.6 0.048515 0 0.244544 0.152484 0.0703525 0.122949 1 0
0.891121 0.7 0.0484255 0 0.244544 0.152484 0.0703525 0.122949 1 0
0.960804 0.4 0.0483986 0 0.244544 0.152484 0.0703525 0.122949 1 0
0.861186 0.4 0.0483906 0 0.244544 0.152484 0.0703525 0.122949 1 0
0.688949 0.4 0.0527984 0 0.244544 0.152484 0.0703525 0.122949 1 0
0.664556 0.4 0.0541208 0 0.244544 0.152484 0.0703525 0.122949 1 0
0.718987 0.4 0.0545175 0 0.244544 0.152484 0.0703525 0.122949 1 0
0.745114 0.5 0.0763203 0 0.244544 0.152484 0.0703525 0.122949 1 0
0.596091 0.6 0.0775836 0 0.244544 0.152484 0.0703525 0.122949 1 0
0.381498 0.7 0.0834313 0 0.244544 0.152484 0.0703525 0.122949 0 0
0.244159 0.8 0.0633106 0 0.244544 0.152484 0.0703525 0.122949 0 0
0.493757 0.9 0.0572744 0 0.244544 0.152484 0.0703525 0.122949 0 0
0.637003 1 0.0736339 0 0.244544 0.152484 0.0703525 0.122949 0 0
0.705762 1 0.0785418 0 0.244544 0.152484 0.0703525 0.122949 0 0
0.738766 1 0.0800142 0 0.244544 0.152484 0.0703525 0.122949 0 0
0.905956 1 0.0804559 0 0.244544 0.152484 0.0703525 0.122949 0 0
0.905956 0.8 0.0805884 0 0.244544 0.152484 0.0703525 0.122949 0 0
0.966144 0.8 0.0806281 0 0.244544 0.152484 0.0703525 0.122949 0 0
0.987812 0.8 0.0806401 0 0.244544 0.152484 0.0703525 0.122949 0 0
0.987812 0.8 0.0806436 0 0.244544 0.152484 0.0703525 0.122949 0 0
0.992687 0.8 0.0806447 0 0.244544 0.152484 0.0703525 0.122949 0 0
0.87649 0.8 0.080645 0 0.244544 0.152484 0.0703525 0.122949 0 0
0.820715 0.6 0.0475268 0 0.273122 0.152484 0.0703525 0.122949 0 0
0.793943 0.4 0.0375914 0 0.22662 0.121988 0.056282 0.0450256 0 0
0.781093 0.5 0.0346107 0 0.187178 0.100923 0.0483589 0.0420205 0 0
0.774925 0.6 0.0337166 0 0.236977 0.100923 0.0483589 0.0420205 0 0
0.495952 0.7 0.0334483 0 0.203443 0.084072 0.0420205 0.0369497 0 0
0.317409 0.6 0.0333678 0 0.248618 0.084072 0.0420205 0.0369497 0 0
0.521885 0.7 0.0333437 0 0.248618 0.084072 0.0420205 0.0369497 0 0
0.417508 0.7 0.0333364 0 0.325528 0.100591 0.0536164 0.0895598 0 0
0.267205 0.7 0.0333343 0 0.340034 0.123806 0.0595598 0.114314 0 0
0.716955 0.8 0.0333336 0 0.303115 0.123806 0.0595598 0.114314 0 0
0.898104 0.9 0.0333334 0 0.303115 0.123806 0.0595598 0.114314 0 0
0.963317 1 0.0333334 0 0.303115 0.123806 0.0595598 0.114314 0 0
0.986794 0.8 0.0333333 0 0.303115 0.123806 0.0595598 0.114314 0 0
0.995246 0.7 0.0333333 0 0.303115 0.123806 0.0595598 0.114314 1 0
0.998289 0.6 0.0333333 0 0.303115 0.123806 0.0595598 0.114314 1 0
0.998289 0.5 0.0333333 0 0.303115 0.123806 0.0595598 0.114314 1 0
0.999384 0.5 0.0333333 0 0.303115 0.123806 0.0595598 0.114314 1 0
0.879704 0.5 0.0333333 0 0.303115 0.123806 0.0595598 0.114314 1 0
0.956694 0.3 0.277969 0 0.303115 0.123806 0.0595598 0.114314 1 0
0.98441 0.4 0.178845 0 0.303115 0.123806 0.0595598 0.114314 1 0
0.994388 0.5 0.149108 0 0.303115 0.123806 0.0595598 0.114314 1 0
0.79551 0.6 0.202232 0 0.303115 0.123806 0.0595598 0.114314 1 0
0.869107 0.5 0.21817 0 0.303115 0.123806 0.0595598 0.114314 1 0
0.952878 0.6 0.222951 0 0.303115 0.123806 0.0595598 0.114314 1 0
0.857382 0.7 0.142878 0 0.303115 0.123806 0.0595598 0.114314 1 0
0.811543 0.8 0.118856 0 0.303115 0.123806 0.0595598 0.114314 1 0
0.649235 0.8 0.12744 0 0.303115 0.123806 0.0595598 0.114314 1 0
0.649306 0.8 0.110291 0 0.303115 0.123806 0.0595598 0.114314 1 0
0.711667 0.7 0.117936 0 0.303115 0.123806 0.0595598 0.114314 1 0
0.711667 0.8 0.120229 0 0.303115 0.123806 0.0595598 0.114314 1 0
0.8962 0.8 0.120917 0 0.303115 0.123806 0.0595598 0.114314 1 0
0.962632 0.9 0.121124 0 0.303115 0.123806 0.0595598 0.114314 1 0
0.986548 0.8 0.121186 0 0.303115 0.123806 0.0595598 0.114314 1 0
0.995157 0.8 0.121204 0 0.303115 0.123806 0.0595598 0.114314 1 0
0.998257 0.8 0.12121 0 0.303115 0.123806 0.0595598 0.114314 1 0
0.999372 0.7 0.121211 0 0.303115 0.123806 0.0595598 0.114314 1 0
0.879699 0.8 0.121212 0 0.303115 0.123806 0.0595598 0.114314 1 0
0.879699 0.8 0.121212 0 0.303115 0.123806 0.0595598 0.114314 1 0
0.956692 0.7 0.121212 0 0.303115 0.123806 0.0595598 0.114314 1 0
0.984409 0.8 0.121212 0 0.303115 0.123806 0.0595598 0.114314 1 0
0.994387 0.6 0.121212 0 0.303115 0.123806 0.0595598 0.114314 0 0
0.997979 0.7 0.121212 0 0.303115 0.123806 0.0595598 0.114314 0 0
0.999273 0.6 0.121212 0 0.303115 0.123806 0.0595598 0.114314 0 0
0.999738 0.4 0.121212 0 0.303115 0.123806 0.0595598 0.114314 0 0
0.879874 0.5 0.121212 0 0.303115 0.123806 0.0595598 0.114314 0 0
0.703899 0.5 0.0544526 0 0.303115 0.123806 0.0595598 0.114314 0 0
0.703899 0.3 0.0344247 0 0.303115 0.123806 0.0595598 0.114314 0 0
0.670297 0.4 0.169418 0 0.303115 0.123806 0.0595598 0.114314 0 0
0.721743 0.5 0.209916 0 0.303115 0.123806 0.0595598 0.114314 0 0
0.721743 0.6 0.222066 0 0.303115 0.123806 0.0595598 0.114314 0 0
0.899827 0.7 0.225711 0 0.303115 0.123806 0.0595598 0.114314 0 0
0.719862 0.8 0.226804 0 0.396492 0.123806 0.0595598 0.114314 0 0
0.745534 0.9 0.272208 0 0.384953 0.145712 0.0676478 0.120785 0 0
0.477142 1 0.285829 0 0.418379 0.145712 0.0676478 0.120785 1 0
0.777417 1 0.289915 0 0.344604 0.119903 0.0574516 0.0492946 1 0
0.621933 0.9 0.291141 0 0.285785 0.129255 0.0659613 0.0994357 1 0
0.398037 1 0.291509 0 0.266128 0.110071 0.0694357 0.0622152 1 0
0.754635 1 0.291619 0 0.266128 0.110071 0.0694357 0.0622152 1 0
0.852781 0.9 0.291652 0 0.225085 0.0947235 0.0622152 0.0564388 1 0
0.885601 1 0.291662 0 0.225085 0.0947235 0.0622152 0.0564388 1 0
0.958816 1 0.291665 0 0.225085 0.0947235 0.0622152 0.0564388 1 0
0.958816 0.7 0.291666 0 0.225085 0.0947235 0.0622152 0.0564388 1 0
0.985174 0.8 0.291667 0 0.225085 0.0947235 0.0622152 0.0564388 1 0
0.991104 0.8 0.291667 0 0.188996 0.0791121 0.0531055 0.0458177 1 0
0.925438 0.4 0.291667 0 0.160767 0.0699563 0.0491511 0.0459875 1 0
0.74035 0.5 0.291667 0 0.196306 0.0626317 0.0559875 0.0514567 1 0
0.853221 0.6 0.291667 0 0.196306 0.0626317 0.0559875 0.0514567 1 0
0.682577 0.6 0.291667 0 0.166177 0.0534387 0.0481233 0.041832 1 0
0.836582 0.3 0.291667 0 0.142511 0.0494176 0.0451653 0.0427989 1 0
0.94117 0.3 0.291667 0 0.121057 0.0494176 0.0451653 0.0427989 1 0
0.964702 0.3 0.291667 0 0.10637 0.0494176 0.0451653 0.0427989 1 0
0.770445 0.4 0.291667 0 0.10637 0.0494176 0.0451653 0.0427989 1 0
0.91736 0.4 0.291667 0 0.10637 0.0494176 0.0451653 0.0427989 1 0
0.950416 0.5 0.291667 0 0.0988211 0.0395341 0.0361323 0.0289058 1 0
0.608266 0.6 0.245 0 0.110342 0.0395341 0.0361323 0.0289058 1 0
0.815181 0.6 0.231 0 0.203125 0.0395341 0.0361323 0.0289058 1 0
0.889108 0.6 0.2268 0 0.190936 0.0349606 0.0322392 0.0291247 1 0
0.741418 0.7 0.22554 0 0.190936 0.0349606 0.0322392 0.0291247 1 0
0.741418 0.8 0.225162 0 0.190936 0.0349606 0.0322392 0.0291247 1 0
0.90691 0.9 0.225049 0 0.190936 0.0349606 0.0322392 0.0291247 1 0
0.725528 1 0.225015 0 0.162095 0.0713018 0.0457913 0.1033 1 0
0.848952 1 0.225004 0 0.162095 0.0713018 0.0457913 0.1033 1 0
0.909371 1 -0.0724987 0 0.265269 0.0713018 0.0457913 0.1033 1 0
0.909371 1 -0.16175 0 0.265269 0.0713018 0.0457913 0.1033 1 0
0.901899 1 -0.188525 0 0.265269 0.0713018 0.0457913 0.1033 1 0
0.941139 0.9 0.188443 0 0.222019 0.100375 0.0566331 0.111973 1 0
0.941139 0.8 0.301533 0 0.222019 0.100375 0.0566331 0.111973 1 0
0.851747 0.9 0.33546 0 0.222019 0.100375 0.0566331 0.111973 1 0
0.885303 1 0.345638 0 0.222019 0.100375 0.0566331 0.111973 1 0
0.958709 1 0.348691 0 0.222019 0.100375 0.0566331 0.111973 1 0
0.975225 1 0.349607 0 0.187324 0.0836332 0.0486398 0.0422452 1 0
0.975225 1 0.349882 0 0.187324 0.0836332 0.0486398 0.0422452 1 0
0.920865 0.9 0.349965 0 0.187324 0.0836332 0.0486398 0.0422452 1 0
0.842015 1 0.349989 0 0.163005 0.0702399 0.0422452 0.0371295 1 0
0.842015 1 0.349997 0 0.163005 0.0702399 0.0422452 0.0371295 1 0
0.943125 0.9 0.186666 0 0.163005 0.0702399 0.0422452 0.0371295 1 0
0.965875 1 0.137666 0 0.143801 0.0995252 0.0571295 0.11237 1 0
0.86362 0.8 0.122967 0 0.191231 0.0995252 0.0571295 0.11237 1 0
0.888723 0.9 0.118557 0 0.191231 0.0995252 0.0571295 0.11237 1 0
0.888723 1 0.117234 0 0.191231 0.0995252 0.0571295 0.11237 1 0
0.95994 1 0.116837 0 0.158202 0.0829535 0.0490369 0.0425628 1 0
0.985578 1 0.116718 0 0.240848 0.109696 0.0558962 0.111384 1 0
0.994808 1 0.116682 0 0.240848 0.109696 0.0558962 0.111384 1 0
0.998131 0.9 0.116671 0 0.240848 0.109696 0.0558962 0.111384 1 0
0.998131 0.8 0.116668 0 0.240848 0.109696 0.0558962 0.111384 1 0
0.998879 0.8 0.116667 0 0.200018 0.0910902 0.0480503 0.0417736 1 0
0.879462 0.7 -0.168 0 0.171608 0.0762055 0.0417736 0.0367522 1 0
0.893285 0.6 -0.2534 0 0.171608 0.0762055 0.0417736 0.0367522 1 0
0.961583 0.7 -0.27902 0 0.171608 0.0762055 0.0417736 0.0367522 1 0
0.961583 0.8 -0.286706 0 0.171608 0.0762055 0.0417736 0.0367522 1 0
0.97695 0.6 -0.289012 0 0.162167 0.0642978 0.0367522 0.0327351 1 0
0.868936 0.7 -0.289704 0 0.137317 0.0547715 0.0327351 0.0295214 1 0
0.817089 0.6 -0.289911 0 0.138699 0.0771506 0.0428547 0.0809504 1 0
0.875322 0.7 -0.289973 0 0.138699 0.0771506 0.0428547 0.0809504 1 0
0.955116 0.8 -0.289992 0 0.138699 0.0771506 0.0428547 0.0809504 1 0
0.983842 0.7 -0.289998 0 0.116871 0.0771506 0.0428547 0.0809504 1 0
0.990305 0.8 -0.289999 0 0.169594 0.0683871 0.0476171 0.0447604 1 0
0.990305 0.8 -0.29 0 0.169594 0.0683871 0.0476171 0.0447604 1 0
0.925208 0.7 -0.29 0 0.169594 0.0683871 0.0476171 0.0447604 1 0
0.925208 0.8 -0.29 0 0.169594 0.0683871 0.0476171 0.0447604 1 0
0.973075 0.6 -0.29 0 0.169594 0.0683871 0.0476171 0.0447604 1 0
0.973075 0.6 -0.29 0 0.169594 0.0683871 0.0476171 0.0447604 1 0
0.990307 0.4 -0.29 0 0.169594 0.0683871 0.0476171 0.0447604 1 0
0.990307 0.4 -0.29 0 0.169594 0.0683871 0.0476171 0.0447604 1 0
0.996511 0.5 -0.29 0 0.169594 0.0683871 0.0476171 0.0447604 1 0
0.996511 0.4 -0.29 0 0.169594 0.0683871 0.0476171 0.0447604 1 0
0.878325 0.3 -0.29 0 0.169594 0.0683871 0.0476171 0.0447604 1 0
0.926995 0.4 -0.29 0 0.254487 0.0613764 0.0580937 0.0531416 1 0
0.926995 0.5 -0.29 0 0.254487 0.0613764 0.0580937 0.0531416 1 0
0.844958 0.6 -0.29 0 0.254487 0.0613764 0.0580937 0.0531416 1 0
0.883348 0.7 -0.29 0 0.254487 0.0613764 0.0580937 0.0531416 1 0
0.958005 0.8 -0.29 0 0.250319 0.0613764 0.0580937 0.0531416 1 0
0.974803 0.9 -0.29 0 0.324113 0.0613764 0.0580937 0.0531416 1 0
0.974803 1 -0.29 0 0.324113 0.0613764 0.0580937 0.0531416 1 0
0.867905 0.7 -0.29 0 0.268381 0.0524344 0.0498083 0.04318 1 0
0.816595 0.7 -0.29 0 0.240752 0.0524344 0.0498083 0.04318 1 0
0.713572 0.7 -0.29 0 0.240752 0.0524344 0.0498083 0.04318 1 0
0.713572 0.6 -0.29 0 0.240752 0.0524344 0.0498083 0.04318 1 0
0.570858 0.7 -0.29 0 0.250017 0.0524344 0.0498083 0.04318 1 0
0.804407 0.7 -0.29 0 0.250017 0.0524344 0.0498083 0.04318 1 0
0.804407 0.7 -0.29 0 0.250017 0.0524344 0.0498083 0.04318 1 0
0.804407 0.4 -0.29 0 0.250017 0.0524344 0.0498083 0.04318 1 0
0.804407 0.4 -0.29 0 0.250017 0.0524344 0.0498083 0.04318 1 0
0.804407 0.4 -0.29 0 0.250017 0.0524344 0.0498083 0.04318 1 0
0.882644 0.5 -0.29 0 0.279241 0.0486142 0.0465133 0.0438773 1 0
0.894202 0.4 -0.29 0 0.279241 0.0486142 0.0465133 0.0438773 1 0
0.894202 0.5 -0.29 0 0.279241 0.0486142 0.0465133 0.0438773 1 0
0.936521 0.6 -0.29 0 0.228974 0.0486142 0.0465133 0.0438773 1 0
0.909718 0.5 -0.29 0 0.228974 0.0486142 0.0465133 0.0438773 1 0
0.909718 0.6 -0.29 0 0.228974 0.0486142 0.0465133 0.0438773 1 0
0.909718 0.7 -0.29 0 0.228974 0.0486142 0.0465133 0.0438773 1 0
0.909718 0.8 -0.29 0 0.228974 0.0486142 0.0465133 0.0438773 1 0
0.967498 0.9 -0.29 0 0.228974 0.0486142 0.0465133 0.0438773 1 0
0.967498 1 -0.29 0 0.228974 0.0486142 0.0465133 0.0438773 1 0
0.967498 0.8 -0.29 0 0.228974 0.0486142 0.0465133 0.0438773 1 0
0.967498 0.7 -0.29 0 0.228974 0.0486142 0.0465133 0.0438773 1 0
0.967498 0.6 -0.29 0 0.228974 0.0486142 0.0465133 0.0438773 1 0
0.967498 0.5 -0.29 0 0.228974 0.0486142 0.0465133 0.0438773 1 0
0.967498 0.2 -0.29 0 0.228974 0.0486142 0.0465133 0.0438773 1 0
0.967498 0.2 -0.29 0 0.228974 0.0486142 0.0465133 0.0438773 1 0
0.967498 0.3 -0.29 0 0.228974 0.0486142 0.0465133 0.0438773 1 0
0.967498 0.3 -0.29 0 0.228974 0.0486142 0.0465133 0.0438773 1 0
0.967498 0 -0.29 0 0.228974 0.0486142 0.0465133 0.0438773 1 0
0.967498 0 -0.29 0 0.228974 0.0486142 0.0465133 0.0438773 1 0
0.967498 0 -0.29 0 0.228974 0.0486142 0.0465133 0.0438773 1 0
0.967498 0 -0.29 0 0.228974 0.0486142 0.0465133 0.0438773 1 0
0.967498 0 -0.29 0 0.228974 0.0486142 0.0465133 0.0438773 1 0
0.967498 0 -0.29 0 0.228974 0.0486142 0.0465133 0.0438773 1 0
0.967498 0 -0.29 0 0.228974 0.0486142 0.0465133 0.0438773 1 0
0.967498 0 -0.29 0 0.228974 0.0486142 0.0465133 0.0438773 1 0
0.967498 0 -0.29 0 0.228974 0.0486142 0.0465133 0.0438773 1 0
0.967498 0.1 -0.29 0 0.228974 0.0486142 0.0465133 0.0438773 1 0
0.967498 0.2 -0.29 0 0.228974 0.0486142 0.0465133 0.0438773 1 0
0.967498 0 -0.29 0 0.228974 0.0486142 0.0465133 0.0438773 1 0
0.967498 0.1 -0.29 0 0.228974 0.0486142 0.0465133 0.0438773 1 0
0.967498 0.2 -0.29 0 0.228974 0.0486142 0.0465133 0.0438773 1 0
0.967498 0 -0.29 0 0.228974 0.0486142 0.0465133 0.0438773 1 0
0.967498 0 -0.29 0 0.228974 0.0486142 0.0465133 0.0438773 1 0
0.967498 0 -0.29 0 0.228974 0.0486142 0.0465133 0.0438773 1 0
0.967498 0 -0.29 0 0.228974 0.0486142 0.0465133 0.0438773 1 0
0.967498 0 -0.29 0 0.228974 0.0486142 0.0465133 0.0438773 1 0
0.967498 0 -0.29 0 0.228974 0.0486142 0.0465133 0.0438773 1 0
0.967498 0 -0.29 0 0.228974 0.0486142 0.0465133 0.0438773 1 0
0.967498 0 -0.29 0 0.228974 0.0486142 0.0465133 0.0438773 1 0
0.864399 0.1 -0.29 0 0.228974 0.0486142 0.0465133 0.0438773 1 0
0.864399 0.2 -0.29 0 0.228974 0.0486142 0.0465133 0.0438773 1 0
0.91864 0.3 -0.29 0 0.228974 0.0486142 0.0465133 0.0438773 1 0
0.752758 0.4 -0.29 0 0.228974 0.0486142 0.0465133 0.0438773 1 0
0.752758 0.5 -0.29 0 0.228974 0.0486142 0.0465133 0.0438773 1 0
0.910993 0.6 -0.29 0 0.228974 0.0486142 0.0465133 0.0438773 1 0
0.967957 0.7 -0.29 0 0.228974 0.0486142 0.0465133 0.0438773 1 0
0.967957 0.8 -0.29 0 0.228974 0.0486142 0.0465133 0.0438773 1 0
0.988465 0.9 -0.29 0 0.228974 0.0486142 0.0465133 0.0438773 1 0
0.995847 0.8 -0.29 0 0.228974 0.0486142 0.0465133 0.0438773 1 0
0.995847 0.9 -0.29 0 0.228974 0.0486142 0.0465133 0.0438773 1 0
0.995847 0.8 -0.29 0 0.228974 0.0486142 0.0465133 0.0438773 1 0
0.995847 0.6 -0.29 0 0.228974 0.0486142 0.0465133 0.0438773 1 0
0.995847 0.7 -0.29 0 0.228974 0.0486142 0.0465133 0.0438773 1 0
0.995847 0.8 -0.29 0 0.228974 0.0486142 0.0465133 0.0438773 1 0
0.998505 0.8 -0.29 0 0.228974 0.0486142 0.0465133 0.0438773 1 0
0.998505 0.7 -0.29 0 0.228974 0.0486142 0.0465133 0.0438773 1 0
0.999462 0.6 -0.29 0 0.228974 0.0486142 0.0465133 0.0438773 1 0
0.999462 0.5 -0.29 0 0.228974 0.0486142 0.0465133 0.0438773 1 0
0.999462 0.4 -0.29 0 0.228974 0.0486142 0.0465133 0.0438773 1 0
0.999462 0.4 -0.29 0 0.228974 0.0486142 0.0465133 0.0438773 1 0
0.999462 0.4 -0.29 0 0.228974 0.0486142 0.0465133 0.0438773 1 0
0.999677 0.1 -0.29 0 0.196855 0.0422247 0.040544 0.0357685 1 0
0.783876 0.2 -0.29 0 0.196855 0.0422247 0.040544 0.0357685 1 0
0.783876 0.3 -0.29 0 0.196855 0.0422247 0.040544 0.0357685 1 0
0.783876 0.2 -0.29 0 0.196855 0.0422247 0.040544 0.0357685 1 0
0.783876 0.2 -0.29 0 0.196855 0.0422247 0.040544 0.0357685 1 0
0.783876 0.2 -0.29 0 0.196855 0.0422247 0.040544 0.0357685 1 0
0.783876 0.2 -0.29 0 0.196855 0.0422247 0.040544 0.0357685 1 0
0.783876 0.3 -0.29 0 0.196855 0.0422247 0.040544 0.0357685 1 0
0.783876 0.4 -0.29 0 0.196855 0.0422247 0.040544 0.0357685 1 0
0.783876 0.2 -0.29 0 0.196855 0.0422247 0.040544 0.0357685 1 0
0.922195 0.1 -0.29 0 0.196855 0.0422247 0.040544 0.0357685 1 0
0.922195 0.2 -0.29 0 0.196855 0.0422247 0.040544 0.0357685 1 0
0.922195 0.1 -0.29 0 0.196855 0.0422247 0.040544 0.0357685 1 0
0.97199 0.1 -0.29 0 0.196855 0.0422247 0.040544 0.0357685 1 0
0.97199 0.1 -0.29 0 0.196855 0.0422247 0.040544 0.0357685 1 0
0.97199 0.1 -0.29 0 0.196855 0.0422247 0.040544 0.0357685 1 0
0.97199 0.1 -0.29 0 0.196855 0.0422247 0.040544 0.0357685 1 0
0.97199 0.1 -0.29 0 0.196855 0.0422247 0.040544 0.0357685 1 0
0.97199 0.1 -0.29 0 0.196855 0.0422247 0.040544 0.0357685 1 0
0.97199 0.2 -0.29 0 0.196855 0.0422247 0.040544 0.0357685 1 0
0.97199 0.2 -0.29 0 0.196855 0.0422247 0.040544 0.0357685 1 0
0.97199 0 -0.29 0 0.196855 0.0422247 0.040544 0.0357685 1 0
0.97199 0.1 -0.29 0 0.196855 0.0422247 0.040544 0.0357685 1 0
0.97199 0.2 -0.29 0 0.196855 0.0422247 0.040544 0.0357685 1 0
0.989917 0.3 -0.29 0 0.196855 0.0422247 0.040544 0.0357685 1 0
0.989917 0.4 -0.29 0 0.196855 0.0422247 0.040544 0.0357685 1 0
0.989917 0.5 -0.29 0 0.196855 0.0422247 0.040544 0.0357685 1 0
0.989917 0.6 -0.29 0 0.196855 0.0422247 0.040544 0.0357685 1 0
0.989917 0.5 -0.29 0 0.196855 0.0422247 0.040544 0.0357685 1 0
0.989917 0.5 -0.29 0 0.196855 0.0422247 0.040544 0.0357685 1 0
0.989917 0.5 -0.29 0 0.196855 0.0422247 0.040544 0.0357685 1 0
0.989917 0.4 -0.29 0 0.196855 0.0422247 0.040544 0.0357685 1 0
0.989917 0.5 -0.29 0 0.196855 0.0422247 0.040544 0.0357685 1 0
0.989917 0.6 -0.29 0 0.196855 0.0422247 0.040544 0.0357685 1 0
0.989917 0.2 -0.29 0 0.196855 0.0422247 0.040544 0.0357685 1 0
0.989917 0.3 -0.29 0 0.196855 0.0422247 0.040544 0.0357685 1 0
0.989917 0.4 -0.29 0 0.196855 0.0422247 0.040544 0.0357685 1 0
0.989917 0.5 -0.29 0 0.196855 0.0422247 0.040544 0.0357685 1 0
0.989917 0.6 -0.29 0 0.196855 0.0422247 0.040544 0.0357685 1 0
0.989917 0.5 -0.29 0 0.196855 0.0422247 0.040544 0.0357685 1 0
0.989917 0.3 -0.29 0 0.196855 0.0422247 0.040544 0.0357685 1 0
0.989917 0.3 -0.29 0 0.196855 0.0422247 0.040544 0.0357685 1 0
0.989917 0.3 -0.29 0 0.196855 0.0422247 0.040544 0.0357685 1 0
0.989917 0.4 -0.29 0 0.196855 0.0422247 0.040544 0.0357685 1 0
0.989917 0.5 -0.29 0 0.196855 0.0422247 0.040544 0.0357685 1 0
0.989917 0.3 -0.29 0 0.196855 0.0422247 0.040544 0.0357685 1 0
0.989917 0.4 -0.29 0 0.196855 0.0422247 0.040544 0.0357685 1 0
0.989917 0 -0.29 0 0.196855 0.0422247 0.040544 0.0357685 1 0
0.989917 0.1 -0.29 0 0.196855 0.0422247 0.040544 0.0357685 1 0
0.989917 0.2 -0.29 0 0.196855 0.0422247 0.040544 0.0357685 1 0
0.989917 0.3 -0.29 0 0.196855 0.0422247 0.040544 0.0357685 1 0
0.989917 0.4 -0.29 0 0.196855 0.0422247 0.040544 0.0357685 1 0
0.989917 0 -0.29 0 0.196855 0.0422247 0.040544 0.0357685 1 0
0.989917 0 -0.29 0 0.196855 0.0422247 0.040544 0.0357685 1 0
0.989917 0 -0.29 0 0.196855 0.0422247 0.040544 0.0357685 1 0
0.989917 0 -0.29 0 0.196855 0.0422247 0.040544 0.0357685 1 0
0.989917 0 -0.29 0 0.196855 0.0422247 0.040544 0.0357685 1 0
0.989917 0.1 -0.29 0 0.196855 0.0422247 0.040544 0.0357685 1 0
0.989917 0.2 -0.29 0 0.196855 0.0422247 0.040544 0.0357685 1 0
0.989917 0.3 -0.29 0 0.196855 0.0422247 0.040544 0.0357685 1 0
0.989917 0.2 -0.29 0 0.196855 0.0422247 0.040544 0.0357685 1 0
0.989917 0.2 -0.29 0 0.196855 0.0422247 0.040544 0.0357685 1 0
0.989917 0.2 -0.29 0 0.196855 0.0422247 0.040544 0.0357685 1 0
0.989917 0.2 -0.29 0 0.196855 0.0422247 0.040544 0.0357685 1 0
0.989917 0.2 -0.29 0 0.196855 0.0422247 0.040544 0.0357685 1 0
0.989917 0.3 -0.29 0 0.196855 0.0422247 0.040544 0.0357685 1 0
0.989917 0.2 -0.29 0 0.196855 0.0422247 0.040544 0.0357685 1 0
0.989917 0 -0.29 0 0.196855 0.0422247 0.040544 0.0357685 1 0
0.989917 0 -0.29 0 0.196855 0.0422247 0.040544 0.0357685 1 0
0.989917 0.1 -0.29 0 0.196855 0.0422247 0.040544 0.0357685 1 0
0.989917 0.2 -0.29 0 0.196855 0.0422247 0.040544 0.0357685 1 0
0.989917 0 -0.29 0 0.196855 0.0422247 0.040544 0.0357685 1 0
0.989917 0 -0.29 0 0.196855 0.0422247 0.040544 0.0357685 1 0
0.989917 0.1 -0.29 0 0.196855 0.0422247 0.040544 0.0357685 1 0
0.989917 0.2 -0.29 0 0.196855 0.0422247 0.040544 0.0357685 1 0
0.989917 0.3 -0.29 0 0.196855 0.0422247 0.040544 0.0357685 1 0
0.989917 0.2 -0.29 0 0.196855 0.0422247 0.040544 0.0357685 1 0
0.989917 0.2 -0.29 0 0.196855 0.0422247 0.040544 0.0357685 1 0
0.989917 0.2 -0.29 0 0.196855 0.0422247 0.040544 0.0357685 1 0
0.989917 0.2 -0.29 0 0.196855 0.0422247 0.040544 0.0357685 1 0
0.989917 0.2 -0.29 0 0.196855 0.0422247 0.040544 0.0357685 1 0
0.989917 0.2 -0.29 0 0.196855 0.0422247 0.040544 0.0357685 1 0
0.989917 0 -0.29 0 0.196855 0.0422247 0.040544 0.0357685 1 0
0.989917 0.1 -0.29 0 0.196855 0.0422247 0.040544 0.0357685 1 0
0.989917 0.2 -0.29 0 0.196855 0.0422247 0.040544 0.0357685 1 0
0.989917 0.3 -0.29 0 0.196855 0.0422247 0.040544 0.0357685 1 0
0.989917 0.4 -0.29 0 0.196855 0.0422247 0.040544 0.0357685 1 0
0.989917 0.5 -0.29 0 0.196855 0.0422247 0.040544 0.0357685 1 0
0.989917 0.4 -0.29 0 0.196855 0.0422247 0.040544 0.0357685 1 1
0.989917 0.4 -0.29 0 0.196855 0.0422247 0.040544 0.0357685 1 1
0.989917 0.5 -0.29 0 0.196855 0.0422247 0.040544 0.0357685 1 1
0.989917 0.6 -0.29 0 0.196855 0.0422247 0.040544 0.0357685 1 1
0.989917 0.5 -0.29 0 0.196855 0.0422247 0.040544 0.0357685 1 1
0.989917 0.4 -0.29 0 0.196855 0.0422247 0.040544 0.0357685 1 1
0.989917 0.2 -0.29 0 0.196855 0.0422247 0.040544 0.0357685 1 1
0.989917 0.2 -0.29 0 0.196855 0.0422247 0.040544 0.0357685 1 1
0.989917 0.3 -0.29 0 0.196855 0.0422247 0.040544 0.0357685 1 1
0.989917 0.4 -0.29 0 0.196855 0.0422247 0.040544 0.0357685 1 1
0.989917 0.2 -0.29 0 0.196855 0.0422247 0.040544 0.0357685 1 1
0.989917 0 -0.29 0 0.196855 0.0422247 0.040544 0.0357685 1 1
0.989917 0 -0.29 0 0.196855 0.0422247 0.040544 0.0357685 1 1
0.989917 0.1 -0.29 0 0.196855 0.0422247 0.040544 0.0357685 1 1
0.989917 0.2 -0.29 0 0.196855 0.0422247 0.040544 0.0357685 1 1
0.989917 0 -0.29 0 0.196855 0.0422247 0.040544 0.0357685 0 0
0.989917 0 -0.29 0 0.196855 0.0422247 0.040544 0.0357685 0 0
0.989917 0 -0.29 0 0.196855 0.0422247 0.040544 0.0357685 0 0
0.989917 0 -0.29 0 0.196855 0.0422247 0.040544 0.0357685 0 0
0.989917 0 -0.29 0 0.196855 0.0422247 0.040544 0.0357685 0 0
0.989917 0 -0.29 0 0.196855 0.0422247 0.040544 0.0357685 1 0
0.989917 0 -0.29 0 0.196855 0.0422247 0.040544 0.0357685 1 0
0.989917 0 -0.29 0 0.196855 0.0422247 0.040544 0.0357685 1 0
0.989917 0 -0.29 0 0.196855 0.0422247 0.040544 0.0357685 1 0
0.989917 0.1 -0.29 0 0.196855 0.0422247 0.040544 0.0357685 1 0
0.989917 0.2 -0.29 0 0.196855 0.0422247 0.040544 0.0357685 1 0
0.989917 0 -0.29 0 0.196855 0.0422247 0.040544 0.0357685 1 0
0.989917 0.1 -0.29 0 0.196855 0.0422247 0.040544 0.0357685 1 0
0.989917 0.2 -0.29 0 0.196855 0.0422247 0.040544 0.0357685 1 0
0.989917 0 -0.29 0 0.196855 0.0422247 0.040544 0.0357685 1 0
0.989917 0 -0.29 0 0.196855 0.0422247 0.040544 0.0357685 1 0
0.989917 0 -0.29 0 0.196855 0.0422247 0.040544 0.0357685 1 0
0.989917 0.1 -0.29 0 0.196855 0.0422247 0.040544 0.0357685 1 0
0.989917 0.2 -0.29 0 0.196855 0.0422247 0.040544 0.0357685 1 0
0.989917 0.3 -0.29 0 0.196855 0.0422247 0.040544 0.0357685 1 0
0.989917 0.4 -0.29 0 0.196855 0.0422247 0.040544 0.0357685 1 0
0.989917 0.5 -0.29 0 0.196855 0.0422247 0.040544 0.0357685 1 0
0.989917 0.6 -0.29 0 0.196855 0.0422247 0.040544 0.0357685 1 0
0.989917 0.7 -0.29 0 0.196855 0.0422247 0.040544 0.0357685 1 0
0.989917 0.6 -0.29 0 0.196855 0.0422247 0.040544 0.0357685 1 0
0.989917 0.6 -0.29 0 0.196855 0.0422247 0.040544 0.0357685 1 0
0.989917 0.6 -0.29 0 0.196855 0.0422247 0.040544 0.0357685 1 0
0.989917 0 -0.29 0 0.196855 0.0422247 0.040544 0.0357685 1 0
0.989917 0 -0.29 0 0.196855 0.0422247 0.040544 0.0357685 1 0
0.989917 0 -0.29 0 0.196855 0.0422247 0.040544 0.0357685 1 0
0.989917 0 -0.29 0 0.196855 0.0422247 0.040544 0.0357685 1 0
0.989917 0 -0.29 0 0.196855 0.0422247 0.040544 0.0357685 1 1
0.989917 0 -0.29 0 0.196855 0.0422247 0.040544 0.0357685 1 1
0.989917 0.1 -0.29 0 0.196855 0.0422247 0.040544 0.0357685 1 1
0.989917 0.2 -0.29 0 0.196855 0.0422247 0.040544 0.0357685 1 1
0.989917 0.3 -0.29 0 0.196855 0.0422247 0.040544 0.0357685 1 1
0.989917 0.2 -0.29 0 0.196855 0.0422247 0.040544 0.0357685 0 0
0.989917 0.2 -0.29 0 0.196855 0.0422247 0.040544 0.0357685 0 0
0.989917 0.2 -0.29 0 0.196855 0.0422247 0.040544 0.0357685 0 0
0.989917 0.3 -0.29 0 0.196855 0.0422247 0.040544 0.0357685 0 0
0.989917 0.4 -0.29 0 0.196855 0.0422247 0.040544 0.0357685 0 0
0.87516 0.5 -0.29 0 0.196855 0.0422247 0.040544 0.0357685 0 0
0.87516 0.4 -0.29 0 0.196855 0.0422247 0.040544 0.0357685 0 0
0.925096 0.5 0.193 0 0.200422 0.0422247 0.040544 0.0357685 0 0
0.844046 0.6 0.3379 0 0.173974 0.0404464 0.0357685 0.0352815 0 0
0.883085 0.7 0.38137 0 0.173974 0.0404464 0.0357685 0.0352815 0 0
0.957911 0.8 0.394411 0 0.173974 0.0404464 0.0357685 0.0352815 0 0
0.859797 0.7 0.398323 0 0.173974 0.0404464 0.0357685 0.0352815 0 0
0.949527 0.5 0.399497 0 0.173974 0.0404464 0.0357685 0.0352815 0 0
0.98183 0.6 0.399849 0 0.173974 0.0404464 0.0357685 0.0352815 0 0
0.993459 0.5 -0.0958786 0 0.173974 0.0404464 0.0357685 0.0352815 0 0
0.997645 0.3 -0.244597 0 0.173974 0.0404464 0.0357685 0.0352815 0 0
0.87887 0.3 -0.289212 0 0.173974 0.0404464 0.0357685 0.0352815 0 0
0.927322 0.1 -0.302597 0 0.145364 0.0323571 0.0286148 0.0228918 0 0
0.845114 0.2 -0.306612 0 0.145364 0.0323571 0.0286148 0.0228918 0 0
0.883393 0.3 -0.307817 0 0.145364 0.0323571 0.0286148 0.0228918 0 0
0.883393 0.4 -0.308178 0 0.145364 0.0323571 0.0286148 0.0228918 0 0
0.883393 0.3 -0.308287 0 0.145364 0.0323571 0.0286148 0.0228918 0 0
0.883393 0.4 -0.308319 0 0.145364 0.0323571 0.0286148 0.0228918 0 0
0.883393 0.5 -0.308329 0 0.145364 0.0323571 0.0286148 0.0228918 0 0
0.824029 0.6 -0.308332 0 0.145364 0.0323571 0.0286148 0.0228918 0 0
0.824029 0.7 -0.308333 0 0.145364 0.0323571 0.0286148 0.0228918 0 0
0.93665 0.8 -0.308333 0 0.145364 0.0323571 0.0286148 0.0228918 0 0
0.93665 0.8 -0.308333 0 0.145364 0.0323571 0.0286148 0.0228918 0 0
0.96199 0.7 -0.308333 0 0.127942 0.029219 0.0262252 0.0243135 0 0
0.861755 0.8 -0.308333 0 0.150441 0.029219 0.0262252 0.0243135 0 0
0.861755 0.9 -0.308333 0 0.150441 0.029219 0.0262252 0.0243135 0 0
0.730914 0.8 -0.308333 0 0.150441 0.029219 0.0262252 0.0243135 0 0
0.730914 0.9 -0.308333 0 0.150441 0.029219 0.0262252 0.0243135 0 0
0.730914 1 -0.308333 0 0.150441 0.029219 0.0262252 0.0243135 0 0
0.903129 1 -0.308333 0 0.150441 0.029219 0.0262252 0.0243135 0 0
0.965126 1 -0.308333 0 0.150441 0.029219 0.0262252 0.0243135 0 0
0.965126 1 -0.308333 0 0.150441 0.029219 0.0262252 0.0243135 0 0
0.987446 0.8 -0.308333 0 0.150441 0.029219 0.0262252 0.0243135 1 0
0.987446 0.7 -0.308333 0 0.150441 0.029219 0.0262252 0.0243135 1 0
0.987446 0.5 -0.308333 0 0.150441 0.029219 0.0262252 0.0243135 1 0
0.987446 0.5 -0.308333 0 0.150441 0.029219 0.0262252 0.0243135 1 0
0.987446 0.2 -0.308333 0 0.150441 0.029219 0.0262252 0.0243135 1 0
0.99548 0.2 -0.308333 0 0.150441 0.029219 0.0262252 0.0243135 1 0
0.998373 0.3 -0.308333 0 0.150441 0.029219 0.0262252 0.0243135 1 0
0.999414 0.2 -0.308333 0 0.150441 0.029219 0.0262252 0.0243135 1 0
0.999789 0.3 -0.308333 0 0.150441 0.029219 0.0262252 0.0243135 1 0
0.999789 0.4 -0.308333 0 0.150441 0.029219 0.0262252 0.0243135 1 0
0.999789 0.5 -0.308333 0 0.150441 0.029219 0.0262252 0.0243135 1 0
0.999789 0.6 -0.308333 0 0.150441 0.029219 0.0262252 0.0243135 1 0
0.999789 0.5 -0.308333 0 0.150441 0.029219 0.0262252 0.0243135 1 0
0.999789 0.5 -0.308333 0 0.150441 0.029219 0.0262252 0.0243135 1 0
0.999924 0.6 -0.308333 0 0.150441 0.029219 0.0262252 0.0243135 1 0
0.999973 0.7 -0.308333 0 0.150441 0.029219 0.0262252 0.0243135 1 0
0.999973 0.7 -0.308333 0 0.150441 0.029219 0.0262252 0.0243135 1 0
0.999973 0.5 -0.308333 0 0.150441 0.029219 0.0262252 0.0243135 1 0
0.999973 0.2 -0.308333 0 0.150441 0.029219 0.0262252 0.0243135 1 0
0.999973 0.2 -0.308333 0 0.150441 0.029219 0.0262252 0.0243135 1 0
0.999973 0.2 -0.308333 0 0.150441 0.029219 0.0262252 0.0243135 1 0
0.999973 0.2 -0.308333 0 0.150441 0.029219 0.0262252 0.0243135 1 0
0.999973 0.2 -0.308333 0 0.150441 0.029219 0.0262252 0.0243135 1 0
0.999973 0.2 -0.308333 0 0.150441 0.029219 0.0262252 0.0243135 1 1
0.999973 0.2 -0.308333 0 0.150441 0.029219 0.0262252 0.0243135 1 1
0.999973 0.2 -0.308333 0 0.150441 0.029219 0.0262252 0.0243135 1 1
0.999973 0 -0.308333 0 0.150441 0.029219 0.0262252 0.0243135 1 1
0.999973 0 -0.308333 0 0.150441 0.029219 0.0262252 0.0243135 1 1
0.999973 0 -0.308333 0 0.150441 0.029219 0.0262252 0.0243135 1 1
0.999973 0 -0.308333 0 0.150441 0.029219 0.0262252 0.0243135 1 1
0.999973 0 -0.308333 0 0.150441 0.029219 0.0262252 0.0243135 1 1
0.999973 0 -0.308333 0 0.150441 0.029219 0.0262252 0.0243135 1 1
0.999973 0.1 -0.308333 0 0.150441 0.029219 0.0262252 0.0243135 1 1
0.999973 0.2 -0.308333 0 0.150441 0.029219 0.0262252 0.0243135 1 1
0.999973 0 -0.308333 0 0.150441 0.029219 0.0262252 0.0243135 1 1
0.999973 0 -0.308333 0 0.150441 0.029219 0.0262252 0.0243135 1 1
0.999973 0 -0.308333 0 0.150441 0.029219 0.0262252 0.0243135 1 1
0.999973 0 -0.308333 0 0.150441 0.029219 0.0262252 0.0243135 1 1
0.999973 0.1 -0.308333 0 0.150441 0.029219 0.0262252 0.0243135 1 1
0.999973 0.2 -0.308333 0 0.150441 0.029219 0.0262252 0.0243135 1 1
0.999973 0 -0.308333 0 0.150441 0.029219 0.0262252 0.0243135 1 1
0.999973 0.1 -0.308333 0 0.150441 0.029219 0.0262252 0.0243135 1 1
0.999973 0.2 -0.308333 0 0.150441 0.029219 0.0262252 0.0243135 1 1
0.999973 0 -0.308333 0 0.150441 0.029219 0.0262252 0.0243135 1 1
0.999973 0 -0.308333 0 0.150441 0.029219 0.0262252 0.0243135 1 1
0.999973 0 -0.308333 0 0.150441 0.029219 0.0262252 0.0243135 1 1
0.999973 0.1 -0.308333 0 0.150441 0.029219 0.0262252 0.0243135 0 0
0.999973 0.2 -0.308333 0 0.150441 0.029219 0.0262252 0.0243135 0 0
0.999973 0 -0.308333 0 0.150441 0.029219 0.0262252 0.0243135 0 0
0.999973 0 -0.308333 0 0.150441 0.029219 0.0262252 0.0243135 0 0
0.999984 0.1 -0.308333 0 0.126013 0.029219 0.0262252 0.0243135 1 0
0.999984 0.2 -0.308333 0 0.126013 0.029219 0.0262252 0.0243135 1 0
0.999984 0.1 -0.308333 0 0.126013 0.029219 0.0262252 0.0243135 1 0
0.927995 0.2 -0.00305554 0 0.126013 0.029219 0.0262252 0.0243135 1 0
0.927995 0.3 0.0885278 0 0.126013 0.029219 0.0262252 0.0243135 1 0
0.845438 0.4 0.116003 0 0.107668 0.0700419 0.0443135 0.102117 1 0
0.845438 0.5 0.124245 0 0.107668 0.0700419 0.0443135 0.102117 1 0
0.907263 0.6 -0.137726 0 0.0919878 0.0593669 0.0387841 0.0343606 1 0
0.907263 0.7 -0.216318 0 0.0919878 0.0593669 0.0387841 0.0343606 1 0
0.835486 0.8 -0.239895 0 0.101313 0.0474935 0.0310273 0.0248218 1 0
0.801033 0.8 -0.246969 0 0.155717 0.0446615 0.0414885 0.0398575 1 0
0.870698 0.9 -0.249091 0 0.155717 0.0446615 0.0414885 0.0398575 1 0
0.870698 0.8 -0.249727 0 0.155717 0.0446615 0.0414885 0.0398575 1 0
0.696558 0.9 -0.249918 0 0.133963 0.0390625 0.0365241 0.0325526 1 0
0.840609 1 -0.249975 0 0.133963 0.0390625 0.0365241 0.0325526 1 0
0.840609 0.9 -0.249993 0 0.133963 0.0390625 0.0365241 0.0325526 1 0
0.840609 1 -0.249998 0 0.133963 0.0390625 0.0365241 0.0325526 1 0
0.840609 0.8 -0.249999 0 0.133963 0.0390625 0.0365241 0.0325526 1 0
0.803492 0.9 0.0591669 0 0.133963 0.0390625 0.0365241 0.0325526 1 0
0.803492 1 0.151917 0 0.133963 0.0390625 0.0365241 0.0325526 1 0
0.803492 0.6 0.179742 0 0.133963 0.0390625 0.0365241 0.0325526 1 0
0.803492 0.6 0.188089 0 0.133963 0.0390625 0.0365241 0.0325526 1 0
0.803492 0.6 0.190593 0 0.133963 0.0390625 0.0365241 0.0325526 1 0
0.803492 0.3 0.191345 0 0.133963 0.0390625 0.0365241 0.0325526 1 0
0.803492 0.4 0.19157 0 0.133963 0.0390625 0.0365241 0.0325526 1 0
0.803492 0.5 0.191638 0 0.133963 0.0390625 0.0365241 0.0325526 1 0
0.803492 0.2 0.191658 0 0.133963 0.0390625 0.0365241 0.0325526 1 0
0.803492 0.1 0.191664 0 0.133963 0.0390625 0.0365241 0.0325526 1 0
0.803492 0 0.191666 0 0.133963 0.0390625 0.0365241 0.0325526 1 0
0.803492 0 0.191666 0 0.133963 0.0390625 0.0365241 0.0325526 1 0
0.803492 0 0.191667 0 0.133963 0.0390625 0.0365241 0.0325526 1 0
0.803492 0.1 0.191667 0 0.133963 0.0390625 0.0365241 0.0325526 1 0
0.803492 0.2 0.191667 0 0.133963 0.0390625 0.0365241 0.0325526 1 0
0.929257 0.3 0.191667 0 0.133963 0.0390625 0.0365241 0.0325526 1 0
0.929257 0.4 0.191667 0 0.133963 0.0390625 0.0365241 0.0325526 1 0
0.929257 0.5 0.191667 0 0.133963 0.0390625 0.0365241 0.0325526 1 0
0.929257 0.6 0.191667 0 0.133963 0.0390625 0.0365241 0.0325526 1 0
0.929257 0.7 0.191667 0 0.133963 0.0390625 0.0365241 0.0325526 1 0
0.929257 0.8 0.191667 0 0.133963 0.0390625 0.0365241 0.0325526 1 0
0.929257 0.7 0.191667 0 0.133963 0.0390625 0.0365241 0.0325526 1 0
0.929257 0.8 0.191667 0 0.133963 0.0390625 0.0365241 0.0325526 1 0
0.929257 0.8 0.191667 0 0.133963 0.0390625 0.0365241 0.0325526 1 0
0.929257 0.8 0.191667 0 0.133963 0.0390625 0.0365241 0.0325526 1 0
0.929257 0.7 0.191667 0 0.133963 0.0390625 0.0365241 0.0325526 1 0
0.929257 0.8 0.191667 0 0.133963 0.0390625 0.0365241 0.0325526 1 0
0.929257 0.6 0.191667 0 0.133963 0.0390625 0.0365241 0.0325526 1 0
0.929257 0.5 0.191667 0 0.133963 0.0390625 0.0365241 0.0325526 1 0
0.929257 0.5 0.191667 0 0.133963 0.0390625 0.0365241 0.0325526 1 0
0.929257 0.5 0.191667 0 0.133963 0.0390625 0.0365241 0.0325526 1 0
0.929257 0 0.191667 0 0.133963 0.0390625 0.0365241 0.0325526 1 0
0.929257 0 0.191667 0 0.133963 0.0390625 0.0365241 0.0325526 1 0
0.929257 0 0.191667 0 0.133963 0.0390625 0.0365241 0.0325526 1 0
0.929257 0 0.191667 0 0.133963 0.0390625 0.0365241 0.0325526 1 0
0.929257 0 0.191667 0 0.133963 0.0390625 0.0365241 0.0325526 1 0
0.929257 0 0.191667 0 0.133963 0.0390625 0.0365241 0.0325526 1 0
0.929257 0.1 0.191667 0 0.133963 0.0390625 0.0365241 0.0325526 1 0
0.929257 0.2 0.191667 0 0.133963 0.0390625 0.0365241 0.0325526 1 0
0.929257 0 0.191667 0 0.133963 0.0390625 0.0365241 0.0325526 1 0
0.929257 0 0.191667 0 0.133963 0.0390625 0.0365241 0.0325526 1 0
0.929257 0 0.191667 0 0.133963 0.0390625 0.0365241 0.0325526 1 0
0.929257 0 0.191667 0 0.133963 0.0390625 0.0365241 0.0325526 1 0
0.929257 0 0.191667 0 0.133963 0.0390625 0.0365241 0.0325526 1 0
0.929257 0 0.191667 0 0.133963 0.0390625 0.0365241 0.0325526 1 0
0.929257 0.1 0.191667 0 0.133963 0.0390625 0.0365241 0.0325526 1 0
0.929257 0.2 0.191667 0 0.133963 0.0390625 0.0365241 0.0325526 1 0
0.929257 0.3 0.191667 0 0.133963 0.0390625 0.0365241 0.0325526 1 0
0.974533 0.4 0.191667 0 0.133963 0.0390625 0.0365241 0.0325526 1 0
0.974533 0.5 0.191667 0 0.133963 0.0390625 0.0365241 0.0325526 1 0
0.974533 0.4 0.191667 0 0.133963 0.0390625 0.0365241 0.0325526 1 0
0.974533 0.5 0.191667 0 0.133963 0.0390625 0.0365241 0.0325526 1 0
0.974533 0.6 0.191667 0 0.133963 0.0390625 0.0365241 0.0325526 1 0
0.974533 0.7 0.191667 0 0.133963 0.0390625 0.0365241 0.0325526 1 0
0.974533 0.8 0.191667 0 0.133963 0.0390625 0.0365241 0.0325526 1 0
0.974533 0.6 0.191667 0 0.133963 0.0390625 0.0365241 0.0325526 1 0
0.974533 0.5 0.191667 0 0.133963 0.0390625 0.0365241 0.0325526 1 0
0.974533 0.6 0.191667 0 0.133963 0.0390625 0.0365241 0.0325526 1 0
0.974533 0.6 0.191667 0 0.133963 0.0390625 0.0365241 0.0325526 1 0
0.974533 0.4 0.191667 0 0.133963 0.0390625 0.0365241 0.0325526 1 0
0.974533 0.4 0.191667 0 0.133963 0.0390625 0.0365241 0.0325526 1 0
0.974533 0 0.191667 0 0.133963 0.0390625 0.0365241 0.0325526 1 0
0.974533 0 0.191667 0 0.133963 0.0390625 0.0365241 0.0325526 1 0
0.974533 0 0.191667 0 0.133963 0.0390625 0.0365241 0.0325526 1 0
0.974533 0 0.191667 0 0.133963 0.0390625 0.0365241 0.0325526 1 0
0.974533 0.1 0.191667 0 0.133963 0.0390625 0.0365241 0.0325526 1 0
0.974533 0.2 0.191667 0 0.133963 0.0390625 0.0365241 0.0325526 1 0
0.974533 0 0.191667 0 0.133963 0.0390625 0.0365241 0.0325526 1 0
0.974533 0 0.191667 0 0.133963 0.0390625 0.0365241 0.0325526 1 0
0.974533 0 0.191667 0 0.133963 0.0390625 0.0365241 0.0325526 1 0
0.974533 0 0.191667 0 0.133963 0.0390625 0.0365241 0.0325526 1 0
0.974533 0.1 0.191667 0 0.133963 0.0390625 0.0365241 0.0325526 1 0
0.974533 0.2 0.191667 0 0.133963 0.0390625 0.0365241 0.0325526 1 0
0.974533 0.3 0.191667 0 0.133963 0.0390625 0.0365241 0.0325526 1 0
0.974533 0.4 0.191667 0 0.133963 0.0390625 0.0365241 0.0325526 1 0
0.974533 0.5 0.191667 0 0.133963 0.0390625 0.0365241 0.0325526 1 0
0.974533 0.6 0.191667 0 0.133963 0.0390625 0.0365241 0.0325526 1 0
0.974533 0.7 0.191667 0 0.133963 0.0390625 0.0365241 0.0325526 1 0
0.974533 0.8 0.191667 0 0.133963 0.0390625 0.0365241 0.0325526 1 0
0.974533 0.7 0.191667 0 0.133963 0.0390625 0.0365241 0.0325526 1 0
0.974533 0.5 0.191667 0 0.133963 0.0390625 0.0365241 0.0325526 1 0
0.974533 0.5 0.191667 0 0.133963 0.0390625 0.0365241 0.0325526 1 0
0.974533 0 0.191667 0 0.133963 0.0390625 0.0365241 0.0325526 1 0
0.867776 0.1 0.174167 0 0.133963 0.0390625 0.0365241 0.0325526 1 0
0.867776 0.2 0.168917 0 0.133963 0.0390625 0.0365241 0.0325526 1 0
0.867776 0.3 0.167342 0 0.133963 0.0390625 0.0365241 0.0325526 1 0
0.867776 0.2 0.166869 0 0.133963 0.0390625 0.0365241 0.0325526 1 0
0.867776 0.2 0.166727 0 0.133963 0.0390625 0.0365241 0.0325526 1 0
0.867776 0.2 0.166685 0 0.133963 0.0390625 0.0365241 0.0325526 1 0
0.867776 0.2 0.166672 0 0.133963 0.0390625 0.0365241 0.0325526 1 0
0.816532 0.3 0.166668 0 0.133963 0.0390625 0.0365241 0.0325526 1 0
0.816532 0.4 0.166667 0 0.133963 0.0390625 0.0365241 0.0325526 1 0
0.816532 0.3 0.166667 0 0.133963 0.0390625 0.0365241 0.0325526 1 0
0.816532 0.2 0.166667 0 0.133963 0.0390625 0.0365241 0.0325526 1 0
0.816532 0.2 0.166667 0 0.133963 0.0390625 0.0365241 0.0325526 1 0
0.816532 0.2 0.166667 0 0.133963 0.0390625 0.0365241 0.0325526 1 0
0.816532 0.2 0.166667 0 0.133963 0.0390625 0.0365241 0.0325526 1 0
0.816532 0.2 0.166667 0 0.133963 0.0390625 0.0365241 0.0325526 1 0
0.816532 0.3 0.166667 0 0.133963 0.0390625 0.0365241 0.0325526 1 0
0.816532 0.4 0.166667 0 0.133963 0.0390625 0.0365241 0.0325526 1 0
0.816532 0.3 0.166667 0 0.133963 0.0390625 0.0365241 0.0325526 1 0
0.791936 0.4 0.166667 0 0.133963 0.0390625 0.0365241 0.0325526 1 0
0.925097 0.5 0.166667 0 0.133963 0.0390625 0.0365241 0.0325526 1 0
0.844046 0.6 0.166667 0 0.133963 0.0390625 0.0365241 0.0325526 1 0
0.844046 0.7 0.166667 0 0.133963 0.0390625 0.0365241 0.0325526 1 0
0.844046 0.6 0.166667 0 0.133963 0.0390625 0.0365241 0.0325526 1 0
0.844046 0.7 0.166667 0 0.133963 0.0390625 0.0365241 0.0325526 1 0
0.844046 0.8 0.166667 0 0.133963 0.0390625 0.0365241 0.0325526 1 0
0.844046 0.6 0.166667 0 0.133963 0.0390625 0.0365241 0.0325526 1 0
0.844046 0.7 0.166667 0 0.133963 0.0390625 0.0365241 0.0325526 1 0
0.844046 0.3 0.166667 0 0.133963 0.0390625 0.0365241 0.0325526 1 0
0.844046 0.2 0.166667 0 0.133963 0.0390625 0.0365241 0.0325526 1 0
0.943857 0.2 0.166667 0 0.133963 0.0390625 0.0365241 0.0325526 1 0
0.943857 0.2 0.166667 0 0.133963 0.0390625 0.0365241 0.0325526 1 0
0.943857 0.1 0.166667 0 0.133963 0.0390625 0.0365241 0.0325526 1 0
0.943857 0.1 0.166667 0 0.133963 0.0390625 0.0365241 0.0325526 1 0
0.943857 0.1 0.166667 0 0.133963 0.0390625 0.0365241 0.0325526 1 0
0.943857 0.2 0.166667 0 0.133963 0.0390625 0.0365241 0.0325526 1 0
0.943857 0.3 0.166667 0 0.133963 0.0390625 0.0365241 0.0325526 1 0
0.943857 0.4 0.166667 0 0.133963 0.0390625 0.0365241 0.0325526 1 0
0.943857 0.5 0.166667 0 0.133963 0.0390625 0.0365241 0.0325526 1 0
0.943857 0.6 0.166667 0 0.133963 0.0390625 0.0365241 0.0325526 1 0
0.943857 0.6 0.166667 0 0.133963 0.0390625 0.0365241 0.0325526 1 0
0.943857 0.7 0.166667 0 0.133963 0.0390625 0.0365241 0.0325526 1 0
0.943857 0.8 0.166667 0 0.133963 0.0390625 0.0365241 0.0325526 1 0
0.943857 0.7 0.166667 0 0.133963 0.0390625 0.0365241 0.0325526 1 0
0.943857 0.7 0.166667 0 0.133963 0.0390625 0.0365241 0.0325526 1 0
0.943857 0.4 0.166667 0 0.133963 0.0390625 0.0365241 0.0325526 1 0
0.943857 0.5 0.166667 0 0.133963 0.0390625 0.0365241 0.0325526 1 0
0.943857 0.4 0.166667 0 0.133963 0.0390625 0.0365241 0.0325526 1 0
0.943857 0.2 0.166667 0 0.133963 0.0390625 0.0365241 0.0325526 1 0
0.943857 0 0.166667 0 0.133963 0.0390625 0.0365241 0.0325526 1 0
0.943857 0.1 0.166667 0 0.133963 0.0390625 0.0365241 0.0325526 1 0
0.943857 0.2 0.166667 0 0.133963 0.0390625 0.0365241 0.0325526 1 0
0.943857 0 0.166667 0 0.133963 0.0390625 0.0365241 0.0325526 1 0
0.943857 0 0.166667 0 0.133963 0.0390625 0.0365241 0.0325526 1 0
0.943857 0 0.166667 0 0.133963 0.0390625 0.0365241 0.0325526 1 0
0.943857 0 0.166667 0 0.133963 0.0390625 0.0365241 0.0325526 1 0
0.943857 0 0.166667 0 0.133963 0.0390625 0.0365241 0.0325526 1 0
0.943857 0 0.166667 0 0.133963 0.0390625 0.0365241 0.0325526 1 0
0.943857 0 0.166667 0 0.133963 0.0390625 0.0365241 0.0325526 1 0
0.943857 0 0.166667 0 0.133963 0.0390625 0.0365241 0.0325526 1 0
0.943857 0 0.166667 0 0.133963 0.0390625 0.0365241 0.0325526 1 0
0.943857 0.1 0.166667 0 0.133963 0.0390625 0.0365241 0.0325526 1 0
0.943857 0.2 0.166667 0 0.133963 0.0390625 0.0365241 0.0325526 1 0
0.979788 0.3 0.166667 0 0.133963 0.0390625 0.0365241 0.0325526 1 0
0.979788 0.4 0.166667 0 0.133963 0.0390625 0.0365241 0.0325526 1 0
0.979788 0.5 0.166667 0 0.133963 0.0390625 0.0365241 0.0325526 1 0
0.979788 0.6 0.166667 0 0.133963 0.0390625 0.0365241 0.0325526 1 0
0.992724 0.7 0.166667 0 0.133963 0.0390625 0.0365241 0.0325526 1 0
0.997381 0.8 0.166667 0 0.133963 0.0390625 0.0365241 0.0325526 1 0
0.997381 0.9 0.166667 0 0.133963 0.0390625 0.0365241 0.0325526 1 0
0.997381 0.6 0.166667 0 0.133963 0.0390625 0.0365241 0.0325526 1 0
0.999057 0.7 0.166667 0 0.133963 0.0390625 0.0365241 0.0325526 1 0
0.99966 0.8 0.166667 0 0.133963 0.0390625 0.0365241 0.0325526 1 0
0.99966 0.3 0.166667 0 0.133963 0.0390625 0.0365241 0.0325526 1 0
0.99966 0.3 0.166667 0 0.133963 0.0390625 0.0365241 0.0325526 1 0
0.99966 0.2 0.166667 0 0.133963 0.0390625 0.0365241 0.0325526 1 0
0.99966 0.3 0.166667 0 0.133963 0.0390625 0.0365241 0.0325526 1 0
0.99966 0.1 0.166667 0 0.133963 0.0390625 0.0365241 0.0325526 1 0
0.99966 0 0.166667 0 0.133963 0.0390625 0.0365241 0.0325526 1 0
0.99966 0 0.166667 0 0.133963 0.0390625 0.0365241 0.0325526 1 0
0.99966 0 0.166667 0 0.133963 0.0390625 0.0365241 0.0325526 1 0
0.99966 0 0.166667 0 0.133963 0.0390625 0.0365241 0.0325526 1 0
0.99966 0 0.166667 0 0.133963 0.0390625 0.0365241 0.0325526 1 0
0.99966 0 0.166667 0 0.133963 0.0390625 0.0365241 0.0325526 1 0
0.99966 0 0.166667 0 0.133963 0.0390625 0.0365241 0.0325526 1 0
0.99966 0 0.166667 0 0.133963 0.0390625 0.0365241 0.0325526 1 0
0.99966 0 0.166667 0 0.133963 0.0390625 0.0365241 0.0325526 1 0
0.99966 0 0.166667 0 0.133963 0.0390625 0.0365241 0.0325526 1 0
0.99966 0 0.166667 0 0.133963 0.0390625 0.0365241 0.0325526 1 0
0.99966 0 0.166667 0 0.133963 0.0390625 0.0365241 0.0325526 1 0
0.99966 0 0.166667 0 0.133963 0.0390625 0.0365241 0.0325526 1 0
0.99966 0 0.166667 0 0.133963 0.0390625 0.0365241 0.0325526 1 0
0.99966 0 0.166667 0 0.133963 0.0390625 0.0365241 0.0325526 1 0
0.99966 0 0.166667 0 0.133963 0.0390625 0.0365241 0.0325526 1 0
0.99966 0 0.166667 0 0.133963 0.0390625 0.0365241 0.0325526 1 0
0.99966 0.1 0.166667 0 0.133963 0.0390625 0.0365241 0.0325526 1 0
0.99966 0.2 0.166667 0 0.133963 0.0390625 0.0365241 0.0325526 1 0
0.99966 0 0.166667 0 0.133963 0.0390625 0.0365241 0.0325526 1 0
0.99966 0.1 0.166667 0 0.133963 0.0390625 0.0365241 0.0325526 1 0
0.99966 0.2 0.166667 0 0.133963 0.0390625 0.0365241 0.0325526 1 0
0.99966 0 0.166667 0 0.133963 0.0390625 0.0365241 0.0325526 1 0
0.99966 0 0.166667 0 0.133963 0.0390625 0.0365241 0.0325526 1 0
0.99966 0 0.166667 0 0.133963 0.0390625 0.0365241 0.0325526 1 0
0.99966 0 0.166667 0 0.133963 0.0390625 0.0365241 0.0325526 1 0
0.99966 0.1 0.166667 0 0.133963 0.0390625 0.0365241 0.0325526 1 0
0.99966 0.2 0.166667 0 0.133963 0.0390625 0.0365241 0.0325526 1 0
0.99966 0.3 0.166667 0 0.133963 0.0390625 0.0365241 0.0325526 1 0
0.99966 0.4 0.166667 0 0.133963 0.0390625 0.0365241 0.0325526 1 0
0.99966 0.5 0.166667 0 0.133963 0.0390625 0.0365241 0.0325526 1 0
0.99966 0.4 0.166667 0 0.133963 0.0390625 0.0365241 0.0325526 1 0
0.99966 0.5 0.166667 0 0.133963 0.0390625 0.0365241 0.0325526 1 0
0.99966 0.6 0.166667 0 0.133963 0.0390625 0.0365241 0.0325526 1 0
0.99966 0.4 0.166667 0 0.133963 0.0390625 0.0365241 0.0325526 1 0
0.99966 0.4 0.166667 0 0.133963 0.0390625 0.0365241 0.0325526 1 0
0.99966 0 0.166667 0 0.133963 0.0390625 0.0365241 0.0325526 1 0
0.99966 0 0.166667 0 0.133963 0.0390625 0.0365241 0.0325526 1 0
0.99966 0 0.166667 0 0.133963 0.0390625 0.0365241 0.0325526 1 0
0.99966 0 0.166667 0 0.133963 0.0390625 0.0365241 0.0325526 1 0
0.99966 0.1 0.166667 0 0.133963 0.0390625 0.0365241 0.0325526 1 0
0.99966 0.2 0.166667 0 0.133963 0.0390625 0.0365241 0.0325526 1 0
0.99966 0.3 0.166667 0 0.133963 0.0390625 0.0365241 0.0325526 1 0
0.99966 0.2 0.166667 0 0.133963 0.0390625 0.0365241 0.0325526 1 0
0.99966 0.2 0.166667 0 0.133963 0.0390625 0.0365241 0.0325526 1 0
0.99966 0.2 0.166667 0 0.133963 0.0390625 0.0365241 0.0325526 1 0
0.99966 0.2 0.166667 0 0.133963 0.0390625 0.0365241 0.0325526 1 0
0.99966 0.2 0.166667 0 0.133963 0.0390625 0.0365241 0.0325526 1 0
0.99966 0.3 0.166667 0 0.133963 0.0390625 0.0365241 0.0325526 1 0
0.99966 0.2 0.166667 0 0.133963 0.0390625 0.0365241 0.0325526 1 0
0.99966 0.3 0.166667 0 0.133963 0.0390625 0.0365241 0.0325526 1 0
0.99966 0.2 0.166667 0 0.133963 0.0390625 0.0365241 0.0325526 1 0
0.99966 0.2 0.166667 0 0.133963 0.0390625 0.0365241 0.0325526 1 0
0.99966 0.2 0.166667 0 0.133963 0.0390625 0.0365241 0.0325526 1 0
0.99966 0.2 0.166667 0 0.133963 0.0390625 0.0365241 0.0325526 1 0
0.99966 0.2 0.166667 0 0.133963 0.0390625 0.0365241 0.0325526 1 0
0.99966 0.2 0.166667 0 0.133963 0.0390625 0.0365241 0.0325526 1 0
0.99966 0 0.166667 0 0.133963 0.0390625 0.0365241 0.0325526 1 0
0.99966 0.1 0.166667 0 0.133963 0.0390625 0.0365241 0.0325526 1 0
0.99966 0.2 0.166667 0 0.133963 0.0390625 0.0365241 0.0325526 1 0
0.99966 0.3 0.166667 0 0.133963 0.0390625 0.0365241 0.0325526 1 0
0.99966 0.2 0.166667 0 0.133963 0.0390625 0.0365241 0.0325526 1 0
0.99966 0.2 0.166667 0 0.133963 0.0390625 0.0365241 0.0325526 1 0
0.999878 0.3 0.166667 0 0.133963 0.0390625 0.0365241 0.0325526 1 0
0.999878 0.4 0.166667 0 0.133963 0.0390625 0.0365241 0.0325526 1 0
0.999878 0.3 0.166667 0 0.133963 0.0390625 0.0365241 0.0325526 1 0
0.999878 0.3 0.166667 0 0.133963 0.0390625 0.0365241 0.0325526 1 0
0.999878 0.1 0.166667 0 0.133963 0.0390625 0.0365241 0.0325526 1 0
0.999878 0.2 0.166667 0 0.133963 0.0390625 0.0365241 0.0325526 1 0
0.999878 0.3 0.166667 0 0.133963 0.0390625 0.0365241 0.0325526 1 0
0.999878 0.1 0.166667 0 0.133963 0.0390625 0.0365241 0.0325526 1 0
0.999956 0.2 0.166667 0 0.133963 0.0390625 0.0365241 0.0325526 1 0
0.999956 0.3 0.166667 0 0.133963 0.0390625 0.0365241 0.0325526 1 0
0.999956 0.3 0.166667 0 0.133963 0.0390625 0.0365241 0.0325526 1 0
0.999984 0.4 0.142647 0 0.133963 0.0390625 0.0365241 0.0325526 1 0
0.999984 0.5 0.135441 0 0.133963 0.0390625 0.0365241 0.0325526 1 0
0.999984 0.6 0.133279 0 0.133963 0.0390625 0.0365241 0.0325526 0 0
0.999994 0.7 0.0245287 0 0.133963 0.0390625 0.0365241 0.0325526 0 0
0.999997 0.8 0.252359 0 0.133963 0.0390625 0.0365241 0.0325526 0 0
0.999997 0.9 0.320708 0 0.133963 0.0390625 0.0365241 0.0325526 0 0
0.927999 0.8 0.341212 0 0.133963 0.0390625 0.0365241 0.0325526 0 0
0.927999 0.9 0.347364 0 0.133963 0.0390625 0.0365241 0.0325526 0 0
0.927999 0.8 0.349209 0 0.133963 0.0390625 0.0365241 0.0325526 0 0
0.927999 0.7 0.349763 0 0.133963 0.0390625 0.0365241 0.0325526 0 0
0.97408 0.5 0.349929 0 0.133963 0.0390625 0.0365241 0.0325526 0 0
0.97408 0.6 0.349979 0 0.133963 0.0390625 0.0365241 0.0325526 0 0
0.990669 0.7 0.349994 0 0.133963 0.0390625 0.0365241 0.0325526 0 0
0.990669 0.7 0.349998 0 0.133963 0.0390625 0.0365241 0.0325526 0 0
0.996641 0.6 0.349999 0 0.133963 0.0390625 0.0365241 0.0325526 0 0
0.996641 0.7 0.35 0 0.133963 0.0390625 0.0365241 0.0325526 0 0
0.998791 0.7 0.35 0 0.133963 0.0390625 0.0365241 0.0325526 0 0
0.799033 0.8 0.195234 0 0.133963 0.0390625 0.0365241 0.0325526 0 0
0.799033 0.9 0.148805 0 0.133963 0.0390625 0.0365241 0.0325526 0 0
0.870121 1 0.134876 0 0.133963 0.0390625 0.0365241 0.0325526 0 0
0.870121 1 0.130697 0 0.133963 0.0390625 0.0365241 0.0325526 0 0
0.953244 1 0.129444 0 0.133963 0.0390625 0.0365241 0.0325526 0 0
0.953244 1 0.129067 0 0.133963 0.0390625 0.0365241 0.0325526 0 0
0.953244 1 0.128955 0 0.133963 0.0390625 0.0365241 0.0325526 0 0
0.953244 1 0.128921 0 0.133963 0.0390625 0.0365241 0.0325526 0 0
0.953244 0.8 0.128911 0 0.133963 0.0390625 0.0365241 0.0325526 0 0
0.953244 0.7 0.128908 0 0.133963 0.0390625 0.0365241 0.0325526 0 0
0.857557 0.6 0.128907 0 0.133963 0.0390625 0.0365241 0.0325526 1 0
0.811627 0.7 0.128906 0 0.133963 0.0390625 0.0365241 0.0325526 1 0
0.932186 0.7 0.0745454 0 0.133963 0.0390625 0.0365241 0.0325526 1 0
0.932186 0.4 0.0582371 0 0.133963 0.0390625 0.0365241 0.0325526 1 0
0.959311 0.5 0.000535637 0 0.133963 0.0390625 0.0365241 0.0325526 1 0
0.959311 0.6 -0.0167748 0 0.133963 0.0390625 0.0365241 0.0325526 1 0
0.768376 0.7 -0.0400324 0 0.133963 0.0390625 0.0365241 0.0325526 1 0
0.916615 0.8 -0.0470097 0 0.133963 0.0390625 0.0365241 0.0325526 1 0
0.916615 0.9 -0.0491029 0 0.133963 0.0390625 0.0365241 0.0325526 1 0
0.733292 1 -0.0297309 0 0.133963 0.0390625 0.0365241 0.0325526 1 0
0.733292 0.9 -0.0239193 0 0.133963 0.0390625 0.0365241 0.0325526 1 0
0.469307 0.8 -0.0488424 0 0.133963 0.0390625 0.0365241 0.0325526 1 0
0.625267 0.9 0.0973473 0 0.133963 0.0390625 0.0365241 0.0325526 1 0
0.625267 1 0.141204 0 0.133963 0.0390625 0.0365241 0.0325526 1 0
0.400171 1 0.0373613 0 0.133963 0.0390625 0.0365241 0.0325526 1 0
0.755249 1 0.00620838 0 0.133963 0.0390625 0.0365241 0.0325526 1 0
0.755249 1 -0.00313749 0 0.133963 0.0390625 0.0365241 0.0325526 1 0
0.755249 0.7 -0.00594125 0 0.133963 0.0390625 0.0365241 0.0325526 1 0
0.604199 0.6 0.00368638 0 0.133963 0.0390625 0.0365241 0.0325526 1 0
0.386688 0.7 0.0488332 0 0.133963 0.0390625 0.0365241 0.0325526 1 0
0.386688 0.6 0.0623772 0 0.133963 0.0390625 0.0365241 0.0325526 1 0
0.548488 0.7 0.0664404 0 0.133963 0.0390625 0.0365241 0.0325526 1 0
0.43879 0.8 0.0212579 0 0.133963 0.0390625 0.0365241 0.0325526 1 0
0.610619 0.6 0.0209607 0 0.133963 0.0390625 0.0365241 0.0325526 1 0
0.610619 0.5 0.0208715 0 0.133963 0.0390625 0.0365241 0.0325526 1 0
0.815858 0.6 0.0208448 0 0.133963 0.0390625 0.0365241 0.0325526 1 0
0.815858 0.7 0.0208368 0 0.133963 0.0390625 0.0365241 0.0325526 1 0
0.815858 0.6 0.0208343 0 0.133963 0.0390625 0.0365241 0.0325526 1 0
0.815858 0.2 0.0208336 0 0.133963 0.0390625 0.0365241 0.0325526 1 0
0.815858 0.2 0.0208334 0 0.133963 0.0390625 0.0365241 0.0325526 1 0
0.815858 0.2 0.0208333 0 0.133963 0.0390625 0.0365241 0.0325526 1 0
0.815858 0.2 0.0208333 0 0.133963 0.0390625 0.0365241 0.0325526 1 0
0.815858 0.2 0.0208333 0 0.133963 0.0390625 0.0365241 0.0325526 1 0
0.815858 0 0.0208333 0 0.133963 0.0390625 0.0365241 0.0325526 1 0
0.815858 0 0.0208333 0 0.133963 0.0390625 0.0365241 0.0325526 1 0
0.815858 0 0.0208333 0 0.133963 0.0390625 0.0365241 0.0325526 0 0
0.815858 0 0.0208333 0 0.133963 0.0390625 0.0365241 0.0325526 0 0
0.791612 0.1 0.0208333 0 0.133963 0.0390625 0.0365241 0.0325526 0 0
0.791612 0.2 0.0208333 0 0.133963 0.0390625 0.0365241 0.0325526 0 0
0.874967 0.3 0.0263257 0 0.133963 0.0390625 0.0365241 0.0325526 0 0
0.874967 0.4 0.0279735 0 0.133963 0.0390625 0.0365241 0.0325526 0 0
0.874967 0.3 0.0284678 0 0.133963 0.0390625 0.0365241 0.0325526 0 0
0.874967 0.3 0.0286161 0 0.133963 0.0390625 0.0365241 0.0325526 0 0
0.874967 0.3 0.0286606 0 0.133963 0.0390625 0.0365241 0.0325526 0 0
0.874967 0.3 0.0286739 0 0.133963 0.0390625 0.0365241 0.0325526 0 0
0.874967 0.3 0.0286779 0 0.133963 0.0390625 0.0365241 0.0325526 0 0
0.874967 0.1 0.0286791 0 0.133963 0.0390625 0.0365241 0.0325526 0 0
0.891991 0.2 0.0286795 0 0.133963 0.0390625 0.0365241 0.0325526 0 0
0.891991 0.3 0.0286796 0 0.133963 0.0390625 0.0365241 0.0325526 0 0
0.828155 0.3 0.116692 0 0.133963 0.0390625 0.0365241 0.0325526 0 0
0.938136 0.4 0.0785682 0 0.133963 0.0390625 0.0365241 0.0325526 0 0
0.850305 0.5 0.0671311 0 0.133963 0.0390625 0.0365241 0.0325526 0 0
0.850305 0.6 0.0636999 0 0.133963 0.0390625 0.0365241 0.0325526 0 0
0.94611 0.7 0.0300475 0 0.133963 0.0390625 0.0365241 0.0325526 0 0
0.94611 0.8 0.0199517 0 0.133963 0.0390625 0.0365241 0.0325526 0 0
0.94611 0.7 0.016923 0 0.133963 0.0390625 0.0365241 0.0325526 0 0
0.94611 0.5 0.0160144 0 0.133963 0.0390625 0.0365241 0.0325526 0 0
0.94611 0.5 0.0157418 0 0.133963 0.0390625 0.0365241 0.0325526 0 0
0.9806 0.6 0.01566 0 0.133963 0.0390625 0.0365241 0.0325526 0 0
0.993016 0.6 0.153963 0 0.133963 0.0390625 0.0365241 0.0325526 0 0
0.997486 0.5 0.096273 0 0.133963 0.0390625 0.0365241 0.0325526 0 0
0.997486 0.4 0.0789661 0 0.133963 0.0390625 0.0365241 0.0325526 0 0
0.878793 0.3 0.100252 0 0.133963 0.0390625 0.0365241 0.0325526 0 0
0.878793 0.3 0.106638 0 0.133963 0.0390625 0.0365241 0.0325526 0 0
0.956366 0.4 0.108554 0 0.133963 0.0390625 0.0365241 0.0325526 0 0
0.765092 0.5 0.0484753 0 0.133963 0.0390625 0.0365241 0.0325526 0 0
0.765092 0.6 0.0304517 0 0.133963 0.0390625 0.0365241 0.0325526 0 0
0.693796 0.7 0.0250446 0 0.133963 0.0390625 0.0365241 0.0325526 0 0
0.889766 0.7 0.0234225 0 0.133963 0.0390625 0.0365241 0.0325526 0 0
0.889766 0.7 0.0229358 0 0.133963 0.0390625 0.0365241 0.0325526 0 0
0.889766 0.5 0.0227898 0 0.133963 0.0390625 0.0365241 0.0325526 0 0
0.889766 0.5 0.022746 0 0.133963 0.0390625 0.0365241 0.0325526 0 0
0.889766 0.5 0.0227329 0 0.133963 0.0390625 0.0365241 0.0325526 0 0
0.889766 0.5 0.022729 0 0.133963 0.0390625 0.0365241 0.0325526 0 0
0.889766 0.4 0.0227278 0 0.133963 0.0390625 0.0365241 0.0325526 0 0
0.960316 0 0.0560371 0 0.133963 0.0390625 0.0365241 0.0325526 0 0
0.860952 0.1 0.10978 0 0.133963 0.0390625 0.0365241 0.0325526 0 0
0.813257 0.2 0.125903 0 0.133963 0.0390625 0.0365241 0.0325526 0 0
0.790363 0.3 0.0487083 0 0.133963 0.0390625 0.0365241 0.0325526 0 0
0.779374 0.4 0.104764 0 0.133963 0.0390625 0.0365241 0.0325526 0 0
0.779374 0.5 0.121581 0 0.133963 0.0390625 0.0365241 0.0325526 0 0
0.920575 0.6 0.126626 0 0.133963 0.0390625 0.0365241 0.0325526 0 0
0.841876 0.7 0.0340988 0 0.133963 0.0390625 0.0365241 0.0325526 0 0
0.905126 0.8 -0.10977 0 0.133963 0.0390625 0.0365241 0.0325526 0 0
0.747568 0.9 -0.152931 0 0.133963 0.0390625 0.0365241 0.0325526 0 0
0.747568 0.8 -0.165879 0 0.133963 0.0390625 0.0365241 0.0325526 0 0
0.747568 0.5 -0.169764 0 0.133963 0.0390625 0.0365241 0.0325526 0 0
0.747568 0.5 -0.170929 0 0.133963 0.0390625 0.0365241 0.0325526 0 0
0.747568 0.5 -0.171279 0 0.133963 0.0390625 0.0365241 0.0325526 0 0
0.747568 0.3 -0.171384 0 0.133963 0.0390625 0.0365241 0.0325526 0 0
0.909125 0.4 -0.0554849 0 0.133963 0.0390625 0.0365241 0.0325526 0 0
0.7273 0.4 -0.0163693 0 0.250166 0.0379167 0.045886 0.0433754 0 0
0.679283 0.4 -0.00463463 0 0.357347 0.037 0.0533754 0.049367 0 0
0.543426 0.4 -0.0254529 0 0.432936 0.0696 0.0627004 0.0968269 0 0
0.347793 0.5 0.00569839 0 0.518047 0.09568 0.0701603 0.102795 0 0
0.566941 0.6 0.00553763 0 0.583158 0.116544 0.0761282 0.107569 1 0
0.566941 0.7 0.0054894 0 0.583158 0.116544 0.0761282 0.107569 1 0
0.803279 0.8 0.00547493 0 0.583158 0.116544 0.0761282 0.107569 1 0
0.803279 0.9 0.00547059 0 0.583158 0.116544 0.0761282 0.107569 1 0
0.92918 1 0.00546928 0 0.583158 0.116544 0.0761282 0.107569 1 0
0.92918 1 0.00546889 0 0.583158 0.116544 0.0761282 0.107569 1 0
0.957508 0.9 0.0558342 0 0.583158 0.116544 0.0761282 0.107569 1 0
0.957508 1 0.0709438 0 0.583158 0.116544 0.0761282 0.107569 1 0
0.612805 1 0.0244312 0 0.626526 0.133235 0.0809026 0.111389 1 0
0.392195 0.8 0.00985341 0 0.679862 0.146588 0.0847221 0.114444 1 0
0.251005 0.9 0.0171452 0 0.690725 0.153937 0.081111 0.111555 1 0
0.160643 0.8 0.0162547 0 0.693532 0.16315 0.0848888 0.114578 1 0
0.461687 0.9 0.0159875 0 0.693532 0.16315 0.0848888 0.114578 1 0
0.36935 1 -0.0364063 0 0.687489 0.17052 0.087911 0.116995 1 0
0.236384 1 -0.0359219 0 0.677355 0.176416 0.0903288 0.11893 1 0
0.151286 1 -0.0373588 0 0.638566 0.147799 0.0889297 0.0778105 1 0
0.0968228 0.9 -0.0275657 0 0.620657 0.128239 0.0911438 0.0795817 1 0
0.0619666 0.6 -0.0326368 0 0.601891 0.109258 0.0895817 0.078332 1 0
0.0396586 0.6 0.0998015 0 0.567692 0.0974066 0.0916653 0.0799989 1 0
0.415229 0.7 0.139533 0 0.534462 0.117925 0.0966656 0.123999 1 0
0.59931 0.7 0.0246504 0 0.534462 0.117925 0.0966656 0.123999 1 0
0.59931 0.7 -0.00981433 0 0.534462 0.117925 0.0966656 0.123999 1 0
0.59931 0.7 -0.0201538 0 0.534462 0.117925 0.0966656 0.123999 1 0
0.687669 0.7 -0.0232556 0 0.534462 0.117925 0.0966656 0.123999 1 0
0.687669 0.5 -0.0241861 0 0.534462 0.117925 0.0966656 0.123999 1 0
0.687669 0.4 -0.0244653 0 0.534462 0.117925 0.0966656 0.123999 1 0
0.730081 0.4 -0.024549 0 0.534462 0.117925 0.0966656 0.123999 1 0
0.750439 0.4 -0.0245742 0 0.534462 0.117925 0.0966656 0.123999 1 0
0.750439 0.5 -0.0245817 0 0.534462 0.117925 0.0966656 0.123999 1 0
0.750439 0.2 -0.024584 0 0.534462 0.117925 0.0966656 0.123999 1 0
0.750439 0.3 -0.0245846 0 0.534462 0.117925 0.0966656 0.123999 1 0
0.750439 0.2 -0.0245848 0 0.534462 0.117925 0.0966656 0.123999 1 0
0.750439 0.2 -0.0245849 0 0.534462 0.117925 0.0966656 0.123999 1 0
0.910158 0.3 -0.0245849 0 0.534462 0.117925 0.0966656 0.123999 1 0
0.946095 0.4 0.00956001 0 0.534462 0.117925 0.0966656 0.123999 1 0
0.7633 0.5 0.015368 0 0.534462 0.117925 0.0966656 0.123999 1 0
0.7633 0.6 0.0171104 0 0.534462 0.117925 0.0966656 0.123999 1 0
0.766384 0.5 0.00626949 0 0.534462 0.117925 0.0966656 0.123999 1 0
0.766384 0.6 0.00301722 0 0.534462 0.117925 0.0966656 0.123999 1 0
0.766384 0.7 0.00204153 0 0.534462 0.117925 0.0966656 0.123999 1 0
0.766384 0.8 0.00174883 0 0.534462 0.117925 0.0966656 0.123999 1 0
0.766384 0.9 0.00166102 0 0.534462 0.117925 0.0966656 0.123999 0 0
0.766384 0.8 0.00163467 0 0.534462 0.117925 0.0966656 0.123999 0 0
0.766384 0.7 0.00162677 0 0.534462 0.117925 0.0966656 0.123999 0 0
0.766384 0.7 0.0016244 0 0.534462 0.117925 0.0966656 0.123999 0 0
0.766384 0.7 0.00162369 0 0.534462 0.117925 0.0966656 0.123999 0 0
0.915898 0.7 0.00162348 0 0.534462 0.117925 0.0966656 0.123999 0 0
0.915898 0.6 0.00162341 0 0.534462 0.117925 0.0966656 0.123999 0 0
0.915898 0.5 0.00162339 0 0.534462 0.117925 0.0966656 0.123999 0 0
0.839631 0.6 0.00162339 0 0.534462 0.117925 0.0966656 0.123999 0 0
0.839631 0.7 0.00162339 0 0.534462 0.117925 0.0966656 0.123999 0 0
0.942267 0.8 0.00162339 0 0.534462 0.117925 0.0966656 0.123999 0 0
0.942267 0.9 0.00162338 0 0.534462 0.117925 0.0966656 0.123999 0 0
0.942267 1 0.00162338 0 0.534462 0.117925 0.0966656 0.123999 0 0
0.852288 1 0.00162338 0 0.534462 0.117925 0.0966656 0.123999 0 0
0.852288 1 0.00162338 0 0.534462 0.117925 0.0966656 0.123999 0 0
0.809098 0.8 -0.0201012 0 0.534462 0.117925 0.0966656 0.123999 0 0
0.809098 0.9 -0.0266186 0 0.534462 0.117925 0.0966656 0.123999 0 0
0.809098 1 -0.0285738 0 0.534462 0.117925 0.0966656 0.123999 0 0
0.809098 0.7 -0.0291604 0 0.534462 0.117925 0.0966656 0.123999 0 0
0.809098 0.7 -0.0293363 0 0.534462 0.117925 0.0966656 0.123999 0 0
0.809098 0.6 -0.0293891 0 0.534462 0.117925 0.0966656 0.123999 0 0
0.809098 0.5 -0.029405 0 0.534462 0.117925 0.0966656 0.123999 0 0
0.809098 0.5 -0.0294097 0 0.534462 0.117925 0.0966656 0.123999 0 0
0.809098 0.4 -0.0294112 0 0.534462 0.117925 0.0966656 0.123999 0 0
0.809098 0 -0.0294116 0 0.534462 0.117925 0.0966656 0.123999 0 0
0.809098 0 -0.0294117 0 0.534462 0.117925 0.0966656 0.123999 0 0
0.809098 0.1 -0.0294117 0 0.534462 0.117925 0.0966656 0.123999 0 0
0.809098 0.2 -0.0294118 0 0.534462 0.117925 0.0966656 0.123999 0 0
0.809098 0 -0.0294118 0 0.534462 0.117925 0.0966656 0.123999 0 0
0.809098 0 -0.0294118 0 0.534462 0.117925 0.0966656 0.123999 0 0
0.809098 0 -0.0294118 0 0.534462 0.117925 0.0966656 0.123999 0 0
0.809098 0 -0.0294118 0 0.534462 0.117925 0.0966656 0.123999 0 0
0.809098 0 -0.0294118 0 0.534462 0.117925 0.0966656 0.123999 0 0
0.809098 0.1 -0.0294118 0 0.534462 0.117925 0.0966656 0.123999 0 0
0.809098 0.2 -0.0294118 0 0.534462 0.117925 0.0966656 0.123999 0 0
0.809098 0 -0.0294118 0 0.534462 0.117925 0.0966656 0.123999 0 0
0.809098 0 -0.0294118 0 0.534462 0.117925 0.0966656 0.123999 0 0
0.809098 0 -0.0294118 0 0.534462 0.117925 0.0966656 0.123999 0 0
0.809098 0.1 -0.0294118 0 0.534462 0.117925 0.0966656 0.123999 0 0
0.809098 0.2 -0.0294118 0 0.534462 0.117925 0.0966656 0.123999 0 0
0.809098 0 -0.0294118 0 0.534462 0.117925 0.0966656 0.123999 0 0
0.788367 0.1 -0.0294118 0 0.534462 0.117925 0.0966656 0.123999 0 0
0.778416 0.2 -0.0294118 0 0.534462 0.117925 0.0966656 0.123999 0 0
0.77364 0 -0.0294118 0 0.534462 0.117925 0.0966656 0.123999 0 0
0.91851 0.1 -0.0294118 0 0.534462 0.117925 0.0966656 0.123999 0 0
0.91851 0.2 -0.0294118 0 0.534462 0.117925 0.0966656 0.123999 0 0
0.840885 0.3 -0.0294118 0 0.534462 0.117925 0.0966656 0.123999 0 0
0.803625 0.4 -0.0294118 0 0.534462 0.117925 0.0966656 0.123999 0 0
0.78574 0.3 -0.0294118 0 0.534462 0.117925 0.0966656 0.123999 0 0
0.777155 0.3 -0.0294118 0 0.534462 0.117925 0.0966656 0.123999 0 0
0.773034 0.3 -0.0294118 0 0.534462 0.117925 0.0966656 0.123999 0 0
0.771057 0.3 -0.0294118 0 0.534462 0.117925 0.0966656 0.123999 0 0
0.770107 0.3 -0.0391716 0 0.534462 0.117925 0.0966656 0.123999 0 0
0.769651 0.3 -0.00527685 0 0.534462 0.117925 0.0966656 0.123999 0 0
0.917075 0.1 0.00489159 0 0.479493 0.10434 0.0973325 0.0845327 0 0
0.840196 0.2 0.0189675 0 0.479493 0.10434 0.0973325 0.0845327 0 0
0.904117 0.3 0.0204062 0 0.41788 0.0934722 0.097866 0.0849595 0 0
0.900386 0.4 0.0249344 0 0.41788 0.0934722 0.097866 0.0849595 0 0
0.720309 0.5 -0.0362697 0 0.38975 0.0814444 0.0949595 0.0826342 0 0
0.745748 0.6 0.0113918 0 0.363413 0.0718222 0.0926342 0.0807741 0 0
0.686367 0.5 0.0256903 0 0.342405 0.0641244 0.0907741 0.0792859 0 0
0.729456 0.5 0.0299798 0 0.324628 0.0612995 0.0926192 0.0807621 0 0
0.750139 0.6 0.0312667 0 0.324628 0.0612995 0.0926192 0.0807621 0 0
0.760067 0.7 0.0316527 0 0.324628 0.0612995 0.0926192 0.0807621 0 0
0.764832 0.7 0.0317686 0 0.269498 0.0557063 0.0874287 0.0766097 0 0
0.611866 0.7 0.0409408 0 0.254969 0.0512317 0.0866097 0.0759544 0 0
0.391594 0.7 0.104194 0 0.212205 0.0509854 0.0892877 0.0780968 0 0
0.587965 0.7 0.0604249 0 0.245955 0.0507883 0.0914302 0.0798108 0 0
0.376298 0.5 -0.0145533 0 0.259075 0.0506306 0.0931441 0.081182 0 0
0.240831 0.6 0.0298732 0 0.224931 0.0471712 0.091182 0.0796122 0 0
0.154132 0.7 0.102295 0 0.236855 0.0444036 0.0896123 0.0783565 0 0
0.473983 0.3 0.0362113 0 0.27439 0.0421895 0.0883565 0.0773518 0 0
0.582009 0.4 0.016386 0 0.27439 0.0421895 0.0883565 0.0773518 0 0
0.679365 0.5 0.0104385 0 0.306043 0.0404183 0.0840185 0.0738815 0 0
0.807619 0.5 0.0995601 0 0.306043 0.0404183 0.0840185 0.0738815 0 0
0.787657 0.4 0.0747398 0 0.333097 0.0423346 0.0872148 0.0764385 0 0
0.5041 0.5 -0.0856273 0 0.336478 0.0405344 0.0831052 0.0731508 0 0
0.593575 0.6 -0.133737 0 0.347701 0.0390942 0.0798175 0.0705207 0 0
0.47486 0.5 -0.284764 0 0.358447 0.037942 0.0771873 0.0684165 0 0
0.30391 0.6 0.0594765 0 0.393315 0.0370203 0.0784165 0.0693999 0 0
0.194503 0.7 -0.0411932 0 0.324871 0.0362829 0.0760666 0.0675199 0 0
0.124482 0.8 -0.0346619 0 0.278737 0.035693 0.0741866 0.0660159 0 0
0.0796682 0.8 -0.0320035 0 0.253141 0.035221 0.0760159 0.0674794 0 0
0.0509877 0.8 0.112138 0 0.280913 0.0348435 0.0774794 0.0686502 0 0
0.0326321 0.4 0.000754359 0 0.396159 0.0345415 0.0786502 0.0695868 0 0
0.0326321 0.4 -0.0326608 0 0.396159 0.0345415 0.0786502 0.0695868 0 0
0.415663 0.4 0.0308822 0 0.382982 0.0342998 0.0795868 0.0703361 0 0
0.266025 0.4 -0.027712 0 0.36761 0.0674399 0.0836695 0.113602 0 0
0.170256 0.4 0.0328629 0 0.41849 0.0606186 0.0836022 0.0735485 0 0
0.481723 0.1 0.0450084 0 0.448536 0.0884949 0.0902151 0.118839 0 0
0.778736 0.2 0.0486521 0 0.448536 0.0884949 0.0902151 0.118839 0 0
0.622989 0.3 0.042974 0 0.450257 0.0774625 0.0888388 0.0777377 0 0
0.398713 0.3 0.0270814 0 0.44973 0.0686367 0.0877377 0.0768568 0 0
0.255176 0.4 0.0223136 0 0.44065 0.0582427 0.0768568 0.0648188 0 0
0.497988 0.5 0.0208833 0 0.358424 0.0532608 0.0714854 0.063855 0 0
0.639034 0.6 0.0204542 0 0.349575 0.0492753 0.0671884 0.0604174 0 0
0.511227 0.7 0.129009 0 0.318315 0.0460869 0.0704174 0.0630005 0 0
0.787233 0.8 0.161575 0 0.344604 0.0435362 0.0730006 0.0650671 0 0
0.923404 0.7 0.171345 0 0.372302 0.0414956 0.0750671 0.0667204 0 0
0.954042 0.8 0.0659868 0 0.395038 0.0398632 0.0767204 0.0680429 0 0
0.85794 0.8 0.044796 0 0.407896 0.0385572 0.078043 0.069101 0 0
0.811811 0.5 0.0328467 0 0.425838 0.0408458 0.0857677 0.0752808 0 0
0.789669 0.6 0.031729 0 0.373866 0.0693433 0.0852808 0.114891 0 0
0.779041 0.6 0.0274674 0 0.330759 0.0921413 0.0848913 0.11458 0 0
0.498586 0.5 -0.00339772 0 0.350461 0.0803797 0.0845797 0.0743304 0 0
0.591457 0.6 -0.0126573 0 0.330369 0.0709704 0.0843304 0.074131 0 0
0.473166 0.4 0.102115 0 0.296948 0.063443 0.084131 0.0739715 0 0
0.581696 0.4 0.136547 0 0.239239 0.0574211 0.0839715 0.0738439 0 0
0.465357 0.4 0.050964 0 0.193305 0.0526035 0.0838439 0.0737417 0 0
0.297828 0.3 -0.00805549 0 0.160556 0.0487495 0.0837418 0.0736601 0 0
0.297828 0.3 -0.0257614 0 0.160556 0.0487495 0.0837418 0.0736601 0 0
0.297828 0.1 -0.0310731 0 0.160556 0.0487495 0.0837418 0.0736601 0 0
0.297828 0.1 -0.0326666 0 0.160556 0.0487495 0.0837418 0.0736601 0 0
0.725775 0.2 -0.0331447 0 0.160556 0.0487495 0.0837418 0.0736601 0 0
0.725775 0.2 -0.0332881 0 0.160556 0.0487495 0.0837418 0.0736601 0 0
0.748372 0.3 -0.0333311 0 0.133342 0.0789996 0.0869934 0.116261 0 0
0.598697 0.4 0.00500066 0 0.165722 0.1032 0.0895947 0.118342 0 0
0.687375 0.3 0.0122641 0 0.195434 0.12256 0.0916758 0.120007 0 0
0.43992 0.4 0.117193 0 0.212572 0.138048 0.0933406 0.121339 0 0
0.281549 0.5 -0.0576133 0 0.224932 0.147105 0.0913392 0.119738 0 0
0.721086 0.6 -0.110055 0 0.224932 0.147105 0.0913392 0.119738 0 0
0.832652 0.7 -0.0472551 0 0.236531 0.157684 0.0964047 0.12379 0 0
0.532897 0.6 0.105355 0 0.194163 0.132814 0.0937904 0.081699 0 0
0.341054 0.3 0.134468 0 0.189338 0.112918 0.091699 0.0800259 0 0
0.530965 0.3 0.143203 0 0.20168 0.0970008 0.0900259 0.0786874 0 0
0.831147 0.3 0.145823 0 0.233189 0.0842673 0.0886874 0.0776166 0 0
0.939213 0.4 0.146609 0 0.248687 0.0740805 0.0876165 0.0767599 0 0
0.75137 0.5 0.189559 0 0.253417 0.0659311 0.0867599 0.0760746 0 0
0.688526 0.3 0.202445 0 0.255193 0.0594115 0.0860746 0.0755263 0 0
0.730493 0.3 0.20631 0 0.255193 0.0594115 0.0860746 0.0755263 0 0
0.750636 0.3 0.20747 0 0.255193 0.0594115 0.0860746 0.0755263 0 0
0.760306 0.1 0.207818 0 0.255193 0.0594115 0.0860746 0.0755263 0 0
0.764947 0.1 0.207922 0 0.255193 0.0594115 0.0860746 0.0755263 0 0
0.767174 0.1 0.207953 0 0.255193 0.0594115 0.0860746 0.0755263 0 0
0.768244 0.2 0.207963 0 0.254974 0.0541959 0.0855263 0.0750877 0 0
0.860946 0.3 0.116996 0 0.267829 0.0500234 0.0850877 0.0747369 0 0
0.551006 0.3 0.120654 0 0.274919 0.0466854 0.0847369 0.0744562 0 0
0.352644 0.4 0.162792 0 0.224873 0.044015 0.0844562 0.0742316 0 0
0.225692 0.5 0.113219 0 0.250867 0.0418786 0.0842316 0.0740519 0 0
0.144443 0.4 0.108434 0 0.215151 0.0401696 0.0840519 0.0739082 0 0
0.0924434 0.4 0.0798061 0 0.246016 0.0388023 0.0839082 0.0737932 0 0
0.0924434 0.4 0.0712178 0 0.246016 0.0388023 0.0839082 0.0737932 0 0
0.0591638 0.5 0.112511 0 0.300878 0.0377085 0.0837932 0.0737013 0 0
0.0378648 0.6 0.133753 0 0.364067 0.0368335 0.0837013 0.0736277 0 0
0.0242335 0.5 0.155445 0 0.396016 0.0661335 0.086961 0.116235 0 0
0.409306 0.4 0.161952 0 0.326569 0.0929068 0.0895688 0.118322 0 0
0.596467 0.3 0.163904 0 0.271091 0.114325 0.091655 0.119991 0 0
0.686304 0.4 0.16449 0 0.271091 0.114325 0.091655 0.119991 0 0
0.729426 0.5 0.164666 0 0.271091 0.114325 0.091655 0.119991 0 0
0.750124 0.4 0.164718 0 0.271091 0.114325 0.091655 0.119991 0 0
0.76006 0.4 0.164734 0 0.271091 0.114325 0.091655 0.119991 0 0
0.764829 0.2 0.164739 0 0.271091 0.114325 0.091655 0.119991 0 0
0.767118 0.2 0.16474 0 0.271091 0.114325 0.091655 0.119991 0 0
0.768217 0.2 0.164741 0 0.271091 0.114325 0.091655 0.119991 0 0
0.768744 0.2 0.164741 0 0.271091 0.114325 0.091655 0.119991 0 0
0.768997 0.2 0.164741 0 0.271091 0.114325 0.091655 0.119991 0 0
0.769119 0 0.164741 0 0.271091 0.114325 0.091655 0.119991 0 0
0.769177 0 0.164741 0 0.271091 0.114325 0.091655 0.119991 0 0
0.769205 0 0.164741 0 0.271091 0.114325 0.091655 0.119991 0 0
0.769218 0 0.164741 0 0.271091 0.114325 0.091655 0.119991 0 0
0.769225 0 0.164741 0 0.271091 0.114325 0.091655 0.119991 0 0
0.769228 0 0.164741 0 0.271091 0.114325 0.091655 0.119991 1 0
0.769229 0 0.164741 0 0.271091 0.114325 0.091655 0.119991 1 0
0.76923 0 0.164741 0 0.271091 0.114325 0.091655 0.119991 1 0
0.76923 0 0.164741 0 0.271091 0.114325 0.091655 0.119991 1 0
0.76923 0.1 0.164741 0 0.271091 0.114325 0.091655 0.119991 1 0
0.769231 0.2 0.164741 0 0.271091 0.114325 0.091655 0.119991 1 0
0.769231 0.3 0.164741 0 0.271091 0.114325 0.091655 0.119991 1 0
0.769231 0.2 0.164741 0 0.271091 0.114325 0.091655 0.119991 1 0
0.769231 0.2 0.164741 0 0.271091 0.114325 0.091655 0.119991 1 0
0.769231 0.2 0.164741 0 0.271091 0.114325 0.091655 0.119991 1 0
0.769231 0.2 0.164741 0 0.271091 0.114325 0.091655 0.119991 1 0
0.769231 0.2 -0.295578 0 0.271091 0.114325 0.091655 0.119991 1 0
0.769231 0.2 -0.433673 0 0.271091 0.114325 0.091655 0.119991 1 0
0.769231 0.2 -0.475102 0 0.271091 0.114325 0.091655 0.119991 1 0
0.769231 0.1 -0.487531 0 0.271091 0.114325 0.091655 0.119991 1 0
0.769231 0 -0.491259 0 0.271091 0.114325 0.091655 0.119991 1 0
0.769231 0.1 -0.492378 0 0.271091 0.114325 0.091655 0.119991 1 0
0.769231 0.2 -0.492713 0 0.271091 0.114325 0.091655 0.119991 1 0
0.769231 0 -0.492814 0 0.271091 0.114325 0.091655 0.119991 1 0
0.769231 0 -0.492844 0 0.271091 0.114325 0.091655 0.119991 1 0
0.769231 0 -0.492853 0 0.271091 0.114325 0.091655 0.119991 0 0
0.769231 0.1 -0.492856 0 0.254817 0.098127 0.0866574 0.0759926 0 0
0.769231 0.2 -0.492857 0 0.241101 0.0851683 0.0826592 0.072794 0 0
0.769231 0.3 -0.492857 0 0.241101 0.0851683 0.0826592 0.072794 0 0
0.769231 0.4 -0.492857 0 0.241101 0.0851683 0.0826592 0.072794 0 0
0.769231 0.3 -0.492857 0 0.241101 0.0851683 0.0826592 0.072794 0 0
