132 8 2
0.278791 0.3 -0.0905422 0 0.276654 0.525806 0.00527795 0.090889 0 0
0.53382 0.3 -0.102731 0 0.346323 0.530645 0.010889 0.0753779 0 0
0.341645 0.4 -0.087796 0 0.44343 0.527849 0.0153779 0.078969 0 0
0.218653 0.5 -0.0820206 0 0.500831 0.508946 0.0123023 0.0465085 0 0
0.139938 0.6 -0.0512366 0 0.556597 0.453824 0.0131752 0.0405401 0 0
0.0895601 0.6 -0.0263085 0 0.475278 0.409726 0.0138735 0.0477655 0 0
0.434391 0.7 -0.01883 0 0.408048 0.404447 0.00776545 0.0262124 0 0
0.796381 0.8 -0.0165865 0 0.411909 0.306891 0.00287903 0.0289699 0 0
0.782263 0.9 -0.0159135 0 0.519527 0.26218 0.00230322 0.0185092 0 0
0.921615 1 -0.0157115 0 0.466469 0.233077 0.00184258 0.0281407 0 0
0.737292 1 -0.0614702 0 0.613853 0.216462 0.00147406 0.0378459 0 0
0.68312 1 -0.0751978 0 0.625483 0.173169 -0.00215408 -0.00172327 0 0
0.809872 1 -0.130252 0 0.522404 0.168535 0.00161007 0.0446214 0 0
0.873243 1 -0.146768 0 0.448432 0.148162 0.00462139 0.0303638 0 0
0.698595 0.7 -0.084415 0 0.448432 0.165196 0.0103638 0.0749577 0 0
0.4471 0.6 0.0195473 0 0.448432 0.14549 0.0116244 0.0359662 0 0
0.768765 0.7 0.050736 0 0.369002 0.149725 0.0159661 0.0427729 0 0
0.769007 0.8 0.0600926 0 0.307509 0.11978 0.0127729 0.0102183 0 0
0.615206 0.8 0.0351009 0 0.343305 0.142491 0.0235517 0.085508 0 0
0.695299 0.8 0.0532132 0 0.337802 0.143993 0.0221747 0.0610731 0 0
0.733743 0.8 0.0451306 0 0.337802 0.128528 0.0210731 0.0401918 0 0
0.752197 0.8 0.0385392 0 0.505956 0.132822 0.0201918 0.0594868 0 0
0.761054 0.8 0.00749199 0 0.485498 0.136258 0.0161534 0.0162561 0 0
0.765306 0.9 -0.00182217 0 0.398925 0.139006 0.00958941 -0.0289951 0 0
0.693878 1 -0.00461642 0 0.349616 0.191205 0.0143382 0.0614706 0 0
0.555102 1 0.0264356 0 0.290219 0.196297 0.0214706 0.0705098 0 0
0.666449 1 0.00793067 0 0.261533 0.197038 0.0271764 0.0884078 0 0
0.426527 0.8 0.0576424 0 0.290643 0.19763 0.0350745 0.101393 0 0
0.604733 0.6 0.0172927 0 0.342606 0.198104 0.0380596 0.0971143 0 0
0.814163 0.6 0.00518781 0 0.36863 0.09515 0.043781 -0.0349752 0 0
0.888498 0.3 -0.0168647 0 0.368978 0.122787 0.0416915 0.0833532 0 0
0.826479 0.3 -0.0172687 0 0.306192 0.141563 0.0433532 0.0980159 0 0
0.79671 0.4 0.0172553 0 0.336989 0.14325 0.0413492 0.103079 0 0
0.869452 0.4 0.0276125 0 0.374264 0.161267 0.039746 0.0984635 0 0
0.817337 0.1 0.0307196 0 0.360125 0.21568 0.0351302 0.0714375 0 0
0.65387 0.1 0.0184264 0 0.360125 0.252544 0.0281041 0.0524833 0 0
0.418477 0.2 0.0509226 0 0.340732 0.232035 0.0258166 0.0639866 0 0
0.267825 0.3 0.0720751 0 0.293275 0.228962 0.0306533 0.0911893 0 0
0.528556 0.2 0.0424558 0 0.252319 0.213169 0.027856 0.0656181 0 0
0.653707 0.2 -0.0231607 0 0.275929 0.217202 0.0289515 0.0898278 0 0
0.713779 0.2 0.107354 0 0.251513 0.203762 0.0264945 0.0645289 0 0
0.742614 0.2 0.0488727 0 0.263028 0.0930093 0.0345289 -0.0423769 0 0
0.756455 0.2 0.0187316 0 0.272241 0.121074 0.0309565 0.0514318 0 0
0.763098 0.2 0.0953631 0 0.231352 0.126859 0.0280985 0.0658121 0 0
0.766287 0.2 0.0166771 0 0.200176 0.171487 0.0391455 0.10465 0 0
0.490424 0.1 -0.0180232 0 0.175094 0.180523 0.0413164 0.103053 0 0
0.635403 0 -0.0413044 0 0.251186 0.187752 0.0430531 0.104442 0 0
0.406658 0 -0.0244854 0 0.283092 0.193535 0.0444425 0.105554 0 0
0.260261 0.1 -0.0199273 0 0.245704 0.258161 0.00888732 -0.126223 0 0
0.166567 0.2 -0.0231657 0 0.311879 0.258161 0.00888732 -0.126223 0 0
0.479952 0.3 0.0249734 0 0.260217 0.246529 0.0137765 0.0576879 0 0
0.630377 0.4 0.00953162 0 0.226865 0.27389 0.00435455 -0.146516 0 0
0.642065 0.5 0.0048991 0 0.19935 0.249112 0.00681698 0.0287869 0 0
0.785239 0.6 0.00527005 0 0.301852 0.272623 0.00212025 -0.151637 0 0
0.701532 0.7 0.00538134 0 0.301852 0.272623 0.00212025 -0.151637 0 0
0.736735 0.8 0.00691743 0 0.301852 0.272623 0.00212025 -0.151637 0 0
0.905225 0.9 0.0232874 0 0.301852 0.272623 0.00212025 -0.151637 0 0
0.965881 1 0.0348271 0 0.301852 0.272623 0.00212025 -0.151637 0 0
0.979529 1 0.0359989 0 0.252008 0.294765 -0.00497047 -0.153976 0 0
0.870174 1 0.0326747 0 0.234039 0.294765 -0.00497047 -0.153976 0 0
0.817683 0.8 0.0350698 0 0.341948 0.319145 -0.0139764 -0.157848 0 0
0.875493 0.7 0.0357883 0 0.42541 0.33865 -0.0178478 -0.170945 0 0
0.925296 0.6 0.101254 0 0.383186 0.357586 -0.0242782 -0.166089 0 0
0.844142 0.5 0.0631886 0 0.42031 0.389402 -0.0494226 -0.169538 0 0
0.805188 0.3 0.0264566 0 0.356761 0.389402 -0.0494226 -0.169538 0 0
0.51532 0.4 0.0430132 0 0.329476 0.389402 -0.0494226 -0.169538 0 0
0.329805 0.5 -0.109596 0 0.367285 0.391522 -0.0462047 -0.186964 0 0
0.211075 0.5 -0.167045 0 0.379542 0.391522 -0.0462047 -0.186964 0 0
0.135088 0.5 0.195616 0 0.411326 0.396551 -0.0469638 -0.187571 0 0
0.0864564 0.6 0.165143 0 0.415547 0.400574 -0.0442377 -0.18539 0 0
0.0553321 0.7 0.181277 0 0.432438 0.417126 -0.0620568 -0.179645 0 0
0.0354126 0.8 0.0902805 0 0.431665 0.347034 -0.0463121 0.0162836 0 0
0.022664 0.9 0.0562508 0 0.422525 0.314294 -0.0370497 0.0236936 0 0
0.408703 0.6 0.0460419 0 0.549986 0.298102 -0.0263064 0.0489549 0 0
0.645222 0.7 0.0356876 0 0.454942 0.298102 -0.0263064 0.0489549 0 0
0.709706 0.8 0.0159388 0 0.405075 0.318481 -0.0143785 0.0351639 0 0
0.740659 0.8 0.057812 0 0.405075 0.348118 -0.0348361 -0.161202 0 0
0.755516 0.8 0.0774998 0 0.382775 0.361828 -0.0378689 -0.176962 0 0
0.762648 0.3 0.0693594 0 0.340183 0.386129 -0.0536284 -0.176236 0 0
0.766071 0.3 0.11113 0 0.290665 0.408903 -0.0662361 -0.186322 0 0
0.860628 0.4 0.123662 0 0.290665 0.408903 -0.0662361 -0.186322 0 0
0.949826 0.5 0.127421 0 0.281017 0.423789 -0.0763222 -0.194391 0 0
0.759861 0.6 0.0615597 0 0.301877 0.455698 -0.0343911 0.0724871 0 0
0.764733 0.7 0.0783164 0 0.301877 0.447892 -0.0341795 -0.177344 0 0
0.767072 0.7 0.0721302 0 0.301877 0.441647 -0.040677 -0.182542 0 0
0.490926 0.5 0.0250704 0 0.301877 0.436651 -0.0425416 -0.1807 0 0
0.635645 0.5 0.0638802 0 0.301877 0.442654 -0.0540333 -0.17656 0 0
0.705109 0.6 0.0806875 0 0.301877 0.44079 -0.0565599 -0.191915 0 0
0.738452 0.7 0.0325396 0 0.325311 0.432632 -0.025248 0.0664683 0 0
0.754457 0.8 0.124268 0 0.328106 0.449439 -0.0501984 -0.173492 0 0
0.762139 0.8 0.0627077 0 0.311181 0.406218 -0.033492 0.0432064 0 0
0.765827 0.8 0.152979 0 0.311181 0.406218 -0.033492 0.0432064 0 0
0.767597 0.8 0.109629 0 0.311181 0.421641 -0.050127 -0.173435 0 0
0.768447 0.8 0.104719 0 0.311181 0.421641 -0.050127 -0.173435 0 0
0.768854 0.7 0.082222 0 0.311181 0.440646 -0.0701016 -0.186081 0 0
0.76905 0.7 0.071151 0 0.340373 0.449183 -0.0794146 -0.196865 0 0
0.492192 0.7 0.0943856 0 0.479078 0.41268 -0.0601983 0.018508 0 0
0.315003 0.7 0.212066 0 0.40287 0.41268 -0.0601983 0.018508 0 0
0.201602 0.7 0.12283 0 0.376534 0.390144 -0.041492 0.0568064 0 0
0.129025 0.7 0.0264477 0 0.327894 0.390144 -0.041492 0.0568064 0 0
0.0825761 0.7 0.0135795 0 0.303982 0.390144 -0.041492 0.0568064 0 0
0.439637 0.7 0.00719205 0 0.297731 0.358782 -0.0298603 0.0194451 0 0
0.281367 0.7 -0.0306549 0 0.327073 0.358782 -0.0298603 0.0194451 0 0
0.180075 0.8 0.101518 0 0.481659 0.347026 -0.0172215 0.0562228 0 0
0.115248 0.9 -0.00350816 0 0.550033 0.347026 -0.0172215 0.0562228 0 0
0.455319 1 0.0281142 0 0.568467 0.324287 -0.0104439 0.0383115 0 0
0.291404 1 0.000375062 0 0.494377 0.324287 -0.0104439 0.0383115 0 0
0.539874 1 0.0334459 0 0.459219 0.306096 -0.00168846 0.0653159 0 0
0.345519 1 -0.00715537 0 0.412273 0.306096 -0.00168846 0.0653159 0 0
0.221132 0.9 -0.016662 0 0.348866 0.291544 0.0053159 0.0542527 0 0
0.506144 1 0.00375141 0 0.282664 0.293235 0.0109194 0.0754022 0 0
0.642949 1 0.00655645 0 0.326131 0.281255 0.0154022 0.0789884 0 0
0.708615 1 0.0538188 0 0.359087 0.255004 0.0156551 0.0558574 0 0
0.453514 1 -0.000203831 0 0.38824 0.255004 0.0156551 0.0558574 0 0
0.290249 1 -0.0212733 0 0.434864 0.255004 0.0156551 0.0558574 0 0
0.511456 1 -0.0275941 0 0.408068 0.254003 0.0158574 0.0793526 0 0
0.409164 1 0.0285639 0 0.438166 0.249869 0.0193526 0.0821487 0 0
0.261865 1 -0.0260662 0 0.398058 0.283229 -0.0011846 -0.150948 0 0
0.525695 0.9 -0.0125496 0 0.429557 0.27325 0.00571899 0.0545752 0 0
0.336445 0.8 -0.00347703 0 0.429557 0.315266 -0.0220915 -0.147673 0 0
0.561494 0.9 -0.00104311 0 0.429557 0.34888 -0.0410065 -0.166139 0 0
0.669517 0.8 -0.0167192 0 0.429557 0.37577 -0.0594719 -0.180911 0 0
0.428491 0.8 0.0509617 0 0.45692 0.380616 -0.0209108 0.099938 0 0
0.605676 0.8 0.0311976 0 0.45692 0.41116 -0.0533953 -0.17605 0 0
0.387632 0.8 0.0424674 0 0.5619 0.375594 -0.0360496 0.017827 0 0
0.586064 0.8 0.00547843 0 0.49952 0.400476 -0.052173 -0.175072 0 0
0.375081 0.8 0.0158623 0 0.466283 0.400476 -0.052173 -0.175072 0 0
0.580039 0.8 0.0192324 0 0.473927 0.40038 -0.0350717 0.0186093 0 0
0.371225 0.8 -0.18823 0 0.473927 0.40038 -0.0350717 0.0186093 0 0
0.578188 0.8 -0.0668712 0 0.507582 0.370304 -0.0147241 0.0815541 0 0
0.67753 0.9 0.0126615 0 0.424757 0.39291 -0.0317793 -0.16209 0 0
0.725214 1 -0.00136127 0 0.380173 0.360995 -0.0187567 0.0349946 0 0
