717 8 2
0.00219338 0.2 -0.0752783 0 0.66157 0.259495 0.0293946 0.0901824 0 0
0.400842 0.3 -0.0894953 0 0.615742 0.270929 0.0301824 0.0908126 0 0
0.784303 0.4 -0.0937603 0 0.553308 0.296743 0.0441459 0.121983 0 0
0.776466 0.5 -0.0950399 0 0.662985 0.280728 0.0353167 0.0682534 0 0
0.865879 0.6 -0.0488608 0 0.563175 0.297916 0.0582534 0.143269 0 0
0.554163 0.7 -0.08157 0 0.592133 0.268333 0.049936 0.0832822 0 0
0.354664 0.8 -0.0775013 0 0.602739 0.234666 0.0399488 0.0552924 0 0
0.570239 0.8 -0.00825039 0 0.599264 0.201066 0.0352924 0.0549006 0 0
0.618972 0.9 0.0125249 0 0.734279 0.164186 0.0282339 0.0259205 0 0
0.697106 1 0.0187575 0 0.600868 0.141349 0.0225871 0.031403 0 0
0.734611 1 0.0206272 0 0.702543 0.126413 0.021403 0.0437891 0 0
0.752613 0.9 0.0211882 0 0.750069 0.13113 0.0204558 0.0430313 0 0
0.761254 0.8 0.0213565 0 0.858879 0.104904 0.0163646 0.0130917 0 0
0.609003 0.8 0.00191976 0 0.923323 0.107257 0.016425 -0.0101933 0 0
0.633857 0.8 -0.00391125 0 0.881267 0.109139 0.01314 0.030512 0 0
0.704252 0.8 -0.00566056 0 0.927623 0.117311 0.0138453 0.0544096 0 0
0.563401 0.8 -0.0989204 0 0.889846 0.123849 0.0144096 0.054861 0 0
0.616346 0.8 -0.126898 0 0.729118 0.105746 0.0115277 0.0158888 0 0
0.493077 0.8 -0.0080695 0 0.721226 0.114596 0.0125555 0.0567111 0 0
0.315569 0.8 0.0125791 0 0.843647 0.0950105 0.0100444 0.0113688 0 0
0.521179 0.8 0.0187737 0 0.914234 0.0893418 0.0113688 0.0324284 0 0
0.712707 0.9 -0.0664267 0 0.863561 0.0948067 0.00909507 0.0339427 0 0
0.456133 1 -0.074928 0 0.906501 0.102512 0.00727606 0.0391542 0 0
0.291925 0.8 -0.0774784 0 0.875201 0.125343 0.00582085 0.0313233 0 0
0.512099 0.8 -0.0782435 0 0.713606 0.0769411 0.0113233 -0.027608 0 0
0.645808 0.8 -0.0784731 0 0.584444 0.0782195 0.0157253 0.0459136 0 0
0.516646 0.8 -0.0474056 0 0.619768 0.152576 -0.000753059 -0.137269 0 0
0.330653 0.8 -0.108816 0 0.555073 0.188727 -0.0106024 -0.0118153 0 0
0.526971 0.8 -0.127239 0 0.671177 0.180982 -0.00514862 0.0392144 0 0
0.421577 0.6 -0.0433189 0 0.789043 0.164785 -0.0041189 0.0200382 0 0
0.561885 0.5 -0.0181427 0 0.886407 0.155162 3.82135e-005 0.0266972 0 0
0.449508 0.6 -0.102665 0 0.797621 0.167463 0.0200306 0.116024 0 0
0.572611 0.7 -0.128022 0 0.890198 0.15397 0.0226911 0.0514862 0 0
0.743567 0.8 -0.0877655 0 0.853537 0.169843 0.0348196 0.0878557 0 0
0.756912 0.7 -0.329663 0 0.700848 0.222541 0.0178557 -0.125715 0 0
0.484424 0.8 -0.157232 0 0.818743 0.191366 0.00761785 0.022761 0 0
0.779514 0.8 -0.105503 0 0.700896 0.196426 0.0260943 0.0975421 0 0
0.623611 0.8 -0.0997065 0 0.594615 0.197141 0.0408754 0.109367 0 0
0.699333 0.8 -0.0770273 0 0.610146 0.201046 0.0460337 0.0834936 0 0
0.447573 0.9 0.0468918 0 0.518625 0.207504 0.0568269 0.122128 0 0
0.571868 1 0.0840675 0 0.679363 0.179336 0.0487949 0.0723692 0 0
0.743121 1 0.0892447 0 0.82349 0.173469 0.0423692 0.0772287 0 0
0.854019 1 0.0907978 0 0.702035 0.162108 0.0338954 0.0504497 0 0
0.947447 1 0.0912637 0 0.738948 0.239687 0.0904497 0.24236 0 0
0.968468 1 0.0607125 0 0.866158 0.288416 0.0923597 0.160554 0 0
0.61982 1 0.208214 0 0.729901 0.254066 0.0738878 0.0291102 0 0
0.697513 0.9 0.112464 0 0.711756 0.29992 0.0857769 0.161955 1 0
0.840884 1 0.0837392 0 0.685534 0.343269 0.0619548 0.0762305 1 0
0.942718 1 0.0751218 0 0.713376 0.371282 0.0462305 0.0636511 1 0
0.754175 1 0.0475365 0 0.731525 0.393692 0.0636511 0.144254 1 0
0.762004 1 0.0600943 0 0.714513 0.404954 0.0775875 0.155403 1 0
0.692609 1 0.0638616 0 0.618277 0.42063 0.05207 0.0449894 1 0
0.889339 1 0.0649918 0 0.664834 0.436504 0.0349894 0.0546582 1 0
0.960162 0.9 0.0653309 0 0.790201 0.44587 0.0213248 0.0403932 1 0
0.985658 1 0.0654326 0 0.890225 0.453362 0.0103932 0.0349812 1 0
0.994837 1 0.0654631 0 0.800601 0.45269 0.00498122 0.0273183 1 0
0.996902 0.8 0.0279723 0 0.844563 0.458819 0.0273183 0.108521 1 0
0.878513 0.9 0.00401668 0 0.848282 0.460388 0.0118546 0.0161504 1 0
0.893012 1 -0.00317 0 0.841891 0.451644 -0.000516282 0.00625364 1 0
0.961484 0.8 -0.005326 0 0.838461 0.447982 -0.00707969 0.0176696 1 0
0.986134 0.6 -0.0059728 0 0.851414 0.478385 0.0576696 0.216136 1 0
0.995008 0.7 -0.00616684 0 0.870222 0.412708 0.0461357 0.0635752 1 0
0.998203 0.8 -0.00622505 0 0.967145 0.420167 0.0302419 0.0475268 1 0
0.999353 0.8 -0.00624252 0 0.808804 0.3628 0.0175268 0.0173548 1 0
0.999612 0.7 0.0189606 0 0.804619 0.383573 0.0373548 0.11655 1 0
0.927888 0.8 0.0181882 0 0.804619 0.383573 0.0373548 0.11655 1 0
0.956733 0.7 0.0346231 0 0.687732 0.346859 0.0298838 0.0439071 1 0
0.859232 0.8 0.0307358 0 0.591211 0.284154 0.0239071 0.012459 1 0
0.887459 0.9 0.0295696 0 0.704548 0.33399 0.012459 0.0366339 1 0
0.932475 1 -0.00362913 0 0.611786 0.313858 0.0133005 0.0539738 1 0
0.847588 1 0.0233299 0 0.753429 0.347753 0.0373071 0.123179 1 0
0.806842 1 0.0153323 0 0.643865 0.324869 0.0365123 0.0792099 1 0
0.787284 1 0.050433 0 0.565542 0.289895 0.0325432 0.0460346 1 0
0.777896 1 0.0401299 0 0.513386 0.278583 0.0293679 0.0634943 1 0
0.77339 1 0.0323878 0 0.46428 0.249533 0.0234943 0.0421288 1 0
0.771227 1 0.0300652 0 0.542853 0.21296 0.0187955 0.0183697 1 0
0.862113 0.7 0.0293684 0 0.455904 0.190368 0.0150364 0.0286958 1 0
0.950361 0.7 0.0291594 0 0.43081 0.162294 0.0120291 -0.000376727 1 0
0.970217 0.7 0.0481228 0 0.631374 0.166502 0.00962327 0.0476986 1 0
0.620939 0.7 0.00321889 0 0.762242 0.173202 0.00436528 0.0434922 1 0
0.397401 0.5 0.0458375 0 0.92539 0.178561 0.000158894 0.0367938 1 0
0.754451 0.4 0.058623 0 0.845766 0.172849 0.000127115 0.023435 1 0
0.911602 0.4 0.0624587 0 0.998 0.164946 0.000101692 0.026748 1 0
0.837569 0.3 0.0636094 0 0.998 0.164946 0.000101692 0.026748 1 0
0.902542 0.4 0.0628328 0 0.998 0.141957 -0.00325198 0.00406508 1 0
0.577627 0.5 0.0310591 0 0.981886 0.160232 0.00406508 0.0399187 1 0
0.806356 0.6 0.021527 0 0.998 0.148186 0.00325207 0.0192683 1 0
0.930288 0.7 0.0186674 0 0.824088 0.141882 0.00260165 0.0220813 1 0
0.846538 0.7 0.0178095 0 0.833629 0.140172 0.00208132 0.0283317 1 0
0.806338 0.5 0.0175522 0 0.854514 0.132138 0.00166506 0.021332 1 0
0.883803 0.6 0.180266 0 0.998 0.10571 0.00133205 0.00106564 1 0
0.73938 0.7 0.22908 0 0.949277 0.0845681 0.00439897 0.00351918 1 0
0.906177 0.8 0.243724 0 0.949277 0.0845681 0.00439897 0.00351918 1 0
0.834965 0.8 0.248117 0 0.949277 0.0845681 0.00439897 0.00351918 1 0
0.900979 0.8 0.167404 0 0.902279 0.0845681 0.00439897 0.00351918 1 0
0.576627 0.8 0.274274 0 0.902279 0.0845681 0.00439897 0.00351918 1 0
0.369041 0.8 0.128606 0 0.902279 0.0845681 0.00439897 0.00351918 1 0
0.57714 0.8 0.115214 0 0.902279 0.0845681 0.00439897 0.00351918 1 0
0.677027 0.9 0.142653 0 0.902279 0.0845681 0.00439897 0.00351918 1 0
0.433297 1 0.127644 0 0.902279 0.0845681 0.00439897 0.00351918 1 0
0.27731 1 0.0834546 0 0.925905 0.0845681 0.00439897 0.00351918 1 0
0.177479 1 0.0862864 0 0.925905 0.0809878 0.00685251 0.0221487 1 0
0.113586 1 0.145623 0 0.925905 0.0947903 0.00214867 0.0283856 1 0
0.0726952 1 0.100562 0 0.850158 0.109166 0.00171894 0.0313752 1 0
0.434894 1 0.190979 0 0.807857 0.140666 0.0113752 0.0457668 1 0
0.765249 0.9 0.218105 0 0.757998 0.112533 0.00910012 0.0072801 1 0
0.91549 1 0.226242 0 0.745684 0.0900261 0.0072801 0.00582408 1 0
0.839435 1 0.228683 0 0.720441 0.0720209 0.00249074 0.0019926 1 0
0.942197 1 0.229416 0 0.710866 0.07095 0.00532593 0.0209274 1 0
0.852254 1 0.229636 0 0.703206 0.0700934 0.00759408 0.0194086 1 0
0.809082 1 0.229701 0 0.689061 0.0827413 0.00607526 0.0281935 1 0
0.788359 1 0.229721 0 0.685702 0.126193 0.0115269 0.0425548 1 0
0.923809 1 0.229727 0 0.677233 0.130954 0.0125548 -0.0166228 1 0
0.972571 1 0.229729 0 0.618851 0.118097 0.0133772 0.0273684 1 0
0.990126 1 0.22973 0 0.509495 0.121144 0.0107018 0.0318947 1 0
0.87526 0.8 0.22973 0 0.557596 0.0969153 0.00522807 0.00418246 1 0
0.820125 0.9 0.22973 0 0.600463 0.104199 0.00418246 0.0266793 1 0
0.935245 0.8 0.22973 0 0.653343 0.123359 0.00334597 0.0426768 1 0
0.976688 0.9 0.22973 0 0.546812 0.0986873 0.00601011 0.00480809 1 0
0.86881 1 0.22973 0 0.63745 0.10895 0.00480809 0.0271798 1 0
0.817029 1 0.22973 0 0.666482 0.100493 0.00384647 0.0130772 1 0
0.792174 0.8 0.22973 0 0.698951 0.127061 0.00641051 0.0417951 1 0
0.780243 0.7 0.22973 0 0.738108 0.128316 0.00512841 0.0107694 1 0
0.774517 0.5 0.22973 0 0.613437 0.135986 0.00743606 0.0226155 1 0
0.918826 0.6 0.22973 0 0.664201 0.122122 0.00928218 0.0274257 1 0
0.970777 0.7 0.22973 0 0.664694 0.127698 0.00742574 0.0259406 1 0
0.98948 0.7 0.22973 0 0.681755 0.115491 0.0059406 0.0180858 1 0
0.87495 0.5 0.22973 0 0.570859 0.13906 0.00475248 0.033802 1 0
0.819976 0.4 0.22973 0 0.635259 0.137915 0.00380198 0.0263749 1 0
0.793589 0.3 0.22973 0 0.682281 0.146998 0.00304158 0.0324333 1 0
0.634871 0.4 0.0405856 0 0.556351 0.130932 0.00243327 0.0152799 1 0
0.64379 0.5 -0.0161577 0 0.491928 0.121412 -0.00472005 0.0128906 1 0
0.515032 0.6 -0.0140578 0 0.597464 0.17713 0.016224 0.112979 1 0
0.597772 0.6 -0.0134279 0 0.656542 0.141704 0.00964583 0.00771667 1 0
0.478218 0.5 0.0609716 0 0.677961 0.141704 0.00964583 0.00771667 1 0
0.583636 0.6 0.0832915 0 0.596423 0.146696 0.00771667 0.0261733 1 0
0.680145 0.7 0.0899874 0 0.523567 0.164024 0.00617333 0.0449387 1 0
0.544116 0.6 0.0658476 0 0.456237 0.197886 0.008272 0.0666176 1 0
0.608941 0.7 0.0586056 0 0.572132 0.178309 0.00328427 0.0192941 1 0
0.487152 0.6 0.0360027 0 0.636277 0.152647 0.00596075 0.0581019 1 0
0.311778 0.7 0.0934397 0 0.721196 0.192117 -0.00189807 0.00181488 1 0
0.199538 0.8 0.0753292 0 0.608815 0.183694 0.00181488 0.0414519 1 0
0.495778 0.8 0.00878297 0 0.736109 0.193622 0.0014519 0.0311615 1 0
0.782784 0.8 -0.0111809 0 0.777898 0.193622 0.0014519 0.0311615 1 0
0.775736 0.8 -0.0171701 0 0.810144 0.188231 0.00116152 0.0375959 1 0
0.620589 0.8 0.0374165 0 0.889625 0.217251 -0.00907078 -0.00392329 1 0
0.81873 0.9 0.0537925 0 0.948593 0.257134 -0.01059 0.0148614 1 0
0.79299 0.8 0.0587053 0 0.890022 0.315708 -0.0451386 -0.162778 1 0
0.925476 0.7 0.0601792 0 0.920713 0.359233 -0.0827776 -0.196222 1 0
0.973172 0.7 0.0606213 0 0.920713 0.359233 -0.0827776 -0.196222 1 0
0.867122 0.7 0.060754 0 0.920713 0.359233 -0.0827776 -0.196222 1 0
0.816219 0.6 0.0607938 0 0.920713 0.359233 -0.0827776 -0.196222 1 0
0.791785 0.7 0.0608057 0 0.920713 0.359233 -0.0827776 -0.196222 1 0
0.780057 0.2 0.0608093 0 0.920713 0.359233 -0.0827776 -0.196222 1 0
0.624045 0.1 0.0361915 0 0.761571 0.314053 -0.0528887 0.047689 1 0
0.819725 0.2 0.0288062 0 0.843219 0.311242 -0.0489776 -0.0325155 1 0
0.793468 0.3 0.0265906 0 0.929477 0.308994 -0.0458488 -0.016679 1 0
0.634774 0.4 0.0690237 0 0.998 0.307195 -0.0300124 0.0459901 1 0
0.704692 0.5 0.038149 0 0.9664 0.319089 -0.0340099 -0.0205412 1 0
0.842951 0.6 0.0288865 0 0.998 0.201938 -0.0372079 -0.0197663 1 0
0.804617 0.7 0.0261078 0 0.998 0.241551 -0.00976633 0.0921869 1 0
0.88277 0.8 0.0396505 0 0.838004 0.269907 -0.0111464 -0.00225045 1 0
0.738984 0.9 0.0437133 0 0.91736 0.215926 -0.0122505 -0.00980036 1 0
0.754712 1 0.0449322 0 0.755706 0.202741 -0.0198004 -0.0358403 1 0
0.60377 0.8 0.0413206 0 0.779565 0.252192 0.0341597 0.177328 1 0
0.813886 0.9 0.0402371 0 0.883652 0.295087 -0.00267223 -0.132138 1 0
0.888331 1 0.0412378 0 0.910921 0.312736 -0.0154711 -0.0123769 1 0
0.741119 1 0.041538 0 0.92566 0.330189 0.00762311 0.106098 1 0
0.844672 1 0.0572288 0 0.913724 0.360818 -0.00723485 0.00421212 1 0
0.883265 1 0.0619361 0 0.998 0.295321 -0.00912121 -0.00396364 1 0
0.957976 1 0.0633483 0 0.998 0.31959 0.012703 0.110162 1 0
0.984871 1 0.0637719 0 0.998 0.352339 0.0168291 0.0701299 1 0
0.787897 1 0.0847566 0 0.977123 0.395204 0.0734633 0.228771 1 0
0.702552 1 0.091052 0 0.977123 0.395204 0.0734633 0.228771 1 0
0.562042 0.9 -0.00425854 0 0.977123 0.439497 0.0787706 0.15635 1 0
0.66978 1 0.0772939 0 0.998 0.444931 0.0996832 0.199747 1 0
0.832897 1 0.10176 0 0.998 0.402611 0.0664132 0.0497972 1 0
0.79979 1 0.109099 0 0.998 0.402611 0.0664132 0.0497972 1 0
0.783899 1 0.111301 0 0.998 0.402611 0.0664132 0.0497972 1 0
0.922204 0.8 0.111962 0 0.998 0.402611 0.0664132 0.0497972 1 0
0.842658 0.7 0.11216 0 0.998 0.402611 0.0664132 0.0497972 1 0
0.943357 0.6 0.112219 0 0.998 0.402611 0.0664132 0.0497972 1 0
0.979608 0.5 0.112237 0 0.998 0.402611 0.0664132 0.0497972 1 0
0.987765 0.5 0.0416257 0 0.9104 0.425422 0.0731306 0.151838 1 0
0.924476 0.5 0.0204423 0 0.92832 0.453671 0.0118378 -0.103863 1 0
0.972811 0.3 0.0140872 0 0.92832 0.459604 -0.000529778 0.00290951 1 0
0.866949 0.4 0.0121807 0 0.912148 0.47435 -0.0337572 -0.153672 1 0
0.92017 0.5 0.0484217 0 0.912148 0.476146 -0.0270057 0.0350621 1 0
0.753345 0.6 0.0592939 0 0.894424 0.49425 0.0150621 0.13205 1 0
0.911204 0.7 0.0625556 0 0.894424 0.49425 0.0150621 0.13205 1 0
0.837378 0.8 0.0635341 0 0.894424 0.49425 0.0150621 0.13205 1 0
0.669902 0.9 0.167545 0 0.919461 0.492067 -0.00795033 -0.139694 1 0
0.832932 1 0.198748 0 0.998 0.44032 -0.00636026 0.0349118 1 0
0.799807 1 0.208109 0 0.998 0.44032 -0.00636026 0.0349118 1 0
0.639846 1 0.120766 0 0.908604 0.41559 0.0315785 0.151929 1 0
0.409501 1 0.229333 0 0.900335 0.462472 -0.0280706 -0.13579 1 0
0.557249 1 -0.0547294 0 0.900335 0.462472 -0.0280706 -0.13579 1 0
0.667479 1 -0.139948 0 0.893241 0.483311 -0.0691231 -0.185299 1 0
0.72039 0.8 0.0934994 0 0.893241 0.483311 -0.0691231 -0.185299 1 0
0.576312 0.9 -0.00376836 0 0.948739 0.483315 -0.0819652 -0.195572 1 0
0.805978 1 -0.0329487 0 0.926733 0.476652 -0.0722388 -0.0244577 1 0
0.930152 1 -0.0417028 0 0.926733 0.476652 -0.0722388 -0.0244577 1 0
0.846473 1 -0.0325108 0 0.926733 0.476652 -0.0722388 -0.0244577 1 0
0.94473 1 -0.0297533 0 0.926733 0.476652 -0.0722388 -0.0244577 1 0
0.755784 1 0.0135099 0 0.998 0.394655 -0.0511244 0.0457672 1 0
0.690221 1 0.126023 0 0.998 0.394655 -0.0511244 0.0457672 1 0
0.731306 1 0.159776 0 0.998 0.394655 -0.0511244 0.0457672 1 0
0.751027 1 0.169903 0 0.949979 0.405724 0.0124338 0.159947 1 0
0.850616 1 0.0589253 0 0.949979 0.421246 0.0132804 0.057291 1 0
0.726637 1 0.0256321 0 0.949979 0.433663 -0.00937568 -0.0175005 1 0
0.581309 1 -0.00291642 0 0.992416 0.543597 -0.0675005 -0.0740004 1 0
0.623223 1 -0.011481 0 0.959317 0.543597 -0.0675005 -0.0740004 1 0
0.699147 1 -0.0140504 0 0.959317 0.543597 -0.0675005 -0.0740004 1 0
0.891693 1 0.0266672 0 0.959317 0.543597 -0.0675005 -0.0740004 1 0
0.961009 0.8 0.0388825 0 0.959317 0.543597 -0.0675005 -0.0740004 1 0
0.861284 0.7 0.0425471 0 0.959317 0.543597 -0.0675005 -0.0740004 1 0
0.950062 0.8 0.0436465 0 0.959317 0.543597 -0.0675005 -0.0740004 1 0
0.85603 0.7 0.00609394 0 0.959317 0.543597 -0.0675005 -0.0740004 1 0
0.913618 0.8 0.0446853 0 0.998 0.544878 0.0093329 0.177466 1 0
0.750829 0.8 0.0562627 0 0.927289 0.532569 -0.00586701 0.00530639 1 0
0.760398 0.8 0.059736 0 0.927289 0.532569 -0.00586701 0.00530639 1 0
0.856239 0.6 -0.0179766 0 0.892326 0.499389 0.00197306 0.0682451 1 0
0.810995 0.7 -0.00937027 0 0.973861 0.479511 -0.00508822 0.00259609 1 0
0.789277 0.8 0.0596889 0 0.815786 0.413609 -0.00407058 0.0200769 1 0
0.778853 0.9 0.0679067 0 0.825825 0.447554 0.0600769 0.218061 1 0
0.498466 1 0.0652438 0 0.765514 0.428043 0.0547282 0.113783 1 0
0.783558 1 0.0644449 0 0.858565 0.389101 0.0471159 0.0843594 1 0
0.626847 1 -0.0389999 0 0.794069 0.377947 0.0443594 0.102154 1 0
0.700886 0.8 0.0466334 0 0.660034 0.332358 0.0388208 0.0777233 1 0
0.841855 0.8 0.0628272 0 0.660034 0.332358 0.0388208 0.0777233 1 0
0.943068 0.8 0.0676854 0 0.660034 0.332358 0.0388208 0.0777233 1 0
0.965841 0.8 0.0569335 0 0.652299 0.34922 0.0510567 0.134179 1 0
0.863604 0.8 0.0423126 0 0.665839 0.369376 0.0308453 0.0280096 1 0
0.731624 0.8 0.0379263 0 0.665839 0.369376 0.0308453 0.0280096 1 0
0.903385 0.6 0.0813779 0 0.665839 0.369376 0.0308453 0.0280096 1 0
0.942031 0.7 0.130432 0 0.883615 0.358834 0.0380096 0.123741 1 0
0.6029 0.8 0.171838 0 0.998 0.3504 0.0370743 0.122993 1 0
0.689392 0.9 0.070112 0 0.998 0.376987 0.00299281 -0.127606 1 0
0.441211 1 0.0918669 0 0.814727 0.388256 -0.00427242 0.0232487 1 0
0.569425 1 0.0983934 0 0.814727 0.388256 -0.00427242 0.0232487 1 0
0.45554 1 0.0160565 0 0.761985 0.417272 0.0165821 0.106599 1 0
0.771195 1 -0.00864459 0 0.834078 0.427151 0.00993232 0.0312792 1 0
0.91763 0.8 -0.0160549 0 0.820533 0.427151 0.00993232 0.0312792 1 0
0.734104 0.9 0.116337 0 0.750766 0.438387 -0.00538748 -0.00430998 1 0
0.681896 1 0.156055 0 0.750766 0.438387 -0.00538748 -0.00430998 1 0
0.545517 1 0.10515 0 0.710817 0.477376 0.01569 0.105885 1 0
0.797109 1 0.0898783 0 0.710817 0.477376 0.01569 0.105885 1 0
0.782612 1 -0.0520688 0 0.710817 0.477376 0.01569 0.105885 1 0
0.775654 1 0.0255558 0 0.710817 0.477376 0.01569 0.105885 1 0
0.919235 1 0.0488432 0 0.710817 0.477376 0.01569 0.105885 1 0
0.951541 1 0.0385166 0 0.74185 0.478568 -0.00744799 -0.00595839 1 0
0.765392 1 -0.0553568 0 0.74185 0.478568 -0.00744799 -0.00595839 1 0
0.767388 0.9 -0.0835188 0 0.75348 0.412854 -0.0226251 -0.0181 1 0
0.91626 1 -0.0919674 0 0.798702 0.412854 -0.0226251 -0.0181 1 0
0.733008 1 -0.072462 0 0.765492 0.420283 -0.00476671 0.0828533 1 0
0.751844 0.8 -0.000715882 0 0.7771 0.37956 0.00618663 0.071616 1 0
0.856531 0.9 0.020808 0 0.784787 0.376981 -0.0050507 0.00262611 1 0
0.811135 1 0.0272651 0 0.833139 0.301585 -0.0107072 -0.00856578 1 0
0.886681 1 0.0203888 0 0.783178 0.334601 -0.0152324 0.0111474 1 0
0.825607 1 0.191117 0 0.751966 0.357681 -0.022186 -0.0144154 1 0
0.717033 1 0.242335 0 0.749321 0.302812 -0.0210821 -0.000199013 1 0
0.744176 1 0.2577 0 0.917104 0.288916 -0.0235323 0.00450746 1 0
0.595341 1 0.125684 0 0.75154 0.294466 -0.0121592 0.0602726 1 0
0.685764 1 0.0585386 0 0.638269 0.28224 -0.0030607 0.0475514 1 0
0.8375 0.9 0.0383949 0 0.683588 0.262458 -0.00244856 0.0347078 1 0
0.802 0.8 0.0323518 0 0.75322 0.186633 -0.00862552 0.0297663 1 0
0.8812 0.9 0.0300544 0 0.651632 0.21264 -0.000233746 0.0664797 1 0
0.563968 1 0.0383406 0 0.676862 0.216779 0.0131463 0.0905171 1 0
0.670705 0.7 0.0472976 0 0.85387 0.236756 0.0138504 0.047747 1 0
0.429251 0.8 0.0378379 0 0.857853 0.252738 0.027747 0.118864 1 0
0.60604 0.8 0.0257806 0 0.845506 0.282191 0.0288643 0.0897581 1 0
0.63272 0.8 0.0221634 0 0.723678 0.269086 0.0197581 0.0524731 1 0
0.506176 0.7 0.0342806 0 0.626648 0.221935 0.0158065 0.0559785 1 0
0.785779 0.8 0.0379158 0 0.518268 0.177548 0.00931183 0.00744947 1 0
0.871467 0.8 -0.114904 0 0.45257 0.172039 0.00411613 -0.0333738 1 0
0.890983 0.8 -0.16075 0 0.679914 0.154298 -4.04271e-005 0.0166343 1 0
0.827672 0.8 -0.174503 0 0.599215 0.100105 -3.23416e-005 0.00664079 1 0
0.662137 0.9 -0.00422598 0 0.785679 0.0967504 -0.00335921 0.010646 1 0
0.830696 1 0.0468572 0 0.646725 0.104067 -0.0060207 0.0151834 1 0
0.93905 0.9 0.0621822 0 0.849523 0.11992 -0.00481656 0.0328134 1 0
0.978058 1 0.0667796 0 0.984881 0.125936 -0.000519914 0.0162507 1 0
0.992101 1 0.0900339 0 0.984881 0.125936 -0.000519914 0.0162507 1 0
0.997156 1 0.0970102 0 0.809334 0.134082 0.0029174 0.0223339 1 0
0.998976 1 0.0991031 0 0.688208 0.147266 0.00233392 0.0385338 1 0
0.879509 1 0.0997309 0 0.750566 0.161146 0.00186714 0.0381604 1 0
0.956623 1 0.0999193 0 0.784524 0.16225 0.00149371 0.0045283 1 0
0.984384 0.8 0.0999758 0 0.81861 0.153133 0.00119497 0.020956 1 0
0.994378 0.8 0.0999927 0 0.800975 0.122507 0.000955974 0.00076478 1 0
0.997976 0.8 0.0999978 0 0.971055 0.144672 0.00409811 0.0399452 1 0
0.999271 0.8 0.0999993 0 0.966318 0.129071 0.00661182 0.0219561 1 0
0.999738 0.8 0.0999998 0 0.948054 0.11659 0.00862279 0.0202316 1 0
0.999906 0.8 0.0999999 0 0.906191 0.0932721 0.0035649 0.00285192 1 0
0.799924 0.7 0.1 0 0.968953 0.0932721 0.0035649 0.00285192 1 0
0.707171 0.8 0.1 0 0.786927 0.0932721 0.0035649 0.00285192 1 0
0.565737 0.8 0.196532 0 0.786927 0.0932721 0.0035649 0.00285192 1 0
0.671554 0.9 0.134229 0 0.756814 0.0932721 0.0035649 0.00285192 1 0
0.657877 1 0.115537 0 0.767154 0.0932721 0.0035649 0.00285192 1 0
0.657877 1 0.10993 0 0.767154 0.0932721 0.0035649 0.00285192 1 0
0.794726 1 0.0273339 0 0.767154 0.0932721 0.0035649 0.00285192 1 0
0.794726 1 0.00255499 0 0.767154 0.0932721 0.0035649 0.00285192 1 0
0.868881 1 -0.00487866 0 0.767154 0.0932721 0.0035649 0.00285192 1 0
0.695105 1 0.134641 0 0.826489 0.0932721 0.0035649 0.00285192 1 1
0.66692 1 0.176496 0 0.684953 0.0932721 0.0035649 0.00285192 1 1
0.880091 1 0.189053 0 0.708788 0.0932721 0.0035649 0.00285192 1 1
0.704073 1 0.151716 0 0.730137 0.0932721 0.0035649 0.00285192 1 1
0.450607 1 0.000514792 0 0.796109 0.0932721 0.0035649 0.00285192 1 1
0.573033 1 -0.0448456 0 0.829044 0.0932721 0.0035649 0.00285192 1 1
0.458426 1 -0.0134537 0 0.865297 0.0932721 0.0035649 0.00285192 1 1
0.772027 1 -0.0040361 0 0.771111 0.0746177 0.00285192 0.00228154 1 1
0.863216 1 -0.00121083 0 0.800066 0.0896941 0.00228154 0.0251586 1 1
0.888606 1 -0.000363249 0 0.783913 0.0717553 -0.0015081 -0.00120648 1 1
0.933164 1 0.0415577 0 0.791416 0.0574043 -0.00120648 -0.000965187 1 1
0.908751 1 0.054134 0 0.783133 0.0459234 -0.000965187 -0.000772149 1 1
0.96715 0.8 0.0579069 0 0.752632 0.0367387 -0.000772149 -0.000617719 1 1
0.98029 0.8 0.0557867 0 0.749854 0.029391 -0.000617719 -0.000494175 1 1
0.922324 0.6 0.0551506 0 0.618065 0.0501795 -0.000494175 0.0196047 1 1
0.842715 0.7 0.0549598 0 0.644452 0.0401436 -0.00039534 -0.000316272 1 1
0.943378 0.8 0.0549026 0 0.536614 0.0321148 -0.000316272 -0.000253018 1 1
0.979616 0.8 0.0548854 0 0.536614 0.0321148 -0.000316272 -0.000253018 1 1
0.870216 0.6 0.0548803 0 0.579291 0.0523585 -0.000253018 0.0231309 1 1
0.953278 0.7 0.0548787 0 0.602719 0.0418868 -0.000202414 -0.000161931 1 1
0.971967 0.8 0.0456303 0 0.63713 0.0401761 -0.000161931 0.00653712 0 0
0.622059 0.9 0.0398876 0 0.627561 0.0554742 -0.000129545 0.0198964 0 0
0.63887 0.8 0.0381648 0 0.670273 0.0910461 0.0032297 0.0392504 0 0
0.783322 0.9 0.0368661 0 0.654479 0.0861702 0.00591709 0.018067 0 0
0.700796 0.8 0.0364765 0 0.61007 0.0689361 0.00140034 0.00112027 0 0
0.820477 0.9 0.0673899 0 0.64877 0.0751489 0.00112027 0.0208962 1 0
0.715063 1 0.0766639 0 0.539886 0.120119 0.000896217 0.0173836 1 0
0.829038 1 0.0392782 0 0.580581 0.0960953 0.000716974 0.000573579 1 0
0.718351 1 0.0280625 0 0.609293 0.0868762 -0.00275975 0.00445886 1 0
0.83101 1 -0.0603312 0 0.612434 0.079501 -0.0022078 0.00823376 1 0
0.719108 1 -0.0868494 0 0.643519 0.110267 -0.00176624 0.038587 1 0
0.831465 1 0.0149452 0 0.675529 0.108214 -0.00141299 0.0155363 1 0
0.879462 1 0.0454835 0 0.699647 0.133238 -0.0011304 0.0357624 1 0
0.822142 1 0.054645 0 0.574263 0.133257 -0.000904316 0.0192765 1 0
0.657713 1 0.0608379 0 0.616553 0.109939 -0.000723453 0.00275457 1 0
0.420937 1 0.0549587 0 0.650385 0.0879511 -0.000578762 -0.00046301 1 0
0.56164 1 0.0531949 0 0.571684 0.100361 -0.00046301 0.0262963 1 0
0.669587 1 0.0526658 0 0.50462 0.106955 -0.000370408 0.0197037 1 0
0.881051 1 0.052507 0 0.574605 0.105564 -0.000296326 0.0164296 1 0
0.928631 0.8 0.0324188 0 0.509684 0.0844514 -0.000237061 -0.000189649 1 0
0.756594 0.8 0.0263923 0 0.46489 0.0908945 -0.000189649 0.0165149 1 0
0.605275 0.8 0.0544293 0 0.487227 0.0727156 -0.00348505 -0.00278804 1 0
0.632426 0.7 0.0628404 0 0.566705 0.148172 -0.00612138 0.0217696 1 0
0.703564 0.8 0.0653638 0 0.612656 0.118538 -0.0048971 -0.00391768 1 0
0.737711 0.8 0.0661208 0 0.644253 0.128164 -0.00725101 0.0275325 1 0
0.754101 0.8 0.0663479 0 0.670958 0.125864 -0.00580081 0.012026 1 0
0.761969 0.7 0.066416 0 0.735027 0.130691 -0.00797398 0.000287481 1 0
0.765745 0.8 0.0664364 0 0.766593 0.134553 -0.00637919 0.0215633 1 0
0.767558 0.9 0.0664426 0 0.785752 0.144309 -0.00843668 0.0299173 1 0
0.768428 1 0.0664444 0 0.812601 0.198781 -0.00674935 0.0446005 1 0
0.614742 1 0.0261833 0 0.687464 0.205691 -0.00539948 0.0390138 1 0
0.393435 1 0.122855 0 0.592077 0.194553 -0.00765291 0.000544335 1 0
0.588849 1 0.0612751 0 0.526759 0.192309 -0.00612233 0.0317688 1 0
0.626118 1 0.0428011 0 0.463342 0.193847 -0.00489787 -0.0239183 1 0
0.865402 0.8 0.0372589 0 0.485525 0.193847 -0.00489787 -0.0239183 1 0
0.919241 0.9 0.0549277 0 0.59727 0.195078 -0.00725163 -0.0058013 1 0
0.904742 0.6 0.0602283 0 0.509674 0.126062 -0.00913463 0.00935896 1 0
0.834276 0.7 0.0618185 0 0.429361 0.117516 -0.00730771 -0.0425128 1 0
0.667421 0.8 0.0371976 0 0.523489 0.117516 -0.00730771 -0.0425128 1 0
0.65629 0.8 0.0298113 0 0.625533 0.117516 -0.00730771 -0.0425128 1 0
0.876264 0.6 0.0275954 0 0.685042 0.117516 -0.00730771 -0.0425128 1 0
0.955455 0.5 0.0269307 0 0.685042 0.117516 -0.00730771 -0.0425128 1 0
0.983964 0.3 0.0267312 0 0.566901 0.107346 -0.00584617 0.0319897 1 0
0.994227 0.4 0.0266714 0 0.736707 0.132544 -0.00467693 0.0162585 1 0
0.877229 0.5 0.0266535 0 0.872124 0.126035 -0.00374155 -0.0363266 1 0
0.701783 0.6 0.106434 0 0.871773 0.204161 -0.0396599 -0.158395 1 0
0.669485 0.7 0.130368 0 0.871773 0.204161 -0.0396599 -0.158395 1 0
0.721353 0.6 0.137548 0 0.884085 0.204161 -0.0396599 -0.158395 1 0
0.899687 0.7 0.139702 0 0.885992 0.276662 -0.0817279 -0.178716 1 0
0.71975 0.8 0.113705 0 0.92735 0.287997 -0.0687157 -0.0149725 1 0
0.676384 0.9 0.105906 0 0.989668 0.230397 -0.0549725 -0.043978 1 0
0.80583 1 0.00339357 0 0.948597 0.237651 -0.0173114 0.102818 1 0
0.515731 1 -0.0583663 0 0.937095 0.286788 -0.0171824 0.0262541 1 0
0.330068 1 -0.0776381 0 0.925676 0.30943 -0.0137459 0.0456699 1 0
0.211244 1 -0.175856 0 0.907888 0.294211 -0.00766342 0.0405359 1 0
0.135196 1 -0.100834 0 0.897739 0.332035 0.000535933 0.0670954 1 0
0.0865254 1 -0.0975578 0 0.88962 0.368962 0.00709541 0.0756763 1 0
0.664919 0.9 -0.096575 0 0.866413 0.238503 -0.00432367 0.00654106 1 0
0.798952 1 -0.107049 0 0.875352 0.284135 0.00320773 0.0725662 1 0
0.706797 1 -0.110192 0 0.932058 0.273975 0.00589952 0.0513863 1 0
0.565438 1 -0.0560838 0 0.987848 0.262513 0.00805295 0.0464424 1 0
0.36188 0.9 -0.0732354 0 0.955227 0.286677 0.0164424 0.0964872 1 0
0.744222 0.8 -0.0783809 0 0.7862 0.292675 0.0131539 0.0538564 1 0
0.595377 0.9 -0.084839 0 0.792225 0.297473 0.0171898 0.0837518 1 0
0.381041 1 -0.010993 0 0.656422 0.304645 0.0137518 0.0543348 1 0
0.54632 0.9 0.0111608 0 0.734146 0.283716 0.0110015 0.0454678 1 0
0.437056 1 0.0302713 0 0.813732 0.300306 0.0121345 0.0763743 1 0
0.567829 1 0.0360045 0 0.854557 0.253578 0.00304093 -0.0342339 1 0
0.740698 1 0.0596386 0 0.930918 0.249529 -0.000900587 0.0359462 1 0
0.755535 1 0.0435311 0 0.770189 0.252957 -0.00072047 0.0360903 1 0
0.762657 0.8 -0.0378128 0 0.816151 0.245699 -0.000576376 0.0362056 1 0
0.766075 0.6 -0.0153211 0 0.883552 0.243226 -0.000461101 0.0162978 1 0
0.86063 0.7 -0.0085736 0 0.731841 0.234581 -0.000368881 0.0363716 1 0
0.916378 0.8 0.0218465 0 0.812996 0.247664 -0.00696177 0.0144306 1 0
0.751889 0.8 0.0309726 0 0.689335 0.234798 -0.00890275 0.0262111 1 0
0.851133 0.8 -0.0323749 0 0.598741 0.237839 -0.0104555 0.0283022 1 0
0.808544 0.8 -0.0422706 0 0.530369 0.236938 -0.00503109 0.0259751 1 0
0.788101 0.8 -0.0635533 0 0.461678 0.24955 -0.00402487 0.0401134 1 0
0.866973 0.8 -0.0699381 0 0.427 0.21964 -0.00655323 0.0114241 1 0
0.920184 0.9 0.000360041 0 0.398237 0.215712 -0.00524259 0.0258059 1 0
0.905013 1 0.0214495 0 0.339829 0.17257 -0.00419407 -0.00335525 1 0
0.965805 1 0.0277763 0 0.451173 0.151389 -2.19216e-005 0.0133158 1 0
0.98769 1 0.0296744 0 0.411848 0.147778 -0.00335087 0.013986 1 0
0.995568 1 0.0302438 0 0.376537 0.148222 -0.0026807 0.0111888 1 0
0.877873 1 0.0304146 0 0.343853 0.128578 -0.00547789 -0.00104898 1 0
0.821379 0.9 0.0304658 0 0.314476 0.182862 0.018951 0.115161 1 0
0.657103 1 0.0310148 0 0.292206 0.159623 0.0184941 0.031462 1 0
0.829246 1 0.0311794 0 0.284215 0.157699 0.0147953 0.0351696 1 0
0.938528 1 0.0312288 0 0.378592 0.157699 0.0147953 0.0351696 1 0
0.850494 1 0.0312436 0 0.378592 0.157699 0.0147953 0.0351696 1 0
0.946178 1 0.0312481 0 0.378592 0.157699 0.0147953 0.0351696 1 0
0.967707 0.9 0.0376002 0 0.378592 0.157699 0.0147953 0.0351696 1 0
0.967707 1 0.0395059 0 0.378592 0.157699 0.0147953 0.0351696 1 0
0.967707 0.7 0.0400776 0 0.378592 0.157699 0.0147953 0.0351696 1 0
0.967707 0.7 0.0402491 0 0.378592 0.157699 0.0147953 0.0351696 1 0
0.967707 0.6 0.0403005 0 0.378592 0.157699 0.0147953 0.0351696 1 0
0.967707 0.6 0.040316 0 0.378592 0.157699 0.0147953 0.0351696 1 0
0.9187 0.6 0.0403206 0 0.378592 0.157699 0.0147953 0.0351696 1 0
0.9187 0.6 0.040322 0 0.378592 0.157699 0.0147953 0.0351696 1 0
0.840976 0.6 0.0403224 0 0.362133 0.157699 0.0147953 0.0351696 1 0
0.803668 0.6 -0.0229033 0 0.362133 0.157699 0.0147953 0.0351696 1 0
0.882201 0.6 0.048129 0 0.362133 0.157699 0.0147953 0.0351696 1 0
0.564609 0.7 0.0515599 0 0.310983 0.157699 0.0147953 0.0351696 1 0
0.36135 0.8 0.0366801 0 0.380701 0.157699 0.0147953 0.0351696 1 0
0.573448 0.9 0.0161511 0 0.462137 0.157699 0.0147953 0.0351696 1 0
0.675255 1 0.0198453 0 0.541752 0.157699 0.0147953 0.0351696 1 0
0.724122 0.6 0.0162477 0 0.519423 0.157699 0.0147953 0.0351696 1 0
0.463438 0.7 -0.0054198 0 0.512508 0.157699 0.0147953 0.0351696 1 0
0.62245 0.8 0.00866818 0 0.422507 0.157699 0.0147953 0.0351696 1 0
0.398368 0.8 -0.0323995 0 0.415556 0.157699 0.0147953 0.0351696 1 0
0.591217 0.8 -0.020014 0 0.349287 0.157699 0.0147953 0.0351696 1 0
0.683784 0.3 0.0289958 0 0.377389 0.157699 0.0147953 0.0351696 1 0
0.437622 0 0.0140018 0 0.314156 0.157699 0.0147953 0.0351696 1 0
0.610058 0 -0.00609359 0 0.30385 0.157699 0.0147953 0.0351696 1 0
0.390437 0 0.00846604 0 0.31341 0.157699 0.0147953 0.0351696 1 0
0.752446 0 0.0128339 0 0.425728 0.157699 0.0147953 0.0351696 1 0
0.851468 0 -0.0167381 0 0.434199 0.157699 0.0147953 0.0351696 1 0
0.544939 0 -0.0410508 0 0.446328 0.157699 0.0147953 0.0351696 1 0
0.609257 0 -0.0483447 0 0.414206 0.157699 0.0147953 0.0351696 1 0
0.765554 0 -0.0196505 0 0.433492 0.157699 0.0147953 0.0351696 1 0
0.489955 0 0.0352813 0 0.540478 0.157699 0.0147953 0.0351696 1 0
0.313571 0.1 0.0774962 0 0.500467 0.157699 0.0147953 0.0351696 1 0
0.730308 0.2 0.0901606 0 0.610683 0.157699 0.0147953 0.0351696 1 0
0.838185 0.3 0.00204818 0 0.50159 0.157699 0.0147953 0.0351696 1 0
0.536438 0.4 0.0456145 0 0.572105 0.157699 0.0147953 0.0351696 1 0
0.343321 0 0.0651549 0 0.653518 0.157699 0.0147953 0.0351696 1 0
0.738876 0.1 0.0710171 0 0.590104 0.156159 0.0151696 0.0321357 1 0
0.843326 0.2 0.0475551 0 0.632867 0.18826 0.015469 0.0623752 1 0
0.723837 0.3 0.0405165 0 0.525117 0.18826 0.015469 0.0623752 1 0
0.900581 0.4 0.038405 0 0.445319 0.100608 0.0190419 -0.0180998 1 0
0.964209 0.5 0.0377715 0 0.548983 0.12382 0.0152335 0.0488535 1 0
0.978526 0.6 0.0404981 0 0.460425 0.119056 0.0121868 0.0264161 1 0
0.921815 0.7 0.0413161 0 0.388853 0.0952448 0.00974944 0.00779955 1 0
0.971853 0.6 0.0415615 0 0.473244 0.106196 0.00779955 0.0329063 1 0
0.86649 0.7 0.0416351 0 0.395545 0.0849567 0.00623964 0.00499171 1 0
0.951936 0.8 0.0416572 0 0.498892 0.0679653 0.00499171 0.00399337 1 0
0.982697 0.8 0.0416638 0 0.60275 0.0843723 0.00399337 0.026528 1 0
0.786158 0.8 0.0630547 0 0.836182 0.0674978 0.0031947 0.00255576 1 0
0.866413 0.8 0.0397497 0 0.836182 0.0674978 0.0031947 0.00255576 1 0
0.951909 0.6 0.0327583 0 0.986803 0.0806649 0.00255576 0.0253779 1 0
0.982687 0.7 0.0306608 0 0.996585 0.0945319 0.00204461 0.0283024 1 0
0.993767 0.8 0.0300316 0 0.971181 0.0756255 -0.00169765 -0.00135812 1 0
0.997756 0.9 0.0298428 0 0.998 0.0805004 -0.00469145 0.0129135 1 0
0.999192 0.8 0.0297862 0 0.998 0.1044 -0.00375316 0.0336641 1 0
0.879612 0.7 0.0297692 0 0.893813 0.120187 -0.00300253 0.0309313 1 0
0.95666 0.8 0.0297641 0 0.805675 0.17615 0.017598 0.114078 1 0
0.984398 0.8 0.0297626 0 0.810306 0.16092 0.010745 0.0252627 1 0
0.994383 0.8 0.0297621 0 0.876816 0.158736 0.00859604 0.0302102 1 0
0.877304 0.8 0.029762 0 0.743558 0.173655 0.0302102 0.124168 1 0
0.955829 0.8 0.0297619 0 0.649392 0.172258 0.0241681 0.0460012 1 0
0.764664 0.8 0.122164 0 0.769895 0.184473 0.0393345 0.131468 1 0
0.767039 0.8 0.102347 0 0.803527 0.180911 0.0314676 0.0385074 1 0
0.768179 0.8 0.0973707 0 0.888104 0.191396 0.0285074 0.0528059 1 0
0.491634 0.9 0.00677532 0 0.881912 0.23645 0.0261393 0.0709114 1 0
0.314646 0.8 0.00395568 0 0.90553 0.275827 0.0242447 0.0693958 1 0
0.55103 0.7 0.0220674 0 0.757757 0.307328 0.0260625 0.0775166 1 0
0.352659 0.7 -0.0337644 0 0.665612 0.335862 0.02085 0.0600133 1 0
0.569276 0.4 -0.0223386 0 0.664528 0.352023 0.0233466 0.0686773 1 0
0.364337 0.5 -0.0327981 0 0.753405 0.384952 0.0286773 0.0962752 1 0
0.744929 0.4 -0.0359359 0 0.753405 0.384952 0.0286773 0.0962752 1 0
0.757566 0.5 -0.0368772 0 0.779715 0.384952 0.0286773 0.0962752 1 0
0.606053 0.6 0.0423152 0 0.825641 0.354628 0.0329419 0.10302 1 0
0.632724 0.6 0.0660729 0 0.67837 0.317036 0.0163535 0.0197495 1 0
0.506179 0.6 0.0365264 0 0.779864 0.203629 0.00974945 0.00113289 1 0
0.594373 0.7 0.0276625 0 0.836065 0.176236 0.00113289 0.00757298 1 0
0.685299 0.8 0.0250033 0 0.839287 0.244322 -0.0390937 -0.164608 1 0
0.728944 0.9 0.0242055 0 0.956114 0.145458 -0.0412749 -0.0196866 1 0
0.583155 1 0.00476877 0 0.929597 0.196366 -0.04302 -0.0277493 1 0
0.623931 1 -0.00106225 0 0.911678 0.260426 -0.044416 -0.0121994 1 0
0.699487 0.8 -0.00281156 0 0.816961 0.305008 -0.0421994 -0.00709289 1 0
0.891815 0.7 -0.00333635 0 0.820559 0.290673 -0.0370929 -0.0196743 1 0
0.713452 0.7 0.0188217 0 0.675865 0.295872 0.0103257 0.134927 1 0
0.673966 0.7 0.0254692 0 0.702854 0.260031 0.00492722 0.0239418 1 0
0.804379 0.7 0.0726407 0 0.745461 0.260031 0.00492722 0.0239418 1 0
0.708882 0.7 0.0867922 0 0.785654 0.161358 -0.00605822 0.00515342 1 0
0.740263 0.7 0.0910377 0 0.742809 0.0824196 -0.0148466 -0.00187726 1 0
0.755326 0.7 0.0923113 0 0.742809 0.0926023 -0.0218773 -0.00750181 1 0
0.604261 0.7 0.0811818 0 0.887581 0.137415 -0.000835144 0.0959986 1 0
0.814027 0.8 0.0778429 0 0.887581 0.156599 -0.0173348 -0.0172012 1 0
0.651222 0.9 0.055911 0 0.957852 0.161946 -0.0172012 0.0229057 1 0
0.650069 1 0.0493314 0 0.936717 0.161946 -0.0172012 0.0229057 1 0
0.520055 1 0.0636366 0 0.998 0.166223 -0.0204276 0.0169913 1 0
0.789776 1 0.0679282 0 0.952528 0.146312 -0.0196754 -0.0490737 1 0
0.779092 1 0.0692157 0 0.998 0.0637162 -0.0257403 -0.00725893 1 0
0.773964 0.6 0.0696019 0 0.998 0.0776396 -0.0272589 -0.0151405 1 0
0.619172 0.7 0.0889361 0 0.998 0.128778 -0.0184738 0.065221 1 0
0.637762 0.8 0.0947364 0 0.942844 0.136356 -0.0214457 -0.0138232 1 0
0.510209 0.8 0.0786773 0 0.908404 0.139085 -0.0238232 -0.0257253 1 0
0.326534 0.8 0.0945491 0 0.874871 0.181268 -0.0257253 -0.0139135 1 0
0.525389 0.8 0.0993107 0 0.92469 0.175014 -0.0272469 -0.0184642 1 0
0.420311 0.8 0.0522291 0 0.898243 0.183345 -0.0284642 0.0138953 1 0
0.5614 0.7 0.0381046 0 0.882073 0.183345 -0.0284642 0.0138953 1 0
0.44912 0.8 -0.0545943 0 0.8825 0.236676 -0.00277133 0.0911163 1 0
0.572462 0.9 -0.0824039 0 0.766177 0.219341 -0.0055504 -0.00110699 1 0
0.674782 1 -0.0907468 0 0.75476 0.212139 -0.00777365 -0.00288559 1 0
0.723895 1 -0.0932497 0 0.846543 0.209711 -0.00288559 0.0443582 1 0
0.74747 1 -0.0940006 0 0.794216 0.247769 -0.00897514 0.0194866 1 0
0.597976 0.9 0.00683988 0 0.66106 0.241549 0.00948656 0.104256 1 0
0.629623 1 0.037092 0 0.596773 0.263239 0.000922579 0.00740473 1 0
0.503698 1 0.044073 0 0.570622 0.293924 -0.00259527 0.0245905 1 0
0.322367 0.8 0.0321035 0 0.64909 0.281806 -0.00540955 0.0190057 1 0
0.523789 0.8 0.0285126 0 0.722909 0.252112 -0.000994306 0.0592046 1 0
0.419031 0.6 0.0241093 0 0.67644 0.275023 -0.00412878 0.0233636 1 0
0.560908 0.7 0.0227884 0 0.620397 0.253351 0.00669698 0.0853576 1 0
0.448726 0.8 0.0747852 0 0.684144 0.156014 -0.00130908 0.0156194 1 0
0.572311 0.8 0.0903843 0 0.603456 0.168145 -0.00104727 0.0124955 1 0
0.674709 0.8 0.095064 0 0.548819 0.167849 -0.00417115 0.0166631 1 0
0.882895 0.7 0.0964679 0 0.65444 0.167849 -0.00417115 0.0166631 1 0
0.706316 0.8 -0.0167541 0 0.719471 0.167849 -0.00417115 0.0166631 1 0
0.843419 0.7 -0.0507207 0 0.777774 0.167849 -0.00417115 0.0166631 1 0
0.804841 0.7 -0.0609106 0 0.824281 0.167849 -0.00417115 0.0166631 1 0
0.929743 0.6 -0.0639676 0 0.824642 0.167849 -0.00417115 0.0166631 1 0
0.974707 0.5 -0.0648847 0 0.831644 0.167849 -0.00417115 0.0166631 1 0
0.86786 0.4 -0.0651599 0 0.67756 0.167849 -0.00417115 0.0166631 1 0
0.816573 0.1 -0.0652424 0 0.721215 0.167849 -0.00417115 0.0166631 1 0
0.791955 0.2 -0.0652672 0 0.620608 0.194279 -0.0100036 0.0153305 1 0
0.875173 0.3 0.0286957 0 0.660123 0.194279 -0.0100036 0.0153305 1 0
0.89205 0.3 0.0568846 0 0.660123 0.194279 -0.0100036 0.0153305 1 0
0.828184 0.2 0.0653412 0 0.701175 0.194279 -0.0100036 0.0153305 1 0
0.938146 0.2 0.0678782 0 0.723102 0.194279 -0.0100036 0.0153305 1 0
0.750517 0.2 0.0823541 0 0.735625 0.194279 -0.0100036 0.0153305 1 0
0.856149 0.2 0.0866968 0 0.6085 0.194279 -0.0100036 0.0153305 1 0
0.913689 0.2 -0.0563439 0 0.68895 0.194279 -0.0100036 0.0153305 1 0
0.750857 0.2 -0.0992561 0 0.753358 0.194279 -0.0100036 0.0153305 1 0
0.760411 0.3 -0.11213 0 0.705912 0.194279 -0.0100036 0.0153305 1 0
0.764997 0.3 -0.115992 0 0.7665 0.18209 -0.00800287 0.0202644 1 0
0.915399 0.3 -0.117151 0 0.815447 0.18209 -0.00800287 0.0202644 1 0
0.969544 0.4 -0.117498 0 0.815447 0.175672 -0.00973563 0.0155448 1 0
0.865381 0.5 -0.117602 0 0.712535 0.0972044 -0.0111218 -0.0155641 1 0
0.815383 0.6 -0.117634 0 0.770028 0.0972044 -0.0111218 -0.0155641 1 0
0.652306 0.7 0.112787 0 0.758395 0.0310968 -0.0155641 -0.0157846 1 0
0.417476 0.8 -0.144529 0 0.623558 0.0310968 -0.0155641 -0.0157846 1 0
0.560311 0.9 -0.221724 0 0.679492 0.0310968 -0.0155641 -0.0157846 1 0
0.841712 0.8 -0.244883 0 0.697979 0.0310968 -0.0155641 -0.0157846 1 0
0.67337 0.7 -0.0893739 0 0.697979 0.0310968 -0.0155641 -0.0157846 1 0
0.658574 0.6 -0.0427213 0 0.751932 0.0310968 -0.0155641 -0.0157846 1 0
0.716115 0.6 -0.0287255 0 0.751932 0.0310968 -0.0155641 -0.0157846 1 0
0.572892 0.6 0.136448 0 0.751932 0.0782108 -0.0157846 0.034039 1 0
0.619991 0.6 0.186 0 0.693853 0.169235 -0.0192944 0.0112312 1 0
0.495993 0.6 0.236783 0 0.693853 0.145388 -0.0154355 -0.0023484 1 0
0.590461 0.6 0.252018 0 0.693853 0.145388 -0.0154355 -0.0023484 1 0
0.590461 0.6 0.256588 0 0.693853 0.145388 -0.0154355 -0.0023484 1 0
0.472369 0.7 -0.203024 0 0.693853 0.145388 -0.0154355 -0.0023484 1 0
0.302316 0.8 -0.104907 0 0.693853 0.145388 -0.0154355 -0.0023484 1 0
0.302316 0.9 -0.0754721 0 0.693853 0.145388 -0.0154355 -0.0023484 1 0
0.302316 0.8 -0.0666416 0 0.693853 0.145388 -0.0154355 -0.0023484 1 0
0.302316 0.7 -0.0639925 0 0.693853 0.145388 -0.0154355 -0.0023484 1 0
0.302316 0.7 -0.0631977 0 0.693853 0.145388 -0.0154355 -0.0023484 1 0
0.302316 0.7 -0.0629593 0 0.693853 0.145388 -0.0154355 -0.0023484 1 0
0.302316 0.7 -0.0628878 0 0.693853 0.145388 -0.0154355 -0.0023484 1 0
0.302316 0.4 -0.0628663 0 0.693853 0.145388 -0.0154355 -0.0023484 1 0
0.302316 0.4 -0.0628599 0 0.693853 0.145388 -0.0154355 -0.0023484 1 0
0.727067 0.4 -0.062858 0 0.693853 0.145388 -0.0154355 -0.0023484 1 0
0.727067 0.4 -0.0628574 0 0.693853 0.145388 -0.0154355 -0.0023484 1 1
0.727067 0.3 -0.0628572 0 0.693853 0.145388 -0.0154355 -0.0023484 1 1
0.901744 0.4 -0.0628572 0 0.693853 0.145388 -0.0154355 -0.0023484 1 1
0.901744 0.3 -0.0628571 0 0.693853 0.145388 -0.0154355 -0.0023484 1 1
0.901744 0.2 -0.0628571 0 0.693853 0.145388 -0.0154355 -0.0023484 1 1
0.901744 0.2 -0.0628571 0 0.693853 0.145388 -0.0154355 -0.0023484 1 1
0.901744 0.2 -0.0628571 0 0.693853 0.145388 -0.0154355 -0.0023484 1 1
0.901744 0.2 -0.0628571 0 0.693853 0.145388 -0.0154355 -0.0023484 1 1
0.901744 0.3 -0.0628571 0 0.693853 0.145388 -0.0154355 -0.0023484 1 1
0.901744 0.3 -0.0628571 0 0.693853 0.145388 -0.0154355 -0.0023484 1 1
0.901744 0.1 -0.0628571 0 0.693853 0.145388 -0.0154355 -0.0023484 1 1
0.901744 0.1 -0.0628571 0 0.693853 0.145388 -0.0154355 -0.0023484 1 1
0.901744 0 -0.0628571 0 0.693853 0.145388 -0.0154355 -0.0023484 1 1
0.901744 0 -0.0628571 0 0.693853 0.145388 -0.0154355 -0.0023484 1 1
0.901744 0.1 -0.0628571 0 0.693853 0.145388 -0.0154355 -0.0023484 1 1
0.901744 0.2 -0.0628571 0 0.693853 0.145388 -0.0154355 -0.0023484 1 1
0.901744 0.3 -0.0628571 0 0.693853 0.145388 -0.0154355 -0.0023484 1 1
0.901744 0.2 -0.0628571 0 0.693853 0.145388 -0.0154355 -0.0023484 1 1
0.901744 0.3 -0.0628571 0 0.693853 0.145388 -0.0154355 -0.0023484 0 0
0.901744 0.4 -0.0628571 0 0.693853 0.145388 -0.0154355 -0.0023484 0 0
0.901744 0.2 -0.0628571 0 0.693853 0.145388 -0.0154355 -0.0023484 0 0
0.964628 0.3 -0.0628571 0 0.693853 0.145388 -0.0154355 -0.0023484 0 0
0.964628 0.4 -0.0628571 0 0.693853 0.145388 -0.0154355 -0.0023484 0 0
0.964628 0.3 -0.0628571 0 0.693853 0.145388 -0.0154355 -0.0023484 1 0
0.964628 0.2 -0.0628571 0 0.693853 0.145388 -0.0154355 -0.0023484 1 0
0.964628 0.3 -0.0628571 0 0.693853 0.145388 -0.0154355 -0.0023484 1 0
0.987266 0.4 -0.0628571 0 0.693853 0.145388 -0.0154355 -0.0023484 1 0
0.987266 0.5 -0.0628571 0 0.693853 0.145388 -0.0154355 -0.0023484 1 0
0.995416 0.6 -0.0628571 0 0.693853 0.145388 -0.0154355 -0.0023484 1 0
0.995416 0.7 -0.0628571 0 0.693853 0.145388 -0.0154355 -0.0023484 1 0
0.99835 0.4 -0.0628571 0 0.693853 0.145388 -0.0154355 -0.0023484 1 0
0.99835 0.4 -0.0628571 0 0.693853 0.145388 -0.0154355 -0.0023484 1 0
0.999406 0.5 -0.0628571 0 0.693853 0.145388 -0.0154355 -0.0023484 1 0
0.999406 0.6 -0.0628571 0 0.693853 0.145388 -0.0154355 -0.0023484 1 0
0.799525 0.7 0.186315 0 0.693853 0.145388 -0.0154355 -0.0023484 1 0
0.511696 0.4 -0.0197054 0 0.641446 0.145388 -0.0154355 -0.0023484 1 0
0.596491 0.5 -0.0815116 0 0.641446 0.145388 -0.0154355 -0.0023484 1 0
0.477193 0.6 -0.0944535 0 0.641446 0.145388 -0.0154355 -0.0023484 1 0
0.583242 0.7 -0.098336 0 0.709311 0.145388 -0.0154355 -0.0023484 1 0
0.849967 0.8 -0.0995008 0 0.709311 0.145388 -0.0154355 -0.0023484 1 0
0.90998 0.9 -0.109396 0 0.709311 0.145388 -0.0154355 -0.0023484 1 0
0.749432 1 -0.306985 0 0.709311 0.145388 -0.0154355 -0.0023484 1 0
0.599546 0.9 -0.18755 0 0.709311 0.145388 -0.0154355 -0.0023484 1 0
0.383709 1 -0.167629 0 0.709311 0.189644 -0.0256817 -0.160545 1 0
0.750508 1 -0.161652 0 0.709311 0.189644 -0.0256817 -0.160545 1 0
0.760244 1 -0.159859 0 0.746496 0.189644 -0.0256817 -0.160545 1 0
0.608195 0.8 0.0261413 0 0.750241 0.178382 -0.0238787 -0.0157696 1 0
0.633547 0.9 0.0819415 0 0.750241 0.178382 -0.0238787 -0.0157696 1 0
0.506838 1 0.16941 0 0.767465 0.178382 -0.0238787 -0.0157696 1 0
0.324376 1 0.162117 0 0.680059 0.162705 -0.0224363 -0.0112824 1 0
0.52456 1 0.159929 0 0.70091 0.162705 -0.0224363 -0.0112824 1 0
0.714736 1 0.0935983 0 0.757024 0.0934977 -0.0246157 -0.00635924 1 0
0.457431 1 0.117823 0 0.684191 0.141465 -0.00969257 0.0689126 1 0
0.575654 0.8 0.125091 0 0.751519 0.141465 -0.00969257 0.0689126 1 0
0.460523 0.9 -0.113609 0 0.801216 0.141465 -0.00969257 0.0689126 1 0
0.294735 1 -0.283749 0 0.797494 0.141465 -0.00969257 0.0689126 1 0
0.541473 1 -0.040253 0 0.815773 0.139839 -0.00775406 0.0171301 1 0
0.346542 1 -0.0913728 0 0.835597 0.139839 -0.00775406 0.0171301 1 0
0.739804 0.8 -0.106709 0 0.836702 0.138537 -0.00620325 0.0183707 1 0
0.843883 0.9 -0.122335 0 0.716673 0.138537 -0.00620325 0.0183707 1 0
0.724051 1 -0.127023 0 0.71369 0.117497 -0.0049626 0.00269659 1 0
0.579241 1 -0.109201 0 0.760642 0.117497 -0.0049626 0.00269659 1 0
0.622428 0.8 -0.103854 0 0.733245 0.117497 -0.0049626 0.00269659 1 0
0.698766 0.7 -0.10225 0 0.771542 0.117497 -0.0049626 0.00269659 1 0
0.891556 0.7 -0.101769 0 0.810641 0.117497 -0.0049626 0.00269659 1 0
0.96096 0.7 -0.101624 0 0.811991 0.117497 -0.0049626 0.00269659 1 0
0.861261 0.7 -0.101581 0 0.731836 0.117497 -0.0049626 0.00269659 1 0
0.813405 0.4 -0.101568 0 0.808196 0.117497 -0.0049626 0.00269659 1 0
0.790434 0.3 -0.101564 0 0.826332 0.117497 -0.0049626 0.00269659 1 0
0.779409 0.2 -0.101563 0 0.823897 0.117497 -0.0049626 0.00269659 1 0
0.623527 0.1 -0.122601 0 0.867814 0.117497 -0.0049626 0.00269659 1 0
0.639434 0 -0.128913 0 0.854935 0.117497 -0.0049626 0.00269659 1 0
0.706928 0.1 -0.130806 0 0.845486 0.157331 -0.000636745 0.0661573 1 0
0.824157 0.2 0.185758 0 0.841906 0.157331 -0.000636745 0.0661573 1 0
0.527461 0.3 0.0288634 0 0.858431 0.165865 -0.00717606 0.0309258 1 0
0.337575 0.4 -0.220791 0 0.886744 0.246025 -0.0557408 -0.157926 1 0
0.216048 0.5 -0.17393 0 0.870934 0.243487 -0.047926 -0.0150075 1 0
0.482962 0.6 -0.159871 0 0.873324 0.211456 -0.0416741 -0.0266726 1 0
0.631822 0.5 -0.155654 0 0.843487 0.132498 -0.040006 -0.0186715 1 0
0.505458 0.6 0.182614 0 0.834081 0.132498 -0.040006 -0.0186715 1 0
0.785572 0.7 0.284095 0 0.890342 0.189332 -0.0353381 -0.00160383 1 0
0.628457 0.6 0.0624506 0 0.928365 0.189332 -0.0353381 -0.00160383 1 0
0.641328 0.6 -0.00404261 0 0.998 0.191465 -0.0316038 0.0147169 1 0
0.707837 0.6 -0.0239906 0 0.961112 0.191465 -0.0316038 0.0147169 1 0
0.739762 0.4 -0.029975 0 0.960726 0.216506 -0.0219497 0.0324402 1 0
0.59181 0.5 0.0515338 0 0.847086 0.219871 -0.00422645 0.0766188 1 0
0.378758 0.6 -0.0536424 0 0.88777 0.25923 -0.00338116 0.0406284 1 0
0.749082 0.7 -0.0851953 0 0.916809 0.25923 -0.00338116 0.0406284 1 0
0.75956 0.8 -0.0946612 0 0.843539 0.244051 -0.00603826 0.0318361 1 0
0.855736 0.8 -0.153942 0 0.870576 0.244051 -0.00603826 0.0318361 1 0
0.810753 0.9 -0.00851193 0 0.870576 0.244051 -0.00603826 0.0318361 1 0
0.789162 0.8 -0.0653945 0 0.888297 0.244051 -0.00603826 0.0318361 1 0
0.505063 0.7 -0.154846 0 0.899885 0.244051 -0.00603826 0.0318361 1 0
0.323241 0.6 -0.0795618 0 0.904814 0.231907 -0.00816394 0.0234688 1 0
0.524124 0.6 -0.0569766 0 0.889617 0.231907 -0.00816394 0.0234688 1 0
0.65158 0.5 -0.0502011 0 0.907847 0.232193 -0.00986449 0.0254417 1 0
0.521264 0.6 0.00288839 0 0.863315 0.229087 -0.0112249 0.0176867 1 0
0.600165 0.6 0.0188152 0 0.812874 0.229937 -0.00231327 0.0581494 1 0
0.856059 0.5 0.0235933 0 0.816966 0.229937 -0.00231327 0.0581494 1 0
0.913636 0.6 0.00247272 0 0.744482 0.213949 -0.00518395 -0.000813827 1 0
0.584727 0.7 0.03256 0 0.628313 0.237826 0.0125195 0.110016 1 0
0.374225 0.8 0.0353236 0 0.680428 0.243594 0.00668227 0.0620125 1 0
0.543702 0.9 0.0361526 0 0.576201 0.248209 0.00867915 0.0669433 1 0
0.726222 1 0.0912924 0 0.499222 0.2719 0.0202767 0.112888 1 0
0.678869 1 0.107834 0 0.562209 0.24752 0.012888 -0.00635627 1 0
0.725857 1 0.112797 0 0.62173 0.244683 0.0103104 0.0515816 1 0
0.748411 1 0.114286 0 0.648735 0.21908 0.00158165 0.0245987 1 0
0.849047 1 -0.030188 0 0.661296 0.235264 0.00126532 0.0643456 1 0
0.807543 1 -0.0314923 0 0.741649 0.251544 0.00101225 0.0208098 1 0
0.516827 1 -0.0378261 0 0.783974 0.231235 0.00414314 0.0466478 1 0
0.598462 1 -0.0397262 0 0.836029 0.221655 -1.88241e-005 0.0366516 1 0
0.759077 1 -0.0395494 0 0.828082 0.243991 0.00665161 0.081988 1 0
0.485809 1 -0.0355135 0 0.691557 0.265193 0.00865462 0.0635904 1 0
0.586551 1 -0.0343027 0 0.705973 0.275487 0.0135904 0.0808723 1 0
0.469241 1 -0.0394575 0 0.732051 0.233723 0.0142056 0.0646978 1 0
0.580188 1 -0.0410039 0 0.621677 0.233645 0.0280312 0.119092 1 0
0.464151 0.8 -0.0373012 0 0.556057 0.246916 0.0290916 0.0899399 1 0
0.578234 0.7 -0.0361904 0 0.570972 0.2442 0.0266066 0.0712853 1 0
0.462587 0.5 -0.0258571 0 0.51392 0.258693 0.0412853 0.133028 1 0
0.296056 0.5 -0.0361355 0 0.51484 0.253621 0.0363616 0.0757559 1 0
0.189476 0.4 -0.0302851 0 0.440443 0.26623 0.0424226 0.113938 1 0
0.121264 0.2 -0.0236689 0 0.373594 0.266318 0.0372714 0.0898171 1 0
0.0776092 0.2 -0.0314062 0 0.471352 0.259721 0.0331505 0.0765204 1 0
0.0496699 0.1 -0.0434496 0 0.526172 0.254443 0.033187 0.0832163 0 0
0.0317887 0 -0.046143 0 0.578736 0.250221 0.0332163 0.086573 0 0
0.0203448 0 -0.0284262 0 0.702989 0.246844 0.0299064 0.0772584 0 0
0.0130207 0 -0.0522779 0 0.740169 0.257475 0.0305918 0.0844734 0 0
0.405 0.1 -0.0594334 0 0.756421 0.249313 0.0244734 0.0629121 0 0
0.5944 0.2 -0.06158 0 0.622994 0.246117 0.0229121 0.0649963 0 0
0.685312 0 -0.062224 0 0.667764 0.243561 0.0249963 0.0799971 0 0
0.54825 0 -0.0381116 0 0.752069 0.254848 0.0266637 0.091331 0 0
0.35088 0 -0.0551835 0 0.619354 0.247212 0.031331 0.0850648 0 0
0.534738 0.1 -0.060305 0 0.643382 0.22777 0.0250648 0.0633852 0 0
0.42779 0.2 -0.0630915 0 0.673265 0.235549 0.0233852 0.0753748 0 0
0.605339 0.3 -0.0878668 0 0.721136 0.235549 0.0233852 0.0753748 0 0
0.387417 0.2 -0.0315071 0 0.719216 0.268439 0.0420415 0.116967 0 0
0.247947 0.3 -0.00945213 0 0.586694 0.268439 0.0420415 0.116967 0 0
0.158686 0.4 -0.0501329 0 0.65454 0.261418 0.0402998 0.0855732 0 0
0.476169 0.2 -0.0442065 0 0.68967 0.285801 0.0522399 0.101792 0 0
0.304748 0.3 -0.0424286 0 0.789574 0.275308 0.0451252 0.0694335 0 0
0.517023 0.4 -0.0418953 0 0.842185 0.233579 0.0361002 0.0422135 0 0
0.710214 0.5 -0.0709019 0 0.902875 0.260197 0.0488801 0.112437 0 0
0.454537 0.5 -0.0540831 0 0.944941 0.284824 0.0591041 0.120617 0 0
