747 8 2
0.290904 0.5 0.0436435 0 0.782472 0.227859 0.04395 0.0584933 0 0
0.186178 0.6 0.0489905 0 0.785978 0.168954 0.0318266 0.062128 0 0
0.119154 0.5 0.0390224 0 0.791494 0.138497 0.022128 0.044369 0 0
0.445755 0.5 0.0360319 0 0.654701 0.110797 0.014369 0.0114952 0 0
0.356604 0.6 0.0736301 0 0.545618 0.0886378 0.0081619 0.00652952 0 0
0.536936 0.7 0.0849095 0 0.460804 0.0809103 0.00652952 -0.0247764 0 0
0.657729 0.5 0.0882934 0 0.390866 0.0747282 0.00522362 0.0308456 0 0
0.794638 0.5 0.0356985 0 0.334792 0.0597826 0.000845561 0.000676449 0 0
0.508568 0.3 0.0645557 0 0.411312 0.0578261 0.000676449 0.0205412 0 0
0.644113 0.4 0.0597513 0 0.355136 0.0462608 0.000541159 0.000432927 0 0
0.709174 0.5 0.045557 0 0.307893 0.0370087 0.000432927 0.017013 0 0
0.453871 0.6 0.00445657 0 0.268172 0.0296069 0.000346342 0.000277073 0 0
0.290478 0.5 -0.00787356 0 0.428442 0.0236856 0.000277073 0.000221659 0 0
0.539429 0.5 -0.00696733 0 0.364611 0.0422818 0.000221659 0.0301773 0 0
0.658926 0.4 -0.0162794 0 0.313311 0.0338254 0.000177327 0.000141862 0 0
0.716285 0.4 -0.0325154 0 0.272626 0.033727 0.0034752 0.00944682 0 0
0.743817 0.4 -0.0286735 0 0.236949 0.0269816 -0.000553177 -0.000442542 0 0
0.757032 0.4 -0.00150747 0 0.208607 0.0449186 0.00289079 -0.00435403 0 0
0.763375 0.4 -0.00045224 0 0.373071 0.0426016 0.00564597 0.0145168 0 0
0.48856 0.4 -0.041583 0 0.375876 0.0540812 0.00451677 0.0302801 0 0
0.634509 0.4 -0.0424091 0 0.323981 0.0499317 0.00694675 0.0188907 0 0
0.406086 0.5 -0.0357491 0 0.280349 0.046612 0.00889073 0.0171126 0 0
0.594921 0.6 -0.0199352 0 0.248724 0.0872896 0.00711259 0.0123567 0 0
0.38075 0.7 0.00820862 0 0.220484 0.0464983 0.0123567 -0.0234479 0 0
0.24368 0.8 -0.00725964 0 0.27204 0.0638653 0.0165521 0.0232416 0 0
0.155955 0.7 -0.0159937 0 0.363284 0.0644256 0.016575 0.0399266 0 0
0.0998112 0.7 0.00466136 0 0.375873 0.0915405 0.02326 0.0652747 0 0
0.0638792 0.7 0.00612814 0 0.393671 0.103232 0.0252747 0.0135531 0 0
0.0408827 0.7 -0.0127449 0 0.338721 0.0859192 0.0235531 0.0355091 0 0
0.415699 0.3 -0.0184068 0 0.306932 0.108735 0.0255091 0.0504073 0 0
0.332559 0.4 -0.022408 0 0.271632 0.130322 0.0237406 0.00232583 0 0
0.212838 0.4 0.0132338 0 0.241887 0.154257 0.0256592 0.027194 0 0
0.136216 0.4 -0.00667177 0 0.408894 0.156739 0.0238607 0.0057552 0 0
0.465384 0.4 -0.0126434 0 0.34734 0.165391 0.0190885 0.0219375 0 0
0.578707 0.5 -0.0144349 0 0.31013 0.155646 0.0186042 -0.00178334 0 0
0.462966 0.6 -0.0149724 0 0.290457 0.194517 0.0182167 0.0379067 0 0
0.296298 0.7 -0.0151336 0 0.351047 0.168947 0.0179067 0.040992 0 0
0.189631 0.6 -0.00926981 0 0.410317 0.195158 0.0276587 0.0887936 0 0
0.491023 0.6 0.016138 0 0.359023 0.219459 0.0287936 0.0697015 0 0
0.314255 0.6 0.0785256 0 0.317988 0.242234 0.0330349 0.0730946 0 0
0.550842 0.5 0.138689 0 0.383045 0.263787 0.0330946 0.0531423 0 0
0.664404 0.3 0.119896 0 0.337951 0.287697 0.0364757 0.0758472 0 0
0.718914 0.4 0.0758811 0 0.350834 0.310157 0.0391805 0.0780111 0 0
0.745079 0.5 0.110264 0 0.304336 0.321459 0.0346778 0.0510755 0 0
0.47685 0.4 0.0825253 0 0.354712 0.320501 0.0310755 0.0481938 0 0
0.628888 0.5 0.0592971 0 0.367385 0.293067 0.0281938 0.0292217 0 0
0.701866 0.6 0.050026 0 0.410678 0.307787 0.0292217 0.0733773 0 0
0.842137 0.7 0.0472446 0 0.358172 0.332896 0.0367107 0.0960352 0 0
0.905282 0.8 0.0740418 0 0.315453 0.332984 0.0327019 0.0494948 0 0
0.834536 0.7 0.082081 0 0.352363 0.346387 0.0328282 0.0729292 0 0
0.800577 0.5 0.0937032 0 0.308719 0.35711 0.0395959 0.0983434 0 0
0.512369 0.6 0.0142952 0 0.274883 0.332354 0.0383434 0.0773414 0 0
0.645937 0.5 0.0140108 0 0.343335 0.31255 0.034008 0.0505397 0 0
0.4134 0.6 -0.00500729 0 0.397745 0.32004 0.0305397 0.0510985 0 0
0.598432 0.5 0.012687 0 0.436539 0.329365 0.0244318 0.0328788 0 0
0.382996 0.5 -0.0352764 0 0.379464 0.323492 0.0195454 0.032303 0 0
0.245118 0.4 -0.0153127 0 0.331806 0.328794 0.0189697 0.0418424 0 0
0.517657 0.5 -0.00695866 0 0.290588 0.309702 0.0151757 0.0288073 0 0
0.3313 0.4 -0.0177455 0 0.324605 0.291095 0.0188073 0.0583791 0 0
0.212032 0.5 -0.00788214 0 0.348082 0.259542 0.0150458 -0.0179634 0 0
0.501775 0.4 0.00236509 0 0.361147 0.250967 0.01537 0.0389627 0 0
0.321136 0.5 0.0605779 0 0.313776 0.230774 0.0156293 0.0391701 0 0
0.205527 0.4 0.0765067 0 0.343676 0.211286 0.0125035 0.0033361 0 0
0.131537 0.4 0.0633366 0 0.36383 0.195695 0.0100028 -0.00866446 0 0
0.45051 0.5 0.0593856 0 0.36383 0.195695 0.0100028 -0.00866446 0 0
0.616245 0.4 0.138371 0 0.36383 0.195695 0.0100028 -0.00866446 0 0
0.695798 0.2 0.229879 0 0.36383 0.195695 0.0100028 -0.00866446 0 0
0.733983 0.2 0.188817 0 0.36383 0.195695 0.0100028 -0.00866446 0 0
0.752312 0.2 0.196172 0 0.36383 0.195695 0.0100028 -0.00866446 0 0
0.76111 0.1 0.139621 0 0.36383 0.195695 0.0100028 -0.00866446 0 0
0.913999 0.1 0.306751 0 0.36383 0.195695 0.0100028 -0.00866446 0 0
0.83872 0.2 0.305914 0 0.36383 0.195695 0.0100028 -0.00866446 0 0
0.802585 0.3 0.286219 0 0.36383 0.195695 0.0100028 -0.00866446 0 0
0.928931 0.4 0.28031 0 0.315185 0.176556 0.0113355 -0.0242649 0 0
0.957358 0.5 0.164862 0 0.341509 0.147912 0.00906844 -0.0194119 0 0
0.915719 0.6 0.255869 0 0.341509 0.147912 0.00906844 -0.0194119 0 0
0.839545 0.7 0.283171 0 0.359523 0.141663 0.00725475 -0.0241962 0 0
0.802982 0.8 0.291362 0 0.373934 0.14333 0.00247047 -0.0180236 0 0
0.929073 0.7 0.293819 0 0.386382 0.121331 0.00197637 -0.0284189 0 0
0.845955 0.8 0.224257 0 0.386382 0.121331 0.00197637 -0.0284189 0 1
0.676764 0.8 0.12254 0 0.40854 0.150398 0.0015811 -0.00540179 0 1
0.433129 0.8 0.055681 0 0.455009 0.170318 0.00126488 -0.0223214 0 1
0.277203 0.8 0.0705504 0 0.392268 0.109588 0.00434524 -0.00319048 0 1
0.17741 0.8 0.0649151 0 0.341622 0.0676704 0.000142855 0.0301143 0 1
0.113542 0.8 0.0632245 0 0.303405 0.080803 0.000114284 -0.0199086 0 1
0.072667 0.6 0.0549968 0 0.273159 0.0379757 -0.00324191 0.0307398 0 1
0.427904 0.5 0.0525284 0 0.249296 0.0837139 -0.00259352 0.00125851 0 1
0.342323 0.5 0.0740919 0 0.225383 0.113638 -0.00207482 -0.0183265 0 1
0.219087 0.5 0.0183387 0 0.207122 0.0342436 -0.00832652 -0.00666122 0 1
0.484129 0.5 0.0242516 0 0.207122 0.0342436 -0.00832652 -0.00666122 0 1
0.814287 0.5 -0.0697245 0 0.207122 0.0342436 -0.00832652 -0.00666122 0 1
0.790858 0.5 -0.113278 0 0.207122 0.0342436 -0.00832652 -0.00666122 0 1
0.779612 0.5 -0.0964104 0 0.207122 0.0342436 -0.00832652 -0.00666122 0 1
0.774214 0.5 -0.0917436 0 0.207122 0.0342436 -0.00832652 -0.00666122 0 1
0.771622 0.6 -0.0903436 0 0.207122 0.0342436 -0.00832652 -0.00666122 0 1
0.917784 0.7 -0.103385 0 0.207122 0.0342436 -0.00832652 -0.00666122 0 1
0.840536 0.8 -0.0237239 0 0.207122 0.0342436 -0.00832652 -0.00666122 0 1
0.942593 0.9 -0.263817 0 0.207122 0.0342436 -0.00832652 -0.00666122 0 1
0.852445 0.8 -0.205534 0 0.207122 0.0342436 -0.00832652 -0.00666122 0 1
0.809173 0.9 -0.172009 0 0.207122 0.0342436 -0.00832652 -0.00666122 0 1
0.788403 1 -0.150321 0 0.207122 0.0342436 -0.00832652 -0.00666122 0 1
0.923825 0.9 -0.202239 0 0.207122 0.0342436 -0.00832652 -0.00666122 0 1
0.972577 1 -0.228672 0 0.207122 0.0342436 -0.00832652 -0.00666122 0 1
0.866837 1 -0.236602 0 0.207122 0.0342436 -0.00832652 -0.00666122 0 1
0.952061 0.8 -0.132467 0 0.207122 0.0342436 -0.00832652 -0.00666122 0 1
0.856989 0.9 -0.0857927 0 0.207122 0.0342436 -0.00832652 -0.00666122 0 1
0.811355 1 -0.0717904 0 0.207122 0.0342436 -0.00832652 -0.00666122 0 1
0.78945 1 -0.0675898 0 0.207122 0.0342436 -0.00832652 -0.00666122 0 1
0.924202 1 -0.0663296 0 0.207122 0.0342436 -0.00832652 -0.00666122 0 1
0.972713 1 -0.0981883 0 0.207122 0.0342436 -0.00832652 -0.00666122 0 1
0.866902 1 -0.105739 0 0.207122 0.0342436 -0.00832652 -0.00666122 0 1
0.816113 1 -0.0760081 0 0.207122 0.0342436 -0.00832652 -0.00666122 0 1
0.933801 1 -0.0642498 0 0.207122 0.0342436 -0.00832652 -0.00666122 0 1
0.976168 0.9 -0.112418 0 0.207122 0.0342436 -0.00832652 -0.00666122 0 1
0.991421 0.8 -0.0763706 0 0.207122 0.0342436 -0.00832652 -0.00666122 0 1
0.996911 0.9 -0.0920365 0 0.207122 0.0342436 -0.00832652 -0.00666122 0 1
0.998147 1 -0.128315 0 0.192204 0.114062 5.44901e-006 0.046671 0 1
0.783288 1 -0.0950736 0 0.192204 0.114062 5.44901e-006 0.046671 0 1
0.775978 1 -0.0597355 0 0.192204 0.114062 5.44901e-006 0.046671 0 1
0.865587 1 -0.0443403 0 0.178622 0.151249 4.35921e-006 -0.00666318 0 1
0.732385 0.9 -0.0633021 0 0.178622 0.151249 4.35921e-006 -0.00666318 0 1
0.903659 1 -0.0286859 0 0.178622 0.151249 4.35921e-006 -0.00666318 0 1
0.833756 1 -0.0183011 0 0.164519 0.097666 0.00667015 -0.0246639 0 1
0.900254 1 -0.0296645 0 0.154087 0.124799 0.00866946 0.0136022 0 1
0.899273 1 -0.0330735 0 0.145869 0.0765063 0.0136022 0.0475485 0 1
0.963738 1 -0.0340963 0 0.138316 0.0678717 0.0142151 0.0180388 0 1
0.986946 1 -0.0344031 0 0.132511 0.0842973 0.0147054 -0.00490232 0 1
0.873734 1 -0.0344951 0 0.130053 0.0607712 0.0150977 0.00541147 0 1
0.92424 1 0.0284673 0 0.127322 0.0452836 0.0187448 0.0516625 0 0
0.906181 0.6 0.047356 0 0.173209 0.0628936 0.0183292 0.06133 0 0
0.724945 0.6 -0.10246 0 0.211095 0.0669815 0.0246633 0.0697307 0 0
0.848784 0.7 -0.147405 0 0.211095 0.0669815 0.0246633 0.0697307 0 0
0.945562 0.6 -0.160888 0 0.211095 0.0669815 0.0246633 0.0697307 0 0
0.967337 0.7 0.0438388 0 0.256576 0.0669186 0.023064 0.0484512 0 0
0.864322 0.7 0.071485 0 0.296072 0.0535348 0.0251179 -0.0299057 0 0
0.814875 0.5 0.113551 0 0.259656 0.0528279 0.0234276 0.0620754 0 0
0.874684 0.4 0.12617 0 0.329464 0.0655956 0.0220754 -0.0190063 0 0
0.92481 0.3 0.125351 0 0.381466 0.0658098 0.024327 0.0461283 0 0
0.755127 0.3 0.125105 0 0.416648 0.0393145 0.0261283 -0.0424307 0 0
0.911846 0.4 0.125032 0 0.416648 0.0393145 0.0261283 -0.0424307 0 0
0.837686 0.5 0.0812595 0 0.416648 0.0393145 0.0261283 -0.0424307 0 0
0.902612 0.5 0.0196481 0 0.423926 0.0414516 0.024236 -0.0172779 0 0
0.833254 0.5 0.015105 0 0.424247 0.0431613 0.0227221 -0.0218223 0 0
0.799962 0.5 -0.000198242 0 0.363182 0.0478624 0.021511 -0.0227912 0 0
0.783982 0.6 0.0462641 0 0.407937 0.0782899 0.0172088 -0.00623295 0 0
0.776311 0.7 0.0430459 0 0.439115 0.0859653 0.0171004 -0.0229864 0 0
0.772629 0.6 0.0176435 0 0.470629 0.112106 0.0170136 0.0369442 0 0
0.770862 0.6 0.0664324 0 0.464675 0.119684 0.0136109 -0.00911127 0 0
0.770014 0.7 0.0899297 0 0.459441 0.0957475 0.0175554 -0.0426224 0 0
0.861764 0.7 0.0969789 0 0.459441 0.0957475 0.0175554 -0.0426224 0 0
0.813647 0.7 0.0990937 0 0.459441 0.0957475 0.0175554 -0.0426224 0 0
0.79055 0.7 0.0573597 0 0.459441 0.0957475 0.0175554 -0.0426224 0 0
0.779464 0.5 0.0448395 0 0.459441 0.0957475 0.0175554 -0.0426224 0 0
0.920607 0.6 0.128877 0 0.459441 0.0957475 0.0175554 -0.0426224 0 0
0.841891 0.7 0.154089 0 0.459441 0.0957475 0.0175554 -0.0426224 0 0
0.673513 0.8 -0.0580442 0 0.453868 0.0832647 0.0173777 -0.0227645 0 0
0.658629 0.9 -0.121684 0 0.386879 0.0966118 0.0139021 -0.0222116 0 0
0.526903 1 0.00849477 0 0.397924 0.0972894 0.0111217 -0.0177693 0 0
0.337218 0.8 0.0775484 0 0.396646 0.0478315 0.00223069 0.0284512 0 0
0.561865 0.7 0.0412132 0 0.339056 0.0782652 0.00511789 0.010761 0 0
0.669695 0.7 0.0804195 0 0.353407 0.0959455 0.00409431 0.00660878 0 0
0.657163 0.7 -0.0216665 0 0.353407 0.0959455 0.00409431 0.00660878 0 0
0.876579 0.7 -0.0522923 0 0.353407 0.0959455 0.00409431 0.00660878 0 0
0.701263 0.7 -0.0372262 0 0.366703 0.12009 -5.78867e-005 -0.0333796 0 0
0.669285 0.7 0.0365594 0 0.366703 0.12009 -5.78867e-005 -0.0333796 0 0
0.880943 0.5 0.0586951 0 0.366703 0.12009 -5.78867e-005 -0.0333796 0 0
0.822852 0.6 0.0653358 0 0.372933 0.139405 0.013287 0.0772963 0 0
0.658282 0.7 0.0546007 0 0.322002 0.118191 0.013963 -0.0288296 0 0
0.715975 0.8 0.0748321 0 0.344088 0.107886 0.0145037 0.0582696 0 0
0.458224 0.7 0.0710607 0 0.2988 0.0929754 0.0149363 0.0552824 0 0
0.293263 0.7 0.0650682 0 0.262198 0.071047 0.0152824 0.0422259 0 0
0.540766 0.6 0.0604561 0 0.234068 0.100171 0.0155592 0.019114 0 0
0.346091 0.5 0.0424424 0 0.213341 0.106803 0.0124474 -0.00337543 0 0
0.739674 0.5 0.0370383 0 0.196479 0.0887761 0.0166246 0.056633 0 0
0.906283 0.5 0.0986115 0 0.196479 0.0887761 0.0166246 0.056633 0 0
0.835016 0.5 0.195373 0 0.196479 0.0887761 0.0166246 0.056633 0 0
0.940606 0.4 0.222442 0 0.196479 0.0887761 0.0166246 0.056633 0 0
0.978618 0.5 0.187384 0 0.196479 0.0887761 0.0166246 0.056633 0 0
0.869737 0.6 0.306215 0 0.196479 0.0887761 0.0166246 0.056633 0 0
0.817474 0.7 0.0559671 0 0.196479 0.0887761 0.0166246 0.056633 0 0
0.93429 0.6 -0.0257774 0 0.196479 0.0887761 0.0166246 0.056633 0 0
0.976345 0.6 0.187267 0 0.196479 0.0887761 0.0166246 0.056633 0 0
0.781076 0.7 0.116757 0 0.178017 0.0976875 0.016633 -0.00669361 0 0
0.774916 0.5 0.105027 0 0.163247 0.10815 0.0133064 -0.0193549 0 0
0.495946 0.4 0.0591397 0 0.152455 0.133187 0.0106451 -0.0114839 0 0
0.317406 0.4 0.153853 0 0.14269 0.133216 0.0118494 -0.0371871 0 0
0.20314 0.1 0.0876033 0 0.13731 0.129906 0.0128129 -0.0164164 0 0
0.130009 0.1 0.0310107 0 0.135245 0.133925 0.0102503 -0.0184664 0 0
0.083206 0.1 0.0645664 0 0.194059 0.130473 0.0115336 -0.0307731 0 0
0.0532518 0.2 0.0572077 0 0.1763 0.134379 0.0125602 -0.0299518 0 0
0.0340812 0.3 0.00494836 0 0.165485 0.160836 0.0100482 -0.00196148 0 0
0.021812 0.2 0.0134595 0 0.223393 0.158669 0.0113719 -0.0175692 0 0
0.41047 0.2 0.0283434 0 0.269037 0.136935 0.0124308 0.0366113 0 0
0.262701 0.3 0.00377329 0 0.307703 0.112881 0.0166113 0.0399557 0 0
0.168128 0.4 -0.0247283 0 0.347857 0.136972 0.0232891 0.0652979 0 0
0.107602 0.3 -0.0121482 0 0.373201 0.159577 0.0186312 0.0215717 0 0
0.451649 0.4 -0.196144 0 0.39005 0.130995 0.0182383 0.017924 0 0
0.573433 0.5 -0.251343 0 0.39005 0.130995 0.0182383 0.017924 0 0
0.675248 0.6 -0.267903 0 0.39005 0.130995 0.0182383 0.017924 0 0
0.805149 0.6 -0.272871 0 0.373265 0.141463 0.0312573 0.0916725 0 0
0.786471 0.7 -0.274361 0 0.308816 0.15317 0.0416725 0.100005 0 0
0.702005 0.8 -0.274808 0 0.308816 0.202536 0.0400047 0.0720038 1 0
0.736962 0.8 -0.274943 0 0.308816 0.202536 0.0400047 0.0720038 1 0
0.736962 0.8 -0.274983 0 0.308816 0.202536 0.0400047 0.0720038 1 0
0.736962 0.7 -0.274995 0 0.308816 0.202536 0.0400047 0.0720038 1 0
0.736962 0.7 -0.274998 0 0.308816 0.202536 0.0400047 0.0720038 1 0
0.736962 0.6 -0.275 0 0.308816 0.202536 0.0400047 0.0720038 1 0
0.736962 0.5 -0.275 0 0.308816 0.202536 0.0400047 0.0720038 1 0
0.905306 0.5 -0.275 0 0.308816 0.202536 0.0400047 0.0720038 1 0
0.96591 0.5 -0.275 0 0.308816 0.202536 0.0400047 0.0720038 1 0
0.863637 0.5 -0.275 0 0.308816 0.202536 0.0400047 0.0720038 1 0
0.950909 0.4 0.0302778 0 0.308816 0.202536 0.0400047 0.0720038 1 0
0.856436 0.5 0.0637708 0 0.308816 0.202536 0.0400047 0.0720038 1 0
0.81109 0.6 0.049566 0 0.308816 0.202536 0.0400047 0.0720038 1 0
0.789323 0.7 0.0453046 0 0.350501 0.188696 0.0520038 0.131603 1 0
0.778875 0.8 0.0369247 0 0.350501 0.188696 0.0520038 0.131603 1 0
0.920395 0.9 0.00659023 0 0.350501 0.188696 0.0520038 0.131603 1 0
0.736316 1 0.00658233 0 0.399189 0.18429 0.0649363 0.141949 1 0
0.753432 1 0.0480273 0 0.358481 0.177432 0.0752824 0.150226 1 0
0.761647 1 0.0776026 0 0.342699 0.181946 0.0802259 0.154181 0 0
0.765591 1 0.0412295 0 0.367637 0.15889 0.0708474 1.12589e-005 0 0
0.86049 1 0.0303176 0 0.32438 0.160445 0.0733446 0.125342 0 0
0.813035 1 0.027044 0 0.322892 0.145023 0.0686757 0.101607 0 0
0.887821 1 0.00350793 0 0.349618 0.139352 0.0582739 -0.0133809 0 0
0.826154 1 0.00450633 0 0.303478 0.138148 0.0566191 0.091962 0 0
0.717243 1 0.00480585 0 0.269012 0.120518 0.0519619 0.0715696 0 0
0.898208 1 0.0048957 0 0.334129 0.0930813 0.0482362 0.068589 0 0
0.938925 1 -0.0167745 0 0.294889 0.127798 0.038589 0.0442045 0 0
0.600912 1 0.0044271 0 0.276361 0.132239 0.0408712 0.0626969 0 0
0.688438 0.9 -0.00542864 0 0.293405 0.142458 0.0360303 0.0354909 0 0
0.4406 1 0.00201724 0 0.266185 0.160633 0.0288242 0.019726 0 0
0.281984 0.8 0.0098157 0 0.247172 0.148506 0.029726 0.0671142 0 0
0.18047 0.8 0.0176732 0 0.291727 0.135472 0.0271142 0.00502467 0 0
0.115501 0.8 0.00487196 0 0.365225 0.148377 0.0250247 0.0366864 0 0
0.0739204 0.8 0.0364616 0 0.413457 0.148702 0.0200197 -0.000650878 0 0
0.0473091 0.8 -0.010486 0 0.36205 0.142295 0.0193491 -0.00118737 0 0
0.422708 0.1 0.00981715 0 0.31837 0.130503 0.0188126 -0.0216166 0 0
0.76174 0.2 0.0159081 0 0.284803 0.114402 0.0183834 -0.0252932 0 0
0.914226 0.3 0.0177354 0 0.254072 0.0948549 0.0213734 -0.0362346 0 0
0.969122 0.3 0.0267022 0 0.254072 0.0948549 0.0213734 -0.0362346 0 0
0.775297 0.4 -0.00119986 0 0.275985 0.0892173 0.0204321 0.049679 0 0
0.863286 0.5 -0.00957049 0 0.32352 0.0713738 0.0230123 0.0584099 0 0
0.917971 0.4 -0.00773226 0 0.361548 0.0670991 0.0250765 -0.0332721 0 0
0.752501 0.5 -0.00718079 0 0.3786 0.0603459 0.0300612 0.084049 0 0
0.9109 0.6 -0.00701535 0 0.329547 0.0549434 0.0307156 -0.0187608 0 0
0.94654 0.5 0.0607159 0 0.287293 0.0539547 0.0279058 -0.0210087 0 0
0.912604 0.5 0.0810353 0 0.253879 0.0564971 0.0289913 -0.0168069 0 0
0.947562 0.3 0.0795737 0 0.227016 0.0651977 0.0265264 0.00455446 0 0
0.912898 0.3 0.0791353 0 0.279439 0.0554915 0.0312211 0.0783102 0 0
0.968643 0.3 0.0615784 0 0.279439 0.0554915 0.0312211 0.0783102 0 0
0.988712 0.3 0.0563114 0 0.321377 0.0477265 0.0316436 0.0553149 0 0
0.995936 0.4 0.0547312 0 0.321377 0.0477265 0.0316436 0.0553149 0 0
0.878049 0.5 0.0542572 0 0.291696 0.0415145 0.0319815 -0.0277481 0 0
0.702439 0.5 0.0162772 0 0.258357 0.086545 0.0289186 0.0298015 0 0
0.737171 0.6 0.0198831 0 0.232267 0.132569 0.0264682 0.0278412 0 0
0.753842 0.5 0.0231741 0 0.281988 0.146055 0.0245079 0.00293963 0 0
0.482459 0.5 0.063709 0 0.328448 0.163511 0.0229396 0.0283517 0 0
0.63158 0.6 0.0881916 0 0.363834 0.144142 0.021685 -0.0193186 0 0
0.703159 0.7 0.0361797 0 0.312231 0.138647 0.0206814 -0.0234549 0 0
0.450021 0.7 0.0250431 0 0.349785 0.134251 0.0198784 -0.00409726 0 0
0.288014 0.7 0.0217021 0 0.384373 0.164067 0.0192361 0.0187222 0 0
0.538247 0.5 -0.0119104 0 0.411453 0.181254 0.0187222 -0.00168891 0 0
0.658358 0.4 -0.0219942 0 0.448247 0.285003 0.0416444 0.119982 0 0
0.421349 0.5 -0.0250193 0 0.393634 0.285003 0.0416444 0.119982 0 0
0.761349 0.6 -0.0259268 0 0.393634 0.285003 0.0416444 0.119982 0 0
0.856809 0.5 -0.0261991 0 0.393634 0.285003 0.0416444 0.119982 0 0
0.729015 0.6 -0.0262808 0 0.393634 0.285003 0.0416444 0.119982 0 0
0.749927 0.4 -0.0263053 0 0.393634 0.285003 0.0416444 0.119982 0 1
0.749927 0.5 -0.0263126 0 0.393634 0.285003 0.0416444 0.119982 0 1
0.749927 0.4 -0.0263148 0 0.393634 0.285003 0.0416444 0.119982 0 1
0.749927 0.4 -0.0263155 0 0.393634 0.285003 0.0416444 0.119982 0 1
0.749927 0.4 -0.0263157 0 0.393634 0.285003 0.0416444 0.119982 0 1
0.749927 0.2 -0.0263158 0 0.393634 0.285003 0.0416444 0.119982 0 1
0.909974 0.3 -0.0263158 0 0.393634 0.285003 0.0416444 0.119982 0 1
0.967591 0.4 -0.0263158 0 0.393634 0.285003 0.0416444 0.119982 0 1
0.988333 0.5 -0.0263158 0 0.998 0.285003 0.0416444 0.119982 0 1
0.9958 0.5 -0.0263158 0 0.998 0.285003 0.0416444 0.119982 0 1
0.79664 0.5 -0.0263158 0 0.896604 0.288003 0.0533155 0.109319 0 1
0.782387 0.6 -0.0263158 0 0.738459 0.280402 0.0493191 0.0661219 0 1
0.700437 0.7 -0.0263158 0 0.659656 0.284322 0.0394553 0.0315642 0 1
0.560349 0.8 -0.0168068 0 0.613772 0.294124 0.0315642 0.041918 0 1
0.358624 0.9 0.0144024 0 0.51796 0.241966 0.0285847 -0.0204656 0 1
0.229519 1 -0.000284541 0 0.437526 0.206906 0.0262011 -0.00903912 0 1
0.146892 0.8 0.0228424 0 0.375418 0.165525 0.0242942 0.0494354 0 1
0.456407 0.8 0.0297805 0 0.326564 0.15242 0.0227687 -0.0184517 0 1
0.365125 0.8 0.0183936 0 0.284409 0.125269 0.0215483 -0.0260947 0 1
0.23368 0.8 -0.00106087 0 0.254046 0.136882 0.020572 0.0231242 0 1
0.7073 0.8 -0.00689722 0 0.228769 0.106172 0.0197909 0.0558327 0 1
0.739504 0.6 -0.00864812 0 0.208822 0.0849378 0.0191661 0.0519995 0 1
0.591603 0.7 0.00990555 0 0.251035 0.111284 0.0153328 0.00893295 0 1
0.627176 0.6 0.0154717 0 0.226774 0.119027 0.0155996 -0.00418698 0 1
0.776305 0.5 3.62334e-005 0 0.208235 0.135221 0.0124797 -1.62473e-005 0 1
0.496835 0.6 0.00461613 0 0.195477 0.158177 0.0133171 0.00732034 0 1
0.638481 0.7 -0.00437174 0 0.18205 0.139875 0.013987 0.0378563 0 1
0.706471 0.7 0.0567148 0 0.235528 0.158567 0.0145229 0.0349517 0 1
0.843464 0.7 0.0750407 0 0.235528 0.158567 0.0145229 0.0349517 0 1
0.943647 0.7 0.0805385 0 0.235528 0.158567 0.0145229 0.0349517 0 1
0.979713 0.6 0.0821879 0 0.235528 0.158567 0.0145229 0.0349517 0 1
0.870262 0.7 0.0826827 0 0.235528 0.158567 0.0145229 0.0349517 0 1
0.922157 0.8 0.0828311 0 0.235528 0.158567 0.0145229 0.0349517 0 1
0.922157 0.9 0.0828756 0 0.235528 0.158567 0.0145229 0.0349517 0 1
0.922157 0.8 0.082889 0 0.235528 0.158567 0.0145229 0.0349517 0 1
0.754108 0.8 -0.0218 0 0.235528 0.158567 0.0145229 0.0349517 1 1
0.754108 0.8 -0.0532067 0 0.235528 0.158567 0.0145229 0.0349517 1 1
0.754108 0.8 -0.0626287 0 0.235528 0.158567 0.0145229 0.0349517 1 1
0.754108 0.6 -0.0654553 0 0.235528 0.158567 0.0145229 0.0349517 1 1
0.852465 0.6 -0.0663032 0 0.235528 0.158567 0.0145229 0.0349517 1 1
0.727347 0.6 -0.0665576 0 0.235528 0.14352 0.018285 0.00796135 1 1
0.749126 0.6 -0.066634 0 0.198893 0.0914827 0.0212947 0.0237024 1 1
0.599301 0.6 0.0444835 0 0.238673 0.0731862 0.0237024 0.0189619 1 1
0.383553 0.7 -0.00256404 0 0.243112 0.105216 0.0389619 0.0978362 1 1
0.584105 0.6 -0.0136071 0 0.226405 0.0975058 0.0378362 0.0536023 1 1
0.680371 0.5 0.0242963 0 0.291394 0.0980046 0.0369356 0.0662152 1 1
0.726578 0.5 0.0422047 0 0.263223 0.10507 0.0328818 -0.000361194 1 1
0.46501 0.5 -0.0112859 0 0.217135 0.114056 0.0363055 0.0790444 1 1
0.297606 0.6 -0.0412236 0 0.248025 0.0879117 0.0390444 0.0679022 1 1
0.542851 0.6 -0.0502049 0 0.211254 0.0703294 0.0312355 0.0249884 1 1
0.347425 0.6 -0.0528993 0 0.181375 0.0862635 0.0316551 0.0186574 1 1
0.222352 0.4 -0.0537076 0 0.350228 0.0723441 0.0319907 0.0222592 1 1
0.704037 0.5 -0.0539501 0 0.350228 0.0723441 0.0319907 0.0222592 0 0
0.56323 0.6 -0.0540229 0 0.350228 0.0723441 0.0319907 0.0222592 0 0
0.67035 0.7 -0.0540447 0 0.294997 0.0723441 0.0319907 0.0222592 0 0
0.429024 0.8 -0.0540512 0 0.294997 0.0723441 0.0319907 0.0222592 0 0
0.274576 0.9 -0.0540532 0 0.294997 0.0723441 0.0319907 0.0222592 0 0
0.531796 1 -0.0540538 0 0.293141 0.0578753 0.0289259 0.0231407 0 0
0.34035 1 0.0594595 0 0.330769 0.0563002 0.0298074 0.0405126 0 0
0.217824 1 0.0191636 0 0.362939 0.0850402 0.0338459 0.0637434 0 0
0.139407 0.8 0.00707485 0 0.381841 0.0980322 0.0370767 0.0729947 0 0
0.0892206 0.8 0.00344822 0 0.356584 0.0884257 0.0363281 0.0357291 0 0
0.442826 0.8 0.00236023 0 0.403045 0.0907406 0.0357291 0.0585833 0 0
0.283409 0.8 0.00203383 0 0.335479 0.0492591 0.03525 -0.00513337 0 0
0.508829 0.8 0.00193591 0 0.329759 0.046074 0.0348666 0.03456 0 0
0.407063 0.8 0.00190653 0 0.274502 0.0568592 0.03456 0.057648 0 0
0.26052 0.6 0.00189772 0 0.226088 0.0588207 0.0309813 0.044785 0 0
0.166733 0.7 0.0903719 0 0.238318 0.0537232 0.0314517 0.031828 0 0
0.106709 0.8 0.0997331 0 0.297758 0.0796452 0.0351614 0.0747958 0 0
0.0682939 0.9 0.0972276 0 0.362796 0.0837162 0.0347958 0.0545033 1 0
0.0437081 0.8 0.102852 0 0.316324 0.0736396 0.0378366 0.046936 1 0
0.0279732 0.7 0.10454 0 0.35643 0.0889117 0.0402693 0.0655488 1 0
0.0179028 0.6 0.0192209 0 0.419976 0.107796 0.0388821 0.034439 1 0
0.0114578 0.6 0.00116099 0 0.438154 0.0929035 0.0411057 0.0395512 1 0
0.007333 0.6 0.076024 0 0.474437 0.0943228 0.0428845 0.067641 1 0
0.00469312 0.6 0.110307 0 0.473166 0.0887916 0.037641 0.0534461 1 0
0.0030036 0.4 0.0536804 0 0.440235 0.0643666 0.0367794 0.0327569 1 0
0.0019223 0.5 0.0335284 0 0.401673 0.0314933 0.0327569 0.0328722 1 0
0.00123027 0.6 -0.0277793 0 0.395412 0.0251946 0.0328722 0.0262977 1 0
0.000787375 0.7 -0.0461716 0 0.361491 0.0401557 0.0329644 0.0430382 1 0
0.00050392 0.8 -0.0516893 0 0.337614 0.0221246 0.0297049 0.0504306 1 0
0.400194 0.9 -0.0533446 0 0.321373 0.011033 0.0270972 0.0216778 1 0
0.320155 1 -0.0354478 0 0.271758 0.00215971 0.0283444 0.0293422 1 0
0.204899 0.9 -0.00590462 0 0.327251 0.00172777 0.0260089 0.0208071 1 0
0.131135 1 -0.00637665 0 0.293886 0.00138222 0.0241404 0.0193124 1 0
0.0839267 1 -0.00706005 0 0.261196 0.0144391 0.0226457 0.0347832 1 0
0.440285 0.8 0.00261171 0 0.345127 0.0215513 0.0214499 0.0138266 1 0
0.611337 0.7 0.0157835 0 0.362588 0.0305744 0.0238266 0.0357279 1 0
0.693442 0.6 0.0697351 0 0.3709 0.0344595 0.0223946 0.051249 1 0
0.443803 0.4 0.0257816 0 0.381694 0.0342343 0.0245823 0.0329992 1 0
0.284034 0.5 0.0256832 0 0.38236 0.0573874 0.0263325 0.0143994 1 0
0.181782 0.5 0.113626 0 0.352827 0.0459099 0.0243994 0.0195195 1 0
0.487255 0.3 0.137293 0 0.329441 0.0433946 0.0295195 0.0169489 1 0
0.311843 0.4 0.145355 0 0.310844 0.0347157 0.0236156 0.0188925 1 0
0.519748 0.5 0.147773 0 0.333097 0.0311059 0.0222258 0.0144473 0 0
0.415798 0.6 0.0622806 0 0.349646 0.0348847 0.0244473 0.0462245 0 0
0.266111 0.7 0.0923684 0 0.360525 0.0279078 0.0228912 0.0183129 0 0
0.527733 0.8 -0.308564 0 0.393975 0.0356595 0.0183129 0.0246504 0 0
0.791987 0.9 -0.428844 0 0.360278 0.041861 0.0179837 -0.0122797 0 0
0.63359 1 -0.464928 0 0.335891 0.0401554 0.0210536 0.0335096 0 0
0.704123 1 -0.475753 0 0.305076 0.0354577 0.0201762 -0.023859 0 0
0.737979 1 -0.479 0 0.395224 0.0616995 0.026141 0.0442461 0 0
0.472307 1 -0.479975 0 0.472543 0.212693 0.0775795 0.212064 0 0
0.776024 1 -0.480267 0 0.472543 0.280154 0.10873 0.216984 0 0
0.772492 0.9 -0.265509 0 0.472543 0.280154 0.10873 0.216984 0 0
0.770796 1 -0.201081 0 0.388701 0.287457 0.126984 0.201587 0 0
0.616637 0.8 -0.136268 0 0.438961 0.319965 0.141587 0.21327 0 0
0.394648 0.9 -0.12165 0 0.373086 0.332639 0.129937 0.170616 0 0
0.589431 1 -0.117264 0 0.497009 0.369445 0.123949 0.165826 0 1
0.377236 1 -0.115948 0 0.667878 0.362222 0.122493 0.184661 0 1
0.748644 1 -0.115554 0 0.668496 0.356445 0.121328 0.163729 0 1
0.909512 1 -0.115435 0 0.608416 0.355156 0.117062 0.160316 0 1
0.945707 1 -0.109466 0 0.531453 0.364125 0.11365 0.157586 0 1
0.853939 1 0.0454496 0 0.469607 0.354633 0.10092 0.127402 0 1
0.546521 1 -0.00880101 0 0.441958 0.343706 0.0840691 0.0739219 0 1
0.349774 0.8 0.0249913 0 0.407499 0.294965 0.0705886 0.0198042 0 1
0.223855 0.7 0.00333071 0 0.450293 0.282639 0.0598042 0.0511767 0 1
0.50745 0.8 -0.00316746 0 0.422804 0.279444 0.0511767 0.027608 0 1
0.786146 0.8 -0.00511691 0 0.360578 0.226889 0.047608 0.0414198 0 1
0.923012 0.8 -0.00570175 0 0.29468 0.184844 0.0480864 0.0484691 0 1
0.73841 0.7 -0.0058772 0 0.29468 0.184844 0.0480864 0.0484691 0 1
0.73841 0.8 -0.00592983 0 0.29468 0.184844 0.0480864 0.0484691 0 1
0.852662 0.8 -0.00594562 0 0.361517 0.184844 0.0480864 0.0484691 0 1
0.68213 0.8 -0.00595036 0 0.361517 0.184844 0.0480864 0.0484691 0 1
0.436563 0.8 -0.00595178 0 0.361517 0.147875 0.0351358 0.0281086 0 1
0.2794 0.9 -0.00595221 0 0.297504 0.1183 0.031442 0.0251536 0 1
0.178816 1 0.0361154 0 0.264399 0.117974 0.0284869 0.0161229 0 1
0.114442 1 0.135177 0 0.26955 0.0943789 0.0294562 0.023565 0 1
0.0732431 1 0.0940252 0 0.271599 0.0821698 0.0302316 0.0275186 0 1
0.0468756 0.8 0.105985 0 0.289237 0.0924025 0.0341853 0.0440149 0 0
0.0300004 0.7 0.0706845 0 0.289143 0.0805887 0.0306816 0.0212119 0 0
0.0192002 0.8 0.0662053 0 0.342894 0.0778043 0.0312119 0.0183029 0 0
0.409216 0.8 0.0490283 0 0.356035 0.0689101 0.0283029 0.019309 0 0
0.596424 0.8 0.0469453 0 0.321987 0.0884614 0.0226423 0.0114472 0 0
0.381711 0.3 0.0295248 0 0.294546 0.0907691 0.0214472 0.0138244 0 0
0.244295 0.1 0.00371037 0 0.266238 0.105949 0.0204911 0.00972619 0 0
0.156349 0.2 0.0511131 0 0.242464 0.104759 0.0197262 -0.00755238 0 0
0.475047 0.3 0.0410692 0 0.223445 0.113807 0.015781 -0.00404191 0 0
0.30403 0.4 0.0423208 0 0.206563 0.131046 0.0159581 0.00276648 0 0
0.194579 0.5 0.120784 0 0.252207 0.131503 0.0194331 0.0288798 0 0
0.124531 0.6 0.110124 0 0.214464 0.151869 0.0355465 0.0751039 0 0
0.0796997 0.7 0.120537 0 0.245645 0.121495 0.0351039 0.0280831 0 0
0.0510078 0.6 0.0314315 0 0.292168 0.0971963 0.0314164 0.0251332 0 0
0.032645 0.7 0.0236186 0 0.325713 0.0544237 0.0284665 0.0161065 0 0
0.0208928 0.6 0.0119467 0 0.361646 0.0668723 0.0327732 0.0428852 0 0
0.0133714 0.4 0.0359356 0 0.386159 0.0534979 0.0295519 0.0236415 0 0
0.643851 0.4 0.0431322 0 0.404165 0.0427983 0.0303082 0.0242465 0 0
0.515081 0.1 0.0185683 0 0.419077 0.037572 0.0275799 0.0253972 0 0
0.329652 0.2 -0.0067102 0 0.414382 0.0667242 0.0253972 0.0136511 0 0
0.210977 0.3 -0.0364148 0 0.434877 0.113379 0.0236511 0.0322542 0 0
0.501269 0.2 -0.0370209 0 0.450825 0.17737 0.0255876 0.0504701 0 0
0.320812 0.2 0.00731478 0 0.462986 0.211896 0.0238034 0.0390427 0 0
0.732394 0.2 0.0206155 0 0.469824 0.236184 0.022376 0.0412342 0 0
0.839436 0.2 -0.056754 0 0.468677 0.23228 0.0212342 0.023654 0 0
0.537239 0.2 -0.0277564 0 0.400523 0.245824 0.023654 0.0522565 0 1
0.657875 0.3 -0.0190571 0 0.347412 0.266659 0.0222565 0.0411386 0 1
0.829468 0.4 -0.0164473 0 0.383193 0.279994 0.0244719 0.0495775 0 1
0.663574 0.4 -0.0156644 0 0.342683 0.277329 0.0229108 0.0283287 0 1
0.424688 0.4 -0.150533 0 0.301733 0.255196 0.0249953 0.0133296 0 1
0.2718 0.3 -0.114239 0 0.385099 0.264157 0.0233296 0.0353304 0 1
0.173952 0.3 -0.0815689 0 0.411608 0.267992 0.021997 0.0175976 0 1
0.111329 0.3 -0.071768 0 0.498907 0.254394 0.0242643 0.0460781 0 1
0.0712508 0.3 -0.0688277 0 0.526733 0.273515 0.0260781 0.0408625 0 1
0.0456005 0.3 -0.0679456 0 0.453644 0.245479 0.0241958 0.00935665 0 1
0.0291843 0.4 0.0694812 0 0.394027 0.22305 0.02269 0.0148187 0 1
0.018678 0.2 0.143344 0 0.45212 0.201773 0.0248186 -0.00681175 0 1
0.0119539 0 0.118351 0 0.402121 0.201418 0.0231883 -0.00811606 0 1
0.00765049 0 0.177397 0 0.351644 0.184468 0.0218839 0.0108405 0 1
0.00489631 0 0.190719 0 0.403595 0.174241 0.0208405 -0.00999428 0 1
0.00313364 0 0.151197 0 0.348273 0.169393 0.0200057 0.00933791 0 1
0.401504 0 0.16266 0 0.391118 0.148848 0.0193379 -0.0145297 0 1
0.256963 0.1 0.165798 0 0.406644 0.132411 0.0188037 0.00837626 0 1
0.498674 0.2 0.166739 0 0.414204 0.125929 0.0217096 -0.00929899 0 1
0.639363 0.3 0.167022 0 0.414204 0.125929 0.0217096 -0.00929899 0 1
0.870171 0.4 0.167107 0 0.414204 0.125929 0.0217096 -0.00929899 0 1
0.922103 0.5 0.159993 0 0.414204 0.14741 0.010701 0.0252275 0 1
0.754087 0.6 0.157859 0 0.414204 0.14741 0.010701 0.0252275 0 1
0.761962 0.7 0.157219 0 0.437722 0.14741 0.010701 0.0252275 0 1
0.60957 0.8 0.157027 0 0.371537 0.14741 0.010701 0.0252275 0 1
0.634075 0.9 0.156969 0 0.321991 0.14741 0.010701 0.0252275 0 1
0.50726 1 0.156952 0 0.275175 0.134595 0.00522748 0.0275153 0 1
0.324646 1 0.0976411 0 0.295007 0.114342 0.00418198 -0.00332108 0 1
0.55583 1 0.164417 0 0.283428 0.0914739 1.22508e-005 9.80063e-006 0 1
0.355731 1 0.179644 0 0.31334 0.0731791 0.00334313 0.00267451 0 0
0.536601 1 0.184212 0 0.329285 0.12521 -0.000658826 0.00280627 0 0
0.833176 1 0.185583 0 0.341589 0.163501 -0.00386039 0.000245018 0 0
0.799925 1 0.185994 0 0.365428 0.130801 0.000245018 0.000196014 0 0
0.783964 0.8 0.186117 0 0.377491 0.104641 0.00352935 0.00282348 0 0
0.776303 0.8 0.186154 0 0.336475 0.150379 -0.000509855 0.00292545 0 0
0.772625 0.8 0.186165 0 0.316908 0.16697 0.00625878 0.0416737 0 0
0.77086 0.8 0.186169 0 0.301614 0.156909 0.015007 0.0420056 0 0
0.91751 0.8 0.18617 0 0.259201 0.132194 0.015339 0.0189378 0 0
0.734008 0.8 0.18617 0 0.259201 0.132194 0.015339 0.0189378 0 0
0.681859 0.6 0.18617 0 0.223929 0.132194 0.015339 0.0189378 0 0
0.727292 0.7 0.18617 0 0.223929 0.132194 0.015339 0.0189378 0 0
0.7491 0.8 0.18617 0 0.223929 0.132194 0.015339 0.0189378 0 0
0.759568 0.9 0.18617 0 0.206368 0.119089 0.0156045 0.0358169 0 0
0.855741 1 0.18617 0 0.223126 0.095271 0.0158169 0.0126535 0 0
0.547674 1 0.0842294 0 0.186706 0.0762168 0.0159869 0.0127895 0 0
0.350511 1 0.0517491 0 0.205581 0.0843068 0.0227895 0.0115649 0 0
0.224327 1 0.042005 0 0.309043 0.114112 0.0248983 0.0299186 0 0
0.704606 1 0.0390818 0 0.309043 0.114112 0.0248983 0.0299186 0 0
0.822764 1 0.0382048 0 0.309043 0.114112 0.0248983 0.0299186 0 0
0.876956 1 0.0379417 0 0.309043 0.114112 0.0248983 0.0299186 0 0
0.955704 1 0.0378628 0 0.309043 0.114112 0.0248983 0.0299186 0 0
0.858738 1 0.0378391 0 0.309043 0.114112 0.0248983 0.0299186 0 0
0.915243 1 0.037832 0 0.309043 0.114112 0.0248983 0.0299186 0 1
0.585755 1 0.0378299 0 0.309043 0.114112 0.0248983 0.0299186 0 1
0.585755 1 0.0378292 0 0.309043 0.114112 0.0248983 0.0299186 0 1
0.808698 1 0.037829 0 0.309043 0.114112 0.0248983 0.0299186 0 1
0.808698 1 0.037829 0 0.309043 0.114112 0.0248983 0.0299186 0 1
0.808698 0.8 0.037829 0 0.309043 0.114112 0.0248983 0.0299186 0 1
0.808698 0.7 0.0378289 0 0.309043 0.114112 0.0248983 0.0299186 0 1
0.788175 0.7 0.0378289 0 0.309043 0.114112 0.0248983 0.0299186 0 1
0.778324 0.5 0.0378289 0 0.309043 0.114112 0.0248983 0.0299186 0 1
0.622659 0.6 0.0378289 0 0.418269 0.114112 0.0248983 0.0299186 0 1
0.698876 0.7 0.0378289 0 0.365583 0.114112 0.0248983 0.0299186 0 1
0.841276 0.5 0.0378289 0 0.315108 0.187956 0.0399186 0.118602 0 1
0.94286 0.6 0.0378289 0 0.381498 0.197032 0.0386016 0.0775479 0 1
0.965716 0.7 0.0378289 0 0.400436 0.230959 0.0375479 0.096705 0 1
0.863544 0.8 0.0378289 0 0.397093 0.264767 0.0500383 0.150031 0 1
0.814501 0.9 0.0620066 0 0.527731 0.25848 0.0466973 0.0873579 0 1
0.874576 0.8 0.0692599 0 0.435371 0.263451 0.0506912 0.12722 0 1
0.924746 0.9 0.000614363 0 0.513132 0.260761 0.0538863 0.113109 0 1
0.843878 0.8 -0.0458683 0 0.556362 0.255275 0.0497757 0.0864872 0 1
0.805061 0.7 -0.0377079 0 0.483592 0.217553 0.0431539 0.0611898 0 1
0.786429 0.8 -0.0508207 0 0.478677 0.207376 0.0411898 0.0862852 0 1
0.866492 0.7 -0.0547545 0 0.433468 0.179234 0.0362852 0.0556948 0 0
0.951937 0.8 -0.0559347 0 0.609932 0.266721 0.0490281 0.125889 0 0
0.971162 0.8 -0.0562887 0 0.664047 0.260043 0.0525558 0.108711 0 0
0.919695 0.8 -0.0563949 0 0.577904 0.251368 0.0520447 0.0883024 0 0
0.97109 0.8 -0.0564268 0 0.577577 0.247761 0.0549691 0.110642 0 0
0.989592 0.8 -0.0564364 0 0.57415 0.234875 0.0539753 0.0898469 0 0
0.875004 0.9 -0.0564392 0 0.470015 0.2079 0.0431802 0.0578775 0 0
0.700004 1 -0.0564401 0 0.522044 0.212987 0.0478775 0.104969 0 0
0.448002 1 -0.0564403 0 0.441679 0.183723 0.0416353 0.0566416 0 0
0.572033 1 -0.0564404 0 0.477833 0.183723 0.0416353 0.0566416 0 0
0.457626 1 -0.0564404 0 0.522526 0.183723 0.0416353 0.0566416 0 0
0.292881 1 -0.0564405 0 0.531726 0.183723 0.0416353 0.0566416 0 0
0.512466 1 -0.0564405 0 0.541381 0.183723 0.0416353 0.0566416 0 0
0.824488 1 -0.0564405 0 0.555981 0.183723 0.0416353 0.0566416 0 0
0.936816 1 -0.0564405 0 0.534541 0.183723 0.0416353 0.0566416 0 1
0.977254 1 -0.0564405 0 0.485307 0.183723 0.0416353 0.0566416 0 1
0.986352 1 -0.0564405 0 0.459607 0.183723 0.0416353 0.0566416 0 1
0.778759 1 -0.0564405 0 0.450777 0.183723 0.0416353 0.0566416 0 1
0.773804 1 -0.0564405 0 0.383539 0.183723 0.0416353 0.0566416 0 1
0.771426 1 -0.0564405 0 0.319026 0.183723 0.0416353 0.0566416 0 1
0.917713 0.9 -0.0564405 0 0.268554 0.160312 0.0366416 0.0493133 0 1
0.734171 1 -0.0564405 0 0.22126 0.141583 0.0293133 0.00345062 0 1
0.469869 1 -0.0949213 0 0.187008 0.126599 0.026784 -0.0052395 0 1
0.775322 1 -0.106466 0 0.231558 0.127946 0.0214272 -0.0195249 0 1
0.620258 1 -0.109929 0 0.257041 0.112357 0.0171417 0.00704672 0 1
0.697724 1 -0.110968 0 0.293977 0.159886 0.0270467 0.058304 0 1
0.840944 1 -0.111279 0 0.293977 0.159886 0.0270467 0.058304 0 1
0.672756 1 -0.111373 0 0.400927 0.164575 0.038304 0.0206432 0 1
0.833754 1 -0.111401 0 0.400927 0.164575 0.038304 0.0206432 0 1
0.800202 1 -0.111409 0 0.400927 0.164575 0.038304 0.0206432 0 1
0.784097 1 -0.111412 0 0.400927 0.164575 0.038304 0.0206432 0 1
0.870458 1 -0.111413 0 0.400927 0.164575 0.038304 0.0206432 0 1
0.81782 1 -0.0679309 0 0.400927 0.164575 0.038304 0.0206432 0 1
0.714043 1 -0.0548863 0 0.400927 0.164575 0.038304 0.0206432 0 1
0.897055 1 -0.0509729 0 0.400927 0.164575 0.038304 0.0206432 0 1
0.938233 1 -0.0497989 0 0.400927 0.164575 0.038304 0.0206432 0 1
0.600469 1 -0.0494467 0 0.400927 0.25166 0.0939766 0.228515 0 1
0.3843 1 0.037193 0 0.40256 0.214661 0.0851813 0.0714783 0 1
0.547571 1 0.0631849 0 0.548037 0.198396 0.0714783 0.0371827 0 1
0.728543 1 0.0834292 0 0.4687 0.205383 0.060516 0.0317461 0 1
0.749701 1 0.0895024 0 0.385431 0.204307 0.0517461 0.0213969 0 1
0.479808 0.8 0.102684 0 0.459773 0.306779 0.0680636 0.144451 0 1
0.778185 0.9 0.106639 0 0.459773 0.306779 0.0680636 0.144451 0 1
0.773529 1 0.107825 0 0.459773 0.306779 0.0680636 0.144451 0 1
0.618823 1 0.108181 0 0.424961 0.288756 0.0744509 0.149561 0 1
0.637628 1 0.108288 0 0.424961 0.288756 0.0744509 0.149561 0 1
0.706061 1 0.10832 0 0.367747 0.288756 0.0744509 0.149561 0 1
0.738909 1 0.108329 0 0.419531 0.288756 0.0744509 0.149561 0 1
0.906007 0.8 0.108332 0 0.419531 0.288756 0.0744509 0.149561 0 1
0.724806 0.9 0.108333 0 0.419531 0.288756 0.0744509 0.149561 0 1
0.463876 1 0.0254999 0 0.419531 0.288756 0.0744509 0.149561 0 1
0.62266 1 0.044884 0 0.419531 0.288756 0.0744509 0.149561 0 1
0.819326 0.8 0.0506992 0 0.419531 0.288756 0.0744509 0.149561 0 1
0.934957 0.7 0.0524438 0 0.419531 0.288756 0.0744509 0.149561 0 1
0.84878 0.7 0.0529672 0 0.419531 0.288756 0.0744509 0.149561 0 1
0.679024 0.7 -0.0132765 0 0.419531 0.288756 0.0744509 0.149561 0 1
0.660745 0.7 -0.0331496 0 0.419531 0.288756 0.0744509 0.149561 0 1
0.717158 0.7 -0.0391116 0 0.419531 0.288756 0.0744509 0.149561 0 1
0.573726 0.5 -0.0531313 0 0.556619 0.294338 0.0662274 0.122982 0 1
0.367185 0.6 0.0412035 0 0.454284 0.312137 0.0596486 0.117719 0 1
0.234998 0.7 -0.0186767 0 0.377064 0.32971 0.0710522 0.166842 0 1
0.150399 0.6 -0.00560301 0 0.353543 0.327101 0.0768417 0.171473 0 1
0.0962553 0.6 0.0876048 0 0.459883 0.305014 0.0714734 0.123845 0 1
0.0616034 0.7 0.12139 0 0.574092 0.274011 0.0638454 0.117743 0 1
0.423656 0.7 0.131526 0 0.53803 0.249209 0.057743 0.112861 0 1
0.603355 0.3 0.134566 0 0.453461 0.182701 0.052861 0.0789555 0 1
0.482684 0.4 0.139283 0 0.384045 0.162827 0.0522888 0.111831 0 1
0.585351 0.5 0.140698 0 0.34299 0.143595 0.0551644 0.114132 0 1
0.75121 0.4 0.106683 0 0.307359 0.124876 0.0507982 0.0873052 0 0
0.856349 0.3 0.0964786 0 0.286313 0.0765675 0.0473052 0.00451084 0 0
0.913809 0.4 0.131027 0 0.254857 0.071254 0.0411775 0.00627534 0 0
0.903177 0.5 0.141391 0 0.297007 0.0470032 0.0396087 0.0616869 0 0
0.941906 0.4 0.129917 0 0.269019 0.0409359 0.0383536 0.0440162 0 0
0.911269 0.4 0.126475 0 0.308966 0.0460821 0.0373495 0.0565463 0 0
0.946761 0.5 0.165645 0 0.322962 0.0435323 0.0365463 0.0459037 0 0
0.605927 0.6 0.11118 0 0.28663 0.0514925 0.0359037 0.0520563 0 0
0.387793 0.6 0.11705 0 0.248252 0.0845273 0.0453896 0.0829784 0 0
0.248188 0.6 0.118811 0 0.27034 0.0742885 0.0429784 0.0410494 0 0
0.15884 0.7 0.119339 0 0.260953 0.102764 0.047716 0.0848395 0 0
0.101658 0.8 0.119497 0 0.242805 0.125545 0.0548395 0.0905383 0 0
0.065061 0.6 0.119545 0 0.202755 0.107102 0.0472049 0.0444306 0 0
0.041639 0.6 0.119559 0 0.194462 0.132349 0.0544306 0.110211 0 0
0.026649 0.6 0.0864233 0 0.170543 0.105879 0.0435445 0.0348356 0 0
0.412791 0.4 0.0581638 0 0.282291 0.0980364 0.0381689 0.0405351 0 0
0.264187 0.4 0.0752216 0 0.325292 0.108429 0.0372018 0.0497614 0 0
0.52681 0.2 0.116514 0 0.356569 0.11341 0.0364281 0.0558092 0 0
0.337158 0.2 0.0844107 0 0.295837 0.090728 0.0291425 0.023314 0 0
0.215781 0 0.11058 0 0.375617 0.0959157 0.0299807 0.0506512 0 0
0.1381 0 0.104555 0 0.445174 0.100066 0.0306512 0.0511876 0 0
0.088384 0 0.109656 0 0.459843 0.126719 0.0378543 0.0969501 0 0
0.0565658 0 0.0697389 0 0.451852 0.131376 0.0369501 0.0562267 0 0
0.421721 0 0.0577638 0 0.402342 0.201767 0.0762267 0.190981 0 0
0.653033 0 0.127855 0 0.349099 0.16808 0.0643147 0.0614518 0 0
0.713456 0.1 0.139672 0 0.365143 0.137798 0.0547851 0.0471614 0 0
0.742459 0.2 0.0879544 0 0.471574 0.123571 0.0471614 0.0643958 0 0
0.75638 0 0.123097 0 0.46496 0.125524 0.0377291 0.0101833 0 0
0.484083 0.1 0.0853333 0 0.438995 0.107086 0.0335166 0.03348 0 0
0.63236 0.2 0.1131 0 0.434618 0.0990019 0.0301466 0.0474507 0 0
0.703533 0.3 0.123795 0 0.427264 0.119202 0.0241173 -0.00403948 0 0
0.737696 0.4 0.110823 0 0.41695 0.125361 0.0192939 0.0454351 0 0
0.472125 0.5 0.0769968 0 0.452078 0.116956 0.0221018 0.0443481 0 0
0.62662 0.6 0.0948939 0 0.387195 0.0968978 0.0210147 0.0201451 0 0
0.700778 0.7 0.0643656 0 0.396242 0.104185 0.0234785 0.0487828 0 0
0.448498 0.8 0.10208 0 0.343367 0.120015 0.0287828 0.0696929 0 0
0.615279 0.7 0.1063 0 0.299003 0.109345 0.0263595 0.044421 0 0
0.695334 0.7 0.112295 0 0.347898 0.097476 0.024421 0.0428701 0 0
0.73376 0.6 0.0951751 0 0.303319 0.124647 0.0328701 0.0929627 0 0
0.469607 0.5 0.0805796 0 0.2722 0.146385 0.0429628 0.101037 0 0
0.300548 0.6 0.028661 0 0.324903 0.163774 0.0510369 0.107496 0 0
0.192351 0.6 0.0275172 0 0.29163 0.177686 0.0541628 0.109997 0 0
0.123105 0.3 0.0617274 0 0.262933 0.188816 0.0666636 0.143331 0 0
0.0787869 0.3 0.0369393 0 0.238734 0.197719 0.0733309 0.148665 0 0
0.0504236 0.3 0.0613133 0 0.220517 0.254842 0.081998 0.155598 0 0
0.0322711 0.4 0.0742968 0 0.207183 0.303874 0.115598 0.242479 0 0
0.41549 0.5 -0.0174837 0 0.21078 0.353099 0.152479 0.295316 0 0
0.599435 0.6 -0.0450178 0 0.206034 0.405812 0.171983 0.287586 0 0
0.383639 0.7 -0.0532781 0 0.195996 0.417983 0.16092 0.218736 0 0
0.245529 0.7 -0.0557562 0 0.277551 0.421053 0.152069 0.211655 0 0
0.517854 0.7 -0.0564996 0 0.303523 0.416843 0.144989 0.205991 0 0
0.331426 0.8 -0.0567226 0 0.257725 0.413474 0.135991 0.195459 0 0
0.212113 0.9 -0.0567895 0 0.243217 0.410779 0.132126 0.195701 0 0
0.135752 1 0.0082921 0 0.217074 0.37529 0.119034 0.161894 0 0
0.0868814 0.8 0.0255139 0 0.254705 0.393565 0.118561 0.184849 0 0
0.0556041 0.8 0.0715055 0 0.284745 0.401519 0.108182 0.153212 0 0
0.0355866 0.8 0.085303 0 0.254957 0.367882 0.0932122 0.121236 0 0
0.0227754 0.8 0.0231603 0 0.315077 0.374305 0.0879031 0.136989 0 0
0.0145763 0.8 0.0169481 0 0.291325 0.389444 0.0836558 0.136925 0 0
0.00932882 0.8 -0.0094989 0 0.272812 0.398222 0.090258 0.162206 0 0
0.00597045 0.8 -0.00284967 0 0.471844 0.415244 0.0922064 0.160432 0 0
0.00382109 0.8 -0.0154382 0 0.502316 0.425529 0.0937651 0.165012 0 0
0.00244549 0.8 -0.0235504 0 0.63541 0.43709 0.0950121 0.16601 0 0
0.00156512 0.9 -0.0120651 0 0.558659 0.446338 0.099343 0.169474 0 0
0.00100167 1 0.000985728 0 0.499101 0.403737 0.0994744 0.166246 0 0
0.400481 1 0.00515683 0 0.453127 0.42299 0.116246 0.222997 0 0
0.256308 1 -0.00766348 0 0.418131 0.435059 0.112997 0.180398 0 0
0.523028 1 -0.00466391 0 0.387838 0.44138 0.140398 0.262318 0 0
0.334738 1 -0.0132235 0 0.34104 0.479771 0.172318 0.311188 0 0
0.214232 1 -0.0331337 0 0.300229 0.49715 0.157854 0.216284 0 0
0.137109 1 0.0416624 0 0.265183 0.521053 0.176284 0.291027 0 0
0.0877495 1 0.0135363 0 0.284089 0.553509 0.191027 0.302821 0 0
0.0561597 0.8 -0.0209391 0 0.260107 0.579474 0.199488 0.309591 0 0
0.0359422 0.8 -0.0437817 0 0.288086 0.600246 0.212924 0.320339 0 0
0.413802 0.8 -0.0506345 0 0.362821 0.606863 0.207006 0.295605 0 0
0.331041 0.6 -0.020224 0 0.339488 0.615491 0.188938 0.26115 0 0
0.211867 0.7 0.00393279 0 0.339488 0.625726 0.184484 0.277587 0 0
0.135595 0.8 -0.0392048 0 0.339488 0.627247 0.16092 0.218736 0 0
0.0867805 0.6 0.0482386 0 0.339488 0.638465 0.16207 0.259656 0 0
0.0555395 0.7 0.0239507 0 0.35221 0.634105 0.162989 0.260391 0 0
0.421327 0.8 0.0749272 0 0.35221 0.634105 0.162989 0.260391 0 0
0.602237 0.9 0.0902201 0 0.354761 0.657284 0.0737245 -0.0110204 0 0
0.48179 1 0.122936 0 0.343068 0.652494 0.10898 0.237184 0 0
0.308345 1 0.0460912 0 0.392284 0.641995 0.120517 0.226414 0 0
0.197341 1 0.0309005 0 0.381519 0.636929 0.146414 0.267131 0 0
0.475779 1 0.0263433 0 0.47238 0.632877 0.150464 0.250371 0 0
0.628374 1 0.0249762 0 0.390025 0.632968 0.153705 0.252964 0 0
0.777024 0.9 0.0587124 0 0.320591 0.629708 0.172964 0.288371 0 0
0.698377 1 0.0688332 0 0.285885 0.6171 0.175038 0.27003 0 0
0.558702 1 0.0718695 0 0.309911 0.61368 0.193363 0.304691 0 0
0.668177 1 0.0727804 0 0.262422 0.61761 0.204691 0.313753 0 0
0.720725 0.6 0.0730536 0 0.260683 0.617422 0.213753 0.321002 0 0
0.847569 0.7 0.0731356 0 0.271047 0.620604 0.221002 0.326802 0 0
0.908541 0.8 0.0731602 0 0.271237 0.63315 0.226802 0.331441 0 0
0.8361 0.6 0.0731676 0 0.228179 0.623187 0.231441 0.335153 0 0
0.801328 0.7 0.0731698 0 0.197142 0.618549 0.235153 0.338122 0 0
0.784637 0.6 0.0731704 0 0.210426 0.624839 0.238122 0.340498 0 0
0.776626 0.6 0.0696784 0 0.180281 0.623205 0.240498 0.342398 0 0
0.77278 0.6 0.0119292 0 0.19961 0.621897 0.242398 0.343919 0 0
0.494579 0.4 0.054314 0 0.208963 0.627518 0.247252 0.347802 0 0
0.782439 0.5 0.0670295 0 0.225186 0.628681 0.247802 0.348241 0 0
0.921678 0.4 0.0708441 0 0.239408 0.616278 0.221575 0.26726 0 0
0.953007 0.2 0.0601421 0 0.24908 0.609689 0.22726 0.331808 0 0
0.857443 0.2 0.134709 0 0.25564 0.597751 0.231808 0.335446 0 0
0.548764 0.2 0.0793017 0 0.224092 0.594868 0.23878 0.341024 0 0
0.351209 0.3 0.0514221 0 0.248718 0.572561 0.211024 0.258819 0 0
0.224774 0.4 0.07376 0 0.223136 0.554715 0.192152 0.243722 0 0
0.143855 0.4 0.0866017 0 0.202193 0.540439 0.177055 0.231644 0 0
0.0920673 0.5 0.0720331 0 0.230175 0.529018 0.164977 0.221982 0 0
0.0589231 0.6 0.116205 0 0.194463 0.519881 0.155315 0.214252 0 0
0.0377108 0.5 0.0916181 0 0.178647 0.512571 0.147586 0.204735 0 0
0.0241349 0.5 0.0578802 0 0.22976 0.506724 0.141402 0.203121 0 0
0.0154463 0.6 0.0795351 0 0.206168 0.452046 0.133121 0.193164 0 0
0.00988565 0.7 0.0860316 0 0.187435 0.408303 0.126497 0.191198 0 0
0.00632681 0.5 0.0680578 0 0.177108 0.406643 0.124531 0.209625 0 0
0.00404916 0.6 0.00890417 0 0.168847 0.371981 0.106292 0.1317 0 0
0.00259146 0.7 -0.00884191 0 0.221702 0.344251 0.105033 0.170693 0 0
0.00165854 0.7 -0.0141657 0 0.201458 0.352068 0.104027 0.169888 0 0
0.00106146 0.5 -0.0157629 0 0.187514 0.354987 0.103221 0.169244 0 0
0.000679337 0.5 -0.016242 0 0.194981 0.36399 0.102577 0.168728 0 0
0.400326 0.5 -0.0163858 0 0.254809 0.337859 0.0887283 0.120983 0 0
0.553725 0.6 -0.0164289 0 0.226319 0.300287 0.0776493 0.112119 0 0
0.44298 0.6 0.0219944 0 0.316024 0.32023 0.0687861 0.101696 0 0
0.61263 0.3 0.0250194 0 0.362576 0.30285 0.0616955 0.0960231 0 0
0.392083 0.4 0.0259269 0 0.387679 0.288947 0.0560231 0.0948185 0 0
0.250933 0.5 0.0261991 0 0.338715 0.307824 0.0548185 0.113855 0 0
0.520448 0.6 0.0572187 0 0.291662 0.289593 0.0538548 0.113084 0 0
0.649815 0.7 0.0351143 0 0.4098 0.278341 0.0497505 0.0864671 0 0
0.711911 0.6 0.0519817 0 0.350828 0.252673 0.0431337 0.0778403 0 0
0.741717 0.7 0.0570419 0 0.301965 0.278805 0.054507 0.130272 0 0
0.474699 0.8 0.0585599 0 0.331745 0.236377 0.0469389 0.0608845 0 0
0.303807 0.4 0.0590153 0 0.296165 0.235768 0.0442178 0.0820409 0 0
0.194437 0.5 0.059152 0 0.38633 0.235281 0.0387076 0.0776327 0 0
0.12444 0.6 0.059193 0 0.490069 0.234892 0.0376327 0.0801062 0 0
0.459731 0.3 0.0116175 0 0.417198 0.23458 0.0334395 0.0700849 0 0
0.620671 0.2 0.0284853 0 0.41785 0.250997 0.0300849 0.054068 0 0
0.697922 0.1 0.0766011 0 0.356502 0.254131 0.0374013 0.0965877 0 0
0.735003 0.1 0.0384215 0 0.393138 0.216638 0.0332544 0.0499368 0 0
0.752801 0.1 0.0162562 0 0.406645 0.219977 0.0299368 0.0506161 0 0
0.761345 0 -0.00433367 0 0.399892 0.222649 0.0339495 0.0738262 0 0
0.765445 0 0.00815936 0 0.338471 0.181452 0.0304929 0.0377277 0 0
0.767414 0.1 -0.000722492 0 0.392882 0.158495 0.0243943 0.0361821 0 0
0.768359 0.2 -0.0144059 0 0.410139 0.143463 0.0228488 0.00161237 0 0
0.768812 0.3 0.122067 0 0.402111 0.11477 0.0149457 0.0119566 0 0
0.49204 0.4 0.0794773 0 0.392893 0.135149 0.0286232 0.0695652 0 0
0.314905 0.5 0.0373047 0 0.383001 0.131453 0.0195652 0.0523189 0 0
0.201539 0.6 0.0397628 0 0.326203 0.111829 0.0189855 0.0218551 0 0
0.496739 0.7 0.179151 0 0.287748 0.0894632 0.0118551 0.00948407 0 0
0.317913 0.8 0.0974953 0 0.272989 0.0782372 0.0128174 0.0169206 0 0
0.203464 0.9 0.088216 0 0.255089 0.0692564 0.0169206 0.0202031 0 0
0.130217 1 0.0854322 0 0.24608 0.0987385 0.0268698 0.0681625 0 0
0.083339 0.8 0.084597 0 0.228789 0.0856575 0.0281625 0.0291967 0 0
0.0533369 0.7 0.114781 0 0.188412 0.0751926 0.0258633 0.0273573 0 0
0.0341356 0.7 0.080173 0 0.19166 0.0668208 0.024024 0.0258859 0 0
0.0218468 0.6 0.0697905 0 0.181764 0.0601233 0.0258859 0.0273754 0 0
0.013982 0.6 0.0666758 0 0.216245 0.091432 0.034042 0.0739003 0 0
0.405369 0.6 0.0657414 0 0.216245 0.091432 0.034042 0.0739003 0 0
0.785933 0.6 0.065461 0 0.216245 0.091432 0.034042 0.0739003 0 0
0.922936 0.6 0.065377 0 0.246996 0.0764789 0.030567 0.0277869 0 0
0.843009 0.6 0.0653517 0 0.277178 0.0811831 0.0244536 -0.00377048 0 0
0.905806 0.6 0.0240927 0 0.247829 0.0982798 0.0228962 0.00165028 0 0
0.834787 0.5 0.105946 0 0.317013 0.0886239 0.0216503 -0.0193464 0 0
0.880419 0.6 0.130502 0 0.315833 0.0742324 0.0206536 0.0598562 0 0
0.704335 0.7 0.137868 0 0.283267 0.0427193 0.0231895 0.0552183 0 0
0.738081 0.8 0.0211682 0 0.253733 0.0975088 0.0418849 0.123508 0 0
0.472372 0.8 0.0916069 0 0.229333 0.14134 0.0601746 0.15814 0 0
0.626738 0.8 0.0633795 0 0.290784 0.199739 0.0681397 0.144512 0 0
0.700834 0.8 0.0852301 0 0.257486 0.206458 0.0578451 0.0729427 0 0
0.84184 0.7 0.110825 0 0.257486 0.206458 0.0578451 0.0729427 0 0
0.905104 0.8 0.134563 0 0.228211 0.161833 0.0529427 -0.0243125 0 0
0.579267 0.9 0.0999435 0 0.296854 0.179466 0.0623542 0.139883 0 0
0.806829 0.8 0.0895575 0 0.315644 0.196906 0.0632167 0.11724 0 0
0.930458 0.9 0.0864417 0 0.334334 0.200858 0.0539067 0.069792 0 0
0.958275 0.8 0.0752915 0 0.376137 0.207353 0.0564587 0.111834 0 0
0.915983 0.9 0.0719464 0 0.323132 0.212549 0.0585003 0.113467 0 0
0.94959 1 0.0529942 0 0.386991 0.216706 0.0534669 0.0894402 0 0
0.855803 1 0.0787188 0 0.392351 0.220032 0.0561068 0.111552 0 0
0.728628 1 0.0864361 0 0.394328 0.206025 0.0515521 0.0912417 0 0
0.749742 1 0.0887514 0 0.393569 0.211487 0.0479084 0.104993 0 0
0.599793 1 0.0714972 0 0.398576 0.215856 0.0449934 0.102661 0 0
0.687901 1 0.0352649 0 0.344896 0.219352 0.039328 0.0681291 0 0
0.730192 0.7 0.0517445 0 0.465391 0.222148 0.0381291 0.0771699 0 0
0.680394 0.7 0.0566883 0 0.452786 0.224385 0.0338366 0.0704026 0 0
0.544315 0.6 0.0259809 0 0.552926 0.226175 0.0404026 0.0989888 0 0
0.348362 0.7 0.0314429 0 0.539451 0.227606 0.0356554 0.0685243 0 0
