586 8 2
0.462899 0.4 0.0376485 0 0.270531 0.635494 -0.143688 -0.131617 0 0
0.462899 0.5 0.0378097 0 0.270531 0.635494 -0.143688 -0.131617 0 0
0.462899 0.6 0.0378581 0 0.270531 0.635494 -0.143688 -0.131617 0 0
0.462899 0.7 0.0378726 0 0.270531 0.635494 -0.143688 -0.131617 0 0
0.462899 0.6 0.0378769 0 0.270531 0.635494 -0.143688 -0.131617 0 0
0.773315 0.7 0.0378782 0 0.270531 0.635494 -0.143688 -0.131617 0 0
0.773315 0.8 0.0378786 0 0.270531 0.635494 -0.143688 -0.131617 0 0
0.773315 0.1 0.0378787 0 0.270531 0.635494 -0.143688 -0.131617 0 0
0.773315 0.1 0.0378788 0 0.270531 0.635494 -0.143688 -0.131617 0 0
0.773315 0.2 0.0378788 0 0.270531 0.635494 -0.143688 -0.131617 0 0
0.773315 0.3 0.0378788 0 0.270531 0.635494 -0.143688 -0.131617 0 0
0.773315 0.4 0.0378788 0 0.270531 0.635494 -0.143688 -0.131617 0 0
0.773315 0.5 0.0378788 0 0.270531 0.635494 -0.143688 -0.131617 0 0
0.773315 0.6 0.0378788 0 0.270531 0.635494 -0.143688 -0.131617 0 0
0.863989 0.7 0.0933949 0 0.268664 0.508395 -0.11495 -0.0919601 0 0
0.814715 0.7 0.203484 0 0.21638 0.508395 -0.11495 -0.0919601 0 0
0.814715 0.8 0.236511 0 0.21638 0.508395 -0.11495 -0.0919601 0 0
0.814715 0.9 0.246419 0 0.21638 0.508395 -0.11495 -0.0919601 0 0
0.71285 1 0.249391 0 0.21638 0.508395 -0.11495 -0.0919601 0 0
0.742168 0.8 0.250283 0 0.21638 0.508395 -0.11495 -0.0919601 0 0
0.742168 0.9 0.25055 0 0.21638 0.508395 -0.11495 -0.0919601 0 0
0.742168 0.6 0.25063 0 0.21638 0.508395 -0.11495 -0.0919601 0 0
0.742168 0.6 0.250655 0 0.21638 0.508395 -0.11495 -0.0919601 0 0
0.742168 0.6 0.250662 0 0.21638 0.508395 -0.11495 -0.0919601 0 0
0.742168 0.5 0.250664 0 0.21638 0.508395 -0.11495 -0.0919601 0 0
0.742168 0.3 0.250665 0 0.21638 0.508395 -0.11495 -0.0919601 0 0
0.593735 0.4 -0.0779256 0 0.181041 0.508395 -0.11495 -0.0919601 0 0
0.627994 0.4 -0.176503 0 0.149691 0.508395 -0.11495 -0.0919601 0 0
0.627994 0.4 -0.206076 0 0.149691 0.508395 -0.11495 -0.0919601 0 0
0.627994 0.4 -0.214948 0 0.149691 0.508395 -0.11495 -0.0919601 0 0
0.627994 0.5 -0.217609 0 0.149691 0.508395 -0.11495 -0.0919601 0 0
0.627994 0.4 -0.218408 0 0.149691 0.508395 -0.11495 -0.0919601 0 0
0.627994 0.5 -0.218647 0 0.149691 0.508395 -0.11495 -0.0919601 0 0
0.627994 0.6 -0.218719 0 0.149691 0.508395 -0.11495 -0.0919601 0 0
0.627994 0.4 -0.218741 0 0.149691 0.508395 -0.11495 -0.0919601 0 0
0.627994 0.4 -0.218747 0 0.149691 0.508395 -0.11495 -0.0919601 0 0
0.627994 0.3 -0.218749 0 0.149691 0.508395 -0.11495 -0.0919601 0 0
0.627994 0 -0.21875 0 0.149691 0.508395 -0.11495 -0.0919601 0 0
0.627994 0 -0.21875 0 0.149691 0.508395 -0.11495 -0.0919601 0 0
0.627994 0 -0.21875 0 0.149691 0.508395 -0.11495 -0.0919601 0 0
0.627994 0 -0.21875 0 0.149691 0.508395 -0.11495 -0.0919601 0 0
0.627994 0 -0.21875 0 0.149691 0.508395 -0.11495 -0.0919601 0 0
0.701437 0.1 -0.21875 0 0.149691 0.508395 -0.11495 -0.0919601 0 0
0.56115 0.2 0.180966 0 0.157762 0.508395 -0.11495 -0.0919601 0 0
0.615481 0.3 0.0507183 0 0.157762 0.508395 -0.11495 -0.0919601 0 0
0.615481 0.4 0.0116441 0 0.157762 0.508395 -0.11495 -0.0919601 0 0
0.615481 0.3 -7.82062e-005 0 0.157762 0.508395 -0.11495 -0.0919601 0 0
0.615481 0.3 -0.00359489 0 0.157762 0.508395 -0.11495 -0.0919601 0 0
0.615481 0.4 -0.0046499 0 0.157762 0.508395 -0.11495 -0.0919601 0 0
0.615481 0.5 -0.0049664 0 0.157762 0.508395 -0.11495 -0.0919601 0 0
0.615481 0.3 -0.00506135 0 0.157762 0.508395 -0.11495 -0.0919601 0 0
0.615481 0.4 -0.00508983 0 0.157762 0.508395 -0.11495 -0.0919601 0 0
0.615481 0.4 -0.00509838 0 0.157762 0.508395 -0.11495 -0.0919601 0 0
0.615481 0 -0.00510094 0 0.157762 0.508395 -0.11495 -0.0919601 0 0
0.615481 0 -0.00510171 0 0.157762 0.508395 -0.11495 -0.0919601 0 0
0.615481 0 -0.00510194 0 0.157762 0.508395 -0.11495 -0.0919601 0 0
0.615481 0.1 -0.00510201 0 0.157762 0.508395 -0.11495 -0.0919601 0 0
0.615481 0.2 -0.00510203 0 0.157762 0.508395 -0.11495 -0.0919601 0 0
0.615481 0 -0.00510204 0 0.157762 0.508395 -0.11495 -0.0919601 0 0
0.615481 0 -0.00510204 0 0.157762 0.508395 -0.11495 -0.0919601 0 0
0.615481 0 -0.00510204 0 0.157762 0.508395 -0.11495 -0.0919601 0 0
0.861573 0.1 -0.00510204 0 0.157762 0.508395 -0.11495 -0.0919601 0 0
0.861573 0.2 -0.00510204 0 0.157762 0.508395 -0.11495 -0.0919601 0 0
0.861573 0.1 -0.00510204 0 0.157762 0.508395 -0.11495 -0.0919601 0 0
0.861573 0.1 -0.00510204 0 0.157762 0.508395 -0.11495 -0.0919601 0 0
0.861573 0.2 -0.00510204 0 0.157762 0.508395 -0.11495 -0.0919601 0 0
0.861573 0.3 -0.00510204 0 0.157762 0.508395 -0.11495 -0.0919601 0 0
0.861573 0.4 -0.00510204 0 0.157762 0.508395 -0.11495 -0.0919601 0 0
0.861573 0.5 -0.00510204 0 0.157762 0.508395 -0.11495 -0.0919601 0 0
0.861573 0.6 -0.00510204 0 0.157762 0.508395 -0.11495 -0.0919601 0 0
0.861573 0.5 -0.00510204 0 0.157762 0.508395 -0.11495 -0.0919601 0 0
0.861573 0.4 -0.00510204 0 0.157762 0.508395 -0.11495 -0.0919601 0 0
0.861573 0.4 -0.00510204 0 0.157762 0.508395 -0.11495 -0.0919601 0 0
0.861573 0.5 -0.00510204 0 0.157762 0.508395 -0.11495 -0.0919601 0 0
0.861573 0.6 -0.00510204 0 0.157762 0.508395 -0.11495 -0.0919601 0 0
0.861573 0.3 -0.00510204 0 0.157762 0.508395 -0.11495 -0.0919601 0 0
0.861573 0.4 -0.00510204 0 0.157762 0.508395 -0.11495 -0.0919601 0 0
0.861573 0.5 -0.00510204 0 0.157762 0.508395 -0.11495 -0.0919601 0 0
0.861573 0.6 -0.00510204 0 0.157762 0.508395 -0.11495 -0.0919601 0 0
0.861573 0.5 -0.00510204 0 0.157762 0.508395 -0.11495 -0.0919601 0 0
0.861573 0.5 -0.00510204 0 0.157762 0.508395 -0.11495 -0.0919601 0 0
0.861573 0.6 -0.00510204 0 0.157762 0.508395 -0.11495 -0.0919601 0 0
0.861573 0.2 -0.00510204 0 0.157762 0.508395 -0.11495 -0.0919601 0 0
0.861573 0.3 -0.00510204 0 0.157762 0.508395 -0.11495 -0.0919601 0 0
0.861573 0.2 -0.00510204 0 0.157762 0.508395 -0.11495 -0.0919601 0 0
0.861573 0.2 -0.00510204 0 0.157762 0.508395 -0.11495 -0.0919601 0 0
0.861573 0.2 -0.00510204 0 0.157762 0.508395 -0.11495 -0.0919601 0 0
0.861573 0.3 -0.00510204 0 0.157762 0.508395 -0.11495 -0.0919601 0 0
0.861573 0.4 -0.00510204 0 0.157762 0.508395 -0.11495 -0.0919601 0 0
0.861573 0.2 -0.00510204 0 0.157762 0.508395 -0.11495 -0.0919601 0 0
0.861573 0.1 -0.00510204 0 0.157762 0.508395 -0.11495 -0.0919601 0 0
0.861573 0.2 -0.00510204 0 0.157762 0.508395 -0.11495 -0.0919601 0 0
0.861573 0.3 -0.00510204 0 0.157762 0.508395 -0.11495 -0.0919601 0 0
0.861573 0.4 -0.00510204 0 0.157762 0.508395 -0.11495 -0.0919601 0 0
0.861573 0.5 -0.00510204 0 0.157762 0.508395 -0.11495 -0.0919601 0 0
0.861573 0.6 -0.00510204 0 0.157762 0.508395 -0.11495 -0.0919601 0 0
0.861573 0.7 -0.00510204 0 0.157762 0.508395 -0.11495 -0.0919601 0 0
0.861573 0.6 -0.00510204 0 0.157762 0.508395 -0.11495 -0.0919601 0 0
0.861573 0.7 -0.00510204 0 0.157762 0.508395 -0.11495 -0.0919601 0 0
0.861573 0.8 -0.00510204 0 0.157762 0.508395 -0.11495 -0.0919601 0 0
0.861573 0.3 -0.00510204 0 0.157762 0.508395 -0.11495 -0.0919601 0 0
0.861573 0.2 -0.00510204 0 0.157762 0.508395 -0.11495 -0.0919601 0 0
0.861573 0.2 -0.00510204 0 0.157762 0.508395 -0.11495 -0.0919601 0 0
0.861573 0.2 -0.00510204 0 0.157762 0.508395 -0.11495 -0.0919601 0 0
0.861573 0.3 -0.00510204 0 0.157762 0.508395 -0.11495 -0.0919601 0 0
0.861573 0.4 -0.00510204 0 0.157762 0.508395 -0.11495 -0.0919601 0 0
0.861573 0.5 -0.00510204 0 0.157762 0.508395 -0.11495 -0.0919601 0 0
0.861573 0.4 -0.00510204 0 0.157762 0.508395 -0.11495 -0.0919601 0 0
0.861573 0.3 -0.00510204 0 0.157762 0.508395 -0.11495 -0.0919601 0 0
0.950166 0.4 -0.00510204 0 0.157762 0.508395 -0.11495 -0.0919601 0 0
0.950166 0.5 -0.00510204 0 0.157762 0.508395 -0.11495 -0.0919601 0 0
0.950166 0.4 -0.00510204 0 0.157762 0.508395 -0.11495 -0.0919601 0 0
0.950166 0.4 -0.00510204 0 0.157762 0.508395 -0.11495 -0.0919601 0 0
0.950166 0.4 -0.00510204 0 0.157762 0.508395 -0.11495 -0.0919601 0 0
0.950166 0.1 -0.00510204 0 0.157762 0.508395 -0.11495 -0.0919601 0 0
0.950166 0.1 -0.00510204 0 0.157762 0.508395 -0.11495 -0.0919601 0 0
0.950166 0.1 -0.00510204 0 0.157762 0.508395 -0.11495 -0.0919601 0 0
0.98206 0.2 -0.00510204 0 0.157762 0.508395 -0.11495 -0.0919601 0 0
0.98206 0.3 -0.00510204 0 0.157762 0.508395 -0.11495 -0.0919601 0 0
0.993542 0 0.0436307 0 0.157762 0.508395 -0.11495 -0.0919601 0 0
0.993542 0 0.0582505 0 0.157762 0.508395 -0.11495 -0.0919601 0 0
0.997675 0.1 0.0626364 0 0.157762 0.508395 -0.11495 -0.0919601 0 0
0.997675 0.2 0.0639522 0 0.157762 0.508395 -0.11495 -0.0919601 0 0
0.997675 0.3 0.064347 0 0.157762 0.508395 -0.11495 -0.0919601 0 0
0.997675 0.4 0.0644654 0 0.157762 0.508395 -0.11495 -0.0919601 0 0
0.997675 0.3 0.0645009 0 0.157762 0.508395 -0.11495 -0.0919601 0 0
0.997675 0.4 0.0645116 0 0.157762 0.508395 -0.11495 -0.0919601 0 0
0.997675 0.5 0.0645148 0 0.157762 0.508395 -0.11495 -0.0919601 0 0
0.997675 0.6 0.0645157 0 0.157762 0.508395 -0.11495 -0.0919601 0 0
0.878884 0.7 0.064516 0 0.157762 0.508395 -0.11495 -0.0919601 0 0
0.956398 0.8 0.0645161 0 0.157762 0.508395 -0.11495 -0.0919601 0 0
0.956398 0.6 0.0645161 0 0.157762 0.508395 -0.11495 -0.0919601 0 0
0.956398 0.7 0.0645161 0 0.157762 0.508395 -0.11495 -0.0919601 0 0
0.984303 0.8 0.0645161 0 0.157762 0.508395 -0.11495 -0.0919601 0 0
0.984303 0.9 0.0645161 0 0.157762 0.508395 -0.11495 -0.0919601 1 0
0.872466 0.8 -0.0445875 0 0.157762 0.508395 -0.11495 -0.0919601 1 0
0.872466 0.9 -0.0773185 0 0.157762 0.508395 -0.11495 -0.0919601 1 0
0.872466 1 -0.0871379 0 0.157762 0.508395 -0.11495 -0.0919601 1 0
0.872466 0.8 -0.0900837 0 0.157762 0.508395 -0.11495 -0.0919601 1 0
0.954088 0.8 -0.0909674 0 0.157762 0.508395 -0.11495 -0.0919601 1 0
0.983472 0.6 -0.0912325 0 0.157762 0.508395 -0.11495 -0.0919601 1 0
0.786777 0.7 -0.0167637 0 0.157762 0.508395 -0.11495 -0.0919601 1 0
0.786777 0.8 0.00557695 0 0.157762 0.508395 -0.11495 -0.0919601 1 0
0.866592 0.7 0.0122791 0 0.157762 0.508395 -0.11495 -0.0919601 1 0
0.951973 0.8 0.0142898 0 0.157762 0.508395 -0.11495 -0.0919601 1 0
0.951973 0.7 0.014893 0 0.157762 0.508395 -0.11495 -0.0919601 1 0
0.98271 0.8 0.015074 0 0.157762 0.508395 -0.11495 -0.0919601 1 0
0.98271 0.9 0.0151282 0 0.157762 0.508395 -0.11495 -0.0919601 1 0
0.871701 1 -0.0204615 0 0.157762 0.508395 -0.11495 -0.0919601 1 0
0.923021 1 -0.0627561 0 0.157762 0.508395 -0.11495 -0.0919601 1 0
0.923021 0.8 -0.0754445 0 0.157762 0.508395 -0.11495 -0.0919601 1 0
0.923021 0.9 -0.079251 0 0.157762 0.508395 -0.11495 -0.0919601 1 0
0.923021 0.8 -0.0803929 0 0.157762 0.508395 -0.11495 -0.0919601 1 0
0.590733 0.9 -0.00911788 0 0.157762 0.508395 -0.11495 -0.0919601 1 0
0.590733 1 0.0122646 0 0.157762 0.508395 -0.11495 -0.0919601 1 0
0.590733 0.8 0.0186794 0 0.157762 0.508395 -0.11495 -0.0919601 1 0
0.810131 0.9 0.0206038 0 0.157762 0.508395 -0.11495 -0.0919601 1 0
0.810131 1 0.0211811 0 0.157762 0.508395 -0.11495 -0.0919601 1 0
0.810131 1 0.0213543 0 0.157762 0.508395 -0.11495 -0.0919601 1 0
0.810131 0.6 0.0214063 0 0.157762 0.508395 -0.11495 -0.0919601 1 0
0.931647 0.7 0.0214219 0 0.157762 0.508395 -0.11495 -0.0919601 1 0
0.931647 0.8 0.0214266 0 0.157762 0.508395 -0.11495 -0.0919601 1 0
0.931647 0.8 0.021428 0 0.157762 0.508395 -0.11495 -0.0919601 1 0
0.975393 0.6 0.0214284 0 0.157762 0.508395 -0.11495 -0.0919601 1 0
0.975393 0.7 0.0214285 0 0.157762 0.508395 -0.11495 -0.0919601 1 0
0.868189 0.6 0.173146 0 0.157762 0.508395 -0.11495 -0.0919601 1 0
0.868189 0.7 0.218661 0 0.157762 0.508395 -0.11495 -0.0919601 1 0
0.952548 0.8 0.232316 0 0.157762 0.508395 -0.11495 -0.0919601 1 0
0.952548 0.9 0.236412 0 0.157762 0.508395 -0.11495 -0.0919601 1 0
0.952548 0.8 0.237641 0 0.157762 0.508395 -0.11495 -0.0919601 1 0
0.952548 0.5 0.23801 0 0.157762 0.508395 -0.11495 -0.0919601 1 0
0.952548 0.5 0.23812 0 0.157762 0.508395 -0.11495 -0.0919601 1 0
0.952548 0.4 0.238153 0 0.157762 0.508395 -0.11495 -0.0919601 1 0
0.952548 0.5 0.238163 0 0.157762 0.508395 -0.11495 -0.0919601 1 0
0.982917 0.4 0.238166 0 0.157762 0.508395 -0.11495 -0.0919601 1 0
0.982917 0.5 0.238167 0 0.157762 0.508395 -0.11495 -0.0919601 1 0
0.99385 0.1 0.238168 0 0.157762 0.508395 -0.11495 -0.0919601 1 0
0.99385 0 0.238168 0 0.157762 0.508395 -0.11495 -0.0919601 1 0
0.99385 0 0.238168 0 0.157762 0.508395 -0.11495 -0.0919601 1 0
0.99385 0 0.238168 0 0.157762 0.508395 -0.11495 -0.0919601 1 0
0.997786 0 0.238168 0 0.157762 0.508395 -0.11495 -0.0919601 1 0
0.997786 0 0.238168 0 0.157762 0.508395 -0.11495 -0.0919601 1 0
0.999203 0 0.238168 0 0.157762 0.508395 -0.11495 -0.0919601 0 0
0.999203 0 0.238168 0 0.157762 0.508395 -0.11495 -0.0919601 0 0
0.999203 0 0.238168 0 0.157762 0.508395 -0.11495 -0.0919601 0 0
0.999203 0 0.238168 0 0.157762 0.508395 -0.11495 -0.0919601 0 0
0.999203 0 0.238168 0 0.157762 0.508395 -0.11495 -0.0919601 0 0
0.999203 0.1 0.238168 0 0.157762 0.508395 -0.11495 -0.0919601 0 0
0.999203 0.2 0.238168 0 0.157762 0.508395 -0.11495 -0.0919601 0 0
0.999203 0 0.238168 0 0.157762 0.508395 -0.11495 -0.0919601 0 0
0.879617 0.1 0.238168 0 0.157762 0.508395 -0.11495 -0.0919601 0 0
0.822216 0.2 0.238168 0 0.157762 0.508395 -0.11495 -0.0919601 0 0
0.794664 0 0.238168 0 0.157762 0.508395 -0.11495 -0.0919601 0 0
0.926079 0 0.119206 0 0.157762 0.508395 -0.11495 -0.0919601 0 0
0.926079 0.1 0.0835173 0 0.157762 0.508395 -0.11495 -0.0919601 0 0
0.926079 0.2 0.0728107 0 0.157762 0.508395 -0.11495 -0.0919601 0 0
0.973388 0.3 0.0695988 0 0.157762 0.508395 -0.11495 -0.0919601 0 0
0.973388 0.4 0.0686352 0 0.157762 0.508395 -0.11495 -0.0919601 0 0
0.973388 0.3 0.0683461 0 0.157762 0.508395 -0.11495 -0.0919601 0 0
0.973388 0.4 0.0682594 0 0.157762 0.508395 -0.11495 -0.0919601 0 0
0.973388 0.5 0.0682334 0 0.157762 0.508395 -0.11495 -0.0919601 0 0
0.973388 0.6 0.0682256 0 0.157762 0.508395 -0.11495 -0.0919601 0 0
0.973388 0.5 0.0682232 0 0.157762 0.508395 -0.11495 -0.0919601 0 0
0.973388 0.4 0.0682225 0 0.157762 0.508395 -0.11495 -0.0919601 0 0
0.973388 0.5 0.0682223 0 0.157762 0.508395 -0.11495 -0.0919601 0 0
0.973388 0.3 0.0682222 0 0.157762 0.508395 -0.11495 -0.0919601 0 0
0.99042 0.3 0.177967 0 0.157762 0.508395 -0.11495 -0.0919601 0 0
0.99042 0.4 0.21089 0 0.157762 0.508395 -0.11495 -0.0919601 0 0
0.875401 0 0.092984 0 0.157762 0.508395 -0.11495 -0.0919601 0 0
0.820193 0.1 0.0812201 0 0.157762 0.508395 -0.11495 -0.0919601 0 0
0.820193 0.2 0.0776909 0 0.157762 0.508395 -0.11495 -0.0919601 0 0
0.793692 0.3 0.129557 0 0.157762 0.508395 -0.11495 -0.0919601 0 0
0.780972 0.4 0.217439 0 0.157762 0.508395 -0.11495 -0.0919601 0 0
0.780972 0.3 0.243803 0 0.157762 0.508395 -0.11495 -0.0919601 0 0
0.92115 0.3 0.0988762 0 0.157762 0.508395 -0.11495 -0.0919601 0 0
0.92115 0.3 0.0553982 0 0.157762 0.508395 -0.11495 -0.0919601 0 0
0.92115 0.3 0.0423547 0 0.157762 0.508395 -0.11495 -0.0919601 0 0
0.92115 0.3 0.0384417 0 0.157762 0.508395 -0.11495 -0.0919601 0 0
0.92115 0.3 0.0372678 0 0.157762 0.508395 -0.11495 -0.0919601 0 0
0.92115 0 0.0369156 0 0.157762 0.508395 -0.11495 -0.0919601 0 0
0.92115 0 0.03681 0 0.157762 0.508395 -0.11495 -0.0919601 0 0
0.92115 0 0.0367783 0 0.157762 0.508395 -0.11495 -0.0919601 0 0
0.92115 0 0.0367688 0 0.157762 0.508395 -0.11495 -0.0919601 0 0
0.92115 0 0.0367659 0 0.157762 0.508395 -0.11495 -0.0919601 0 0
0.92115 0.1 0.0367651 0 0.157762 0.508395 -0.11495 -0.0919601 0 0
0.92115 0.2 0.0367648 0 0.157762 0.508395 -0.11495 -0.0919601 0 0
0.92115 0 0.0367647 0 0.157762 0.508395 -0.11495 -0.0919601 0 0
0.92115 0 0.0367647 0 0.157762 0.508395 -0.11495 -0.0919601 0 0
0.92115 0 0.0367647 0 0.157762 0.508395 -0.11495 -0.0919601 0 0
0.92115 0.1 0.0367647 0 0.157762 0.508395 -0.11495 -0.0919601 0 0
0.92115 0.2 0.0367647 0 0.157762 0.508395 -0.11495 -0.0919601 0 0
0.92115 0.3 0.0367647 0 0.157762 0.508395 -0.11495 -0.0919601 0 0
0.92115 0.4 0.0367647 0 0.157762 0.508395 -0.11495 -0.0919601 0 0
0.842152 0.5 0.118581 0 0.157762 0.508395 -0.11495 -0.0919601 0 0
0.842152 0.6 0.143127 0 0.157762 0.508395 -0.11495 -0.0919601 0 0
0.842152 0.5 0.15049 0 0.157762 0.508395 -0.11495 -0.0919601 0 0
0.842152 0.5 0.152699 0 0.157762 0.508395 -0.11495 -0.0919601 0 0
0.842152 0.5 0.153362 0 0.157762 0.508395 -0.11495 -0.0919601 0 0
0.842152 0.4 0.153561 0 0.157762 0.508395 -0.11495 -0.0919601 0 0
0.842152 0.5 0.15362 0 0.157762 0.508395 -0.11495 -0.0919601 0 0
0.842152 0.1 0.153638 0 0.157762 0.508395 -0.11495 -0.0919601 0 0
0.804233 0.1 -0.00231281 0 0.157762 0.508395 -0.11495 -0.0919601 0 0
0.804233 0.2 -0.0490981 0 0.157762 0.508395 -0.11495 -0.0919601 0 0
0.786032 0.2 0.253128 0 0.157762 0.508395 -0.11495 -0.0919601 0 0
0.786032 0.3 0.343795 0 0.157762 0.508395 -0.11495 -0.0919601 0 0
0.786032 0.4 0.370996 0 0.157762 0.508395 -0.11495 -0.0919601 0 0
0.786032 0.5 0.379156 0 0.157762 0.508395 -0.11495 -0.0919601 0 0
0.786032 0.4 0.381604 0 0.157762 0.508395 -0.11495 -0.0919601 0 0
0.922971 0.5 0.382338 0 0.157762 0.508395 -0.11495 -0.0919601 0 0
0.922971 0.6 0.382559 0 0.157762 0.508395 -0.11495 -0.0919601 0 0
0.97227 0.7 0.382625 0 0.157762 0.508395 -0.11495 -0.0919601 0 0
0.86669 0.8 0.382645 0 0.157762 0.508395 -0.11495 -0.0919601 0 0
0.86669 0.8 0.382651 0 0.157762 0.508395 -0.11495 -0.0919601 0 0
0.86669 0.4 0.382652 0 0.157762 0.508395 -0.11495 -0.0919601 0 0
0.86669 0.4 0.382653 0 0.157762 0.508395 -0.11495 -0.0919601 0 0
0.816011 0.5 0.148667 0 0.157762 0.508395 -0.11495 -0.0919601 0 0
0.816011 0.6 0.078471 0 0.157762 0.508395 -0.11495 -0.0919601 0 0
0.791685 0.7 0.287757 0 0.157762 0.508395 -0.11495 -0.0919601 0 0
0.791685 0.6 0.350543 0 0.157762 0.508395 -0.11495 -0.0919601 0 0
0.791685 0.5 0.369379 0 0.157762 0.508395 -0.11495 -0.0919601 0 0
0.791685 0.6 0.375029 0 0.157762 0.508395 -0.11495 -0.0919601 0 0
0.791685 0.7 0.376724 0 0.157762 0.508395 -0.11495 -0.0919601 0 0
0.925007 0.8 0.14013 0 0.157762 0.508395 -0.11495 -0.0919601 0 0
0.973002 0.9 0.067039 0 0.157762 0.508395 -0.11495 -0.0919601 0 0
0.990281 0.8 0.045474 0 0.157762 0.508395 -0.11495 -0.0919601 0 0
0.996501 0.6 0.0390045 0 0.157762 0.508395 -0.11495 -0.0919601 0 0
0.996501 0.4 0.0370637 0 0.157762 0.508395 -0.11495 -0.0919601 0 0
0.996501 0.4 0.0364814 0 0.157762 0.508395 -0.11495 -0.0919601 0 0
0.996501 0.2 0.0363067 0 0.157762 0.508395 -0.11495 -0.0919601 0 0
0.996501 0.3 0.0362543 0 0.157762 0.508395 -0.11495 -0.0919601 0 0
0.996501 0.2 0.0362386 0 0.157762 0.508395 -0.11495 -0.0919601 0 0
0.996501 0 0.0362339 0 0.157762 0.508395 -0.11495 -0.0919601 0 0
0.99874 0.1 0.0469277 0 0.157762 0.508395 -0.11495 -0.0919601 0 0
0.99874 0.2 0.0501358 0 0.157762 0.508395 -0.11495 -0.0919601 0 0
0.99874 0.3 0.0510983 0 0.157762 0.508395 -0.11495 -0.0919601 0 0
0.99874 0.2 0.051387 0 0.157762 0.508395 -0.11495 -0.0919601 0 0
0.99874 0.3 0.0514736 0 0.157762 0.508395 -0.11495 -0.0919601 0 1
0.99874 0.4 0.0514996 0 0.157762 0.508395 -0.11495 -0.0919601 0 1
0.99874 0.5 0.0515074 0 0.157762 0.508395 -0.11495 -0.0919601 0 1
0.99874 0.6 0.0515097 0 0.157762 0.508395 -0.11495 -0.0919601 0 1
0.99874 0.2 0.0515104 0 0.157762 0.508395 -0.11495 -0.0919601 0 1
0.99874 0.2 0.0515107 0 0.157762 0.508395 -0.11495 -0.0919601 0 1
0.879395 0.1 0.0515107 0 0.157762 0.508395 -0.11495 -0.0919601 0 1
0.879395 0.2 0.0515107 0 0.157762 0.508395 -0.11495 -0.0919601 0 1
0.879395 0.1 0.0515107 0 0.157762 0.508395 -0.11495 -0.0919601 0 1
0.879395 0.1 0.0515107 0 0.157762 0.508395 -0.11495 -0.0919601 0 1
0.879395 0.1 0.0515107 0 0.157762 0.508395 -0.11495 -0.0919601 0 1
0.703516 0.2 0.0378891 0 0.127556 0.508395 -0.11495 -0.0919601 0 1
0.703516 0.3 0.0338026 0 0.127556 0.508395 -0.11495 -0.0919601 0 0
0.703516 0.2 0.0325767 0 0.127556 0.508395 -0.11495 -0.0919601 0 0
0.703516 0.2 0.0322089 0 0.127556 0.508395 -0.11495 -0.0919601 0 0
0.45025 0.2 -0.000773606 0 0.153928 0.508395 -0.11495 -0.0919601 0 0
0.572896 0.2 -0.0106684 0 0.153928 0.508395 -0.11495 -0.0919601 0 0
0.572896 0.3 -0.0136368 0 0.153928 0.508395 -0.11495 -0.0919601 0 0
0.67499 0.4 -0.148847 0 0.153928 0.508395 -0.11495 -0.0919601 0 0
0.882996 0.5 -0.18941 0 0.153928 0.508395 -0.11495 -0.0919601 0 0
0.882996 0.6 -0.201579 0 0.153928 0.508395 -0.11495 -0.0919601 0 0
0.823838 0.6 -0.205229 0 0.153928 0.508395 -0.11495 -0.0919601 0 0
0.936582 0.7 0.0981111 0 0.153928 0.508395 -0.11495 -0.0919601 0 0
0.977169 0.8 0.176134 0 0.153928 0.508395 -0.11495 -0.0919601 0 0
0.991781 0.9 0.199541 0 0.153928 0.508395 -0.11495 -0.0919601 0 0
0.997041 0.8 0.206563 0 0.153928 0.508395 -0.11495 -0.0919601 0 0
0.997041 0.9 0.208669 0 0.153928 0.508395 -0.11495 -0.0919601 0 0
0.998935 1 0.209301 0 0.153928 0.508395 -0.11495 -0.0919601 0 0
0.999617 1 0.209491 0 0.153928 0.508395 -0.11495 -0.0919601 0 0
0.999617 1 0.209548 0 0.153928 0.508395 -0.11495 -0.0919601 0 0
0.999862 0.8 0.209565 0 0.153928 0.508395 -0.11495 -0.0919601 0 0
0.999862 0.9 0.20957 0 0.153928 0.508395 -0.11495 -0.0919601 0 0
0.99995 0.8 0.209571 0 0.153928 0.508395 -0.11495 -0.0919601 0 0
0.99995 0.7 0.209572 0 0.153928 0.508395 -0.11495 -0.0919601 0 0
0.999982 0.6 0.209572 0 0.153928 0.508395 -0.11495 -0.0919601 0 0
0.999994 0.4 0.209572 0 0.153928 0.508395 -0.11495 -0.0919601 0 0
0.999998 0.4 0.209572 0 0.153928 0.508395 -0.11495 -0.0919601 0 0
0.999998 0.3 0.209572 0 0.153928 0.508395 -0.11495 -0.0919601 0 0
0.999999 0 0.209572 0 0.153928 0.508395 -0.11495 -0.0919601 0 0
0.999999 0.1 0.209572 0 0.153928 0.508395 -0.11495 -0.0919601 0 0
1 0.2 0.209572 0 0.153928 0.508395 -0.11495 -0.0919601 0 0
1 0.3 0.209572 0 0.153928 0.508395 -0.11495 -0.0919601 0 0
1 0.4 0.209572 0 0.153928 0.508395 -0.11495 -0.0919601 0 0
1 0.5 -0.0336801 0 0.153928 0.508395 -0.11495 -0.0919601 0 0
1 0.6 -0.106656 0 0.153928 0.508395 -0.11495 -0.0919601 0 0
1 0.7 -0.128548 0 0.153928 0.508395 -0.11495 -0.0919601 0 0
1 0.6 -0.135116 0 0.153928 0.508395 -0.11495 -0.0919601 0 0
0.928 0.7 -0.137087 0 0.153928 0.508395 -0.11495 -0.0919601 0 0
0.97408 0.8 -0.137678 0 0.153928 0.508395 -0.11495 -0.0919601 0 0
0.97408 0.5 -0.137855 0 0.153928 0.508395 -0.11495 -0.0919601 0 0
0.990669 0.3 -0.137908 0 0.153928 0.508395 -0.11495 -0.0919601 0 0
0.990669 0.3 -0.137924 0 0.153928 0.508395 -0.11495 -0.0919601 0 0
0.990669 0.2 -0.137929 0 0.153928 0.508395 -0.11495 -0.0919601 0 0
0.996641 0 -0.13793 0 0.153928 0.508395 -0.11495 -0.0919601 0 0
0.996641 0 -0.137931 0 0.153928 0.508395 -0.11495 -0.0919601 0 0
0.998791 0.1 -0.137931 0 0.153928 0.508395 -0.11495 -0.0919601 0 0
0.998791 0.2 -0.137931 0 0.153928 0.508395 -0.11495 -0.0919601 0 0
0.998791 0.3 -0.137931 0 0.153928 0.508395 -0.11495 -0.0919601 0 0
0.998791 0.4 -0.137931 0 0.153928 0.508395 -0.11495 -0.0919601 0 0
0.998791 0.3 -0.137931 0 0.153928 0.508395 -0.11495 -0.0919601 0 0
0.998791 0.4 -0.137931 0 0.153928 0.508395 -0.11495 -0.0919601 0 0
0.998791 0.5 -0.137931 0 0.153928 0.508395 -0.11495 -0.0919601 0 0
0.998791 0.6 -0.137931 0 0.153928 0.508395 -0.11495 -0.0919601 0 0
0.998791 0.7 -0.137931 0 0.153928 0.508395 -0.11495 -0.0919601 0 0
0.998791 0.8 -0.137931 0 0.153928 0.508395 -0.11495 -0.0919601 0 0
0.999565 0.6 -0.137931 0 0.153928 0.508395 -0.11495 -0.0919601 0 0
0.999565 0.7 -0.137931 0 0.153928 0.508395 -0.11495 -0.0919601 0 0
0.999565 0.6 -0.137931 0 0.153928 0.508395 -0.11495 -0.0919601 0 0
0.999565 0.6 -0.137931 0 0.153928 0.508395 -0.11495 -0.0919601 0 0
0.999565 0.7 -0.137931 0 0.153928 0.508395 -0.11495 -0.0919601 0 0
0.999565 0.7 -0.137931 0 0.153928 0.508395 -0.11495 -0.0919601 0 0
0.999565 0.5 -0.137931 0 0.153928 0.508395 -0.11495 -0.0919601 0 0
0.999565 0.6 -0.137931 0 0.153928 0.508395 -0.11495 -0.0919601 0 0
0.999565 0.2 -0.137931 0 0.153928 0.508395 -0.11495 -0.0919601 0 0
0.999565 0.2 -0.137931 0 0.153928 0.508395 -0.11495 -0.0919601 0 0
0.999565 0.2 -0.137931 0 0.153928 0.508395 -0.11495 -0.0919601 0 0
0.999565 0 -0.137931 0 0.153928 0.508395 -0.11495 -0.0919601 0 0
0.999843 0.1 -0.137931 0 0.153928 0.508395 -0.11495 -0.0919601 0 0
0.999843 0.2 -0.137931 0 0.153928 0.508395 -0.11495 -0.0919601 0 0
0.999944 0.3 -0.137931 0 0.153928 0.508395 -0.11495 -0.0919601 0 0
0.999944 0.4 -0.137931 0 0.153928 0.508395 -0.11495 -0.0919601 0 0
0.999944 0.5 -0.137931 0 0.153928 0.508395 -0.11495 -0.0919601 0 0
0.999944 0.6 -0.137931 0 0.153928 0.508395 -0.11495 -0.0919601 0 0
0.999944 0.7 -0.137931 0 0.153928 0.508395 -0.11495 -0.0919601 0 0
0.799955 0.8 0.0638839 0 0.153928 0.508395 -0.11495 -0.0919601 0 0
0.799955 0.9 0.124428 0 0.153928 0.508395 -0.11495 -0.0919601 0 0
0.870387 0.8 0.142592 0 0.153928 0.508395 -0.11495 -0.0919601 0 0
0.870387 0.9 0.148041 0 0.153928 0.508395 -0.11495 -0.0919601 0 0
0.870387 0.8 0.149675 0 0.153928 0.508395 -0.11495 -0.0919601 0 0
0.870387 0.5 0.150166 0 0.153928 0.508395 -0.11495 -0.0919601 0 0
0.870387 0.5 0.150313 0 0.153928 0.508395 -0.11495 -0.0919601 0 0
0.870387 0.3 0.150357 0 0.153928 0.508395 -0.11495 -0.0919601 0 0
0.870387 0.3 0.15037 0 0.153928 0.508395 -0.11495 -0.0919601 0 0
0.870387 0.3 0.150374 0 0.153928 0.508395 -0.11495 -0.0919601 0 0
0.870387 0 0.150375 0 0.153928 0.508395 -0.11495 -0.0919601 0 0
0.953339 0.1 0.150376 0 0.153928 0.508395 -0.11495 -0.0919601 0 0
0.983202 0.2 0.150376 0 0.153928 0.508395 -0.11495 -0.0919601 0 0
0.983202 0.3 0.150376 0 0.153928 0.508395 -0.11495 -0.0919601 0 0
0.989921 0.4 -0.277387 0 0.153928 0.508395 -0.11495 -0.0919601 0 0
0.989921 0.5 -0.405716 0 0.153928 0.508395 -0.11495 -0.0919601 0 0
0.925097 0.6 -0.0596181 0 0.153928 0.508395 -0.11495 -0.0919601 0 0
0.925097 0.7 0.0442114 0 0.153928 0.508395 -0.11495 -0.0919601 0 0
0.973035 0.8 0.0753602 0 0.153928 0.508395 -0.11495 -0.0919601 0 0
0.867057 0.9 0.0847048 0 0.153928 0.508395 -0.11495 -0.0919601 0 0
0.95214 0.8 0.0875082 0 0.153928 0.508395 -0.11495 -0.0919601 0 0
0.971284 0.7 -0.0938517 0 0.153928 0.508395 -0.11495 -0.0919601 0 0
0.971284 0.7 -0.14826 0 0.153928 0.508395 -0.11495 -0.0919601 0 0
0.971284 0.6 -0.164582 0 0.153928 0.508395 -0.11495 -0.0919601 0 0
0.621622 0.5 -0.173163 0 0.153928 0.508395 -0.11495 -0.0919601 0 0
0.638703 0.4 -0.175737 0 0.153928 0.508395 -0.11495 -0.0919601 0 0
0.638703 0.2 -0.176509 0 0.153928 0.508395 -0.11495 -0.0919601 0 0
0.638703 0.3 -0.176741 0 0.153928 0.508395 -0.11495 -0.0919601 0 0
0.638703 0.3 -0.17681 0 0.153928 0.508395 -0.11495 -0.0919601 0 0
0.638703 0 -0.176831 0 0.153928 0.508395 -0.11495 -0.0919601 0 0
0.638703 0 -0.176837 0 0.153928 0.508395 -0.11495 -0.0919601 0 0
0.638703 0 -0.176839 0 0.153928 0.508395 -0.11495 -0.0919601 0 0
0.638703 0 -0.17684 0 0.153928 0.508395 -0.11495 -0.0919601 0 0
0.783222 0.1 -0.0690078 0 0.153928 0.508395 -0.11495 -0.0919601 0 0
0.783222 0.2 -0.0366582 0 0.153928 0.508395 -0.11495 -0.0919601 0 0
0.783222 0.3 -0.0269533 0 0.153928 0.508395 -0.11495 -0.0919601 0 0
0.783222 0.4 -0.0240419 0 0.153928 0.508395 -0.11495 -0.0919601 0 0
0.783222 0.5 -0.0231684 0 0.153928 0.508395 -0.11495 -0.0919601 0 0
0.501262 0.6 -0.116951 0 0.153928 0.508395 -0.11495 -0.0919601 0 0
0.592485 0.7 -0.145085 0 0.153928 0.508395 -0.11495 -0.0919601 0 0
0.592485 0.6 -0.153526 0 0.153928 0.508395 -0.11495 -0.0919601 0 0
0.592485 0.6 -0.156058 0 0.153928 0.508395 -0.11495 -0.0919601 0 0
0.592485 0.4 -0.156817 0 0.153928 0.508395 -0.11495 -0.0919601 0 0
0.592485 0.4 -0.157045 0 0.153928 0.508395 -0.11495 -0.0919601 0 0
0.592485 0.4 -0.157114 0 0.153928 0.508395 -0.11495 -0.0919601 0 0
0.592485 0.1 -0.157134 0 0.153928 0.508395 -0.11495 -0.0919601 0 0
0.684393 0.1 -0.15714 0 0.153928 0.508395 -0.11495 -0.0919601 0 0
0.728508 0.1 -0.157142 0 0.153928 0.508395 -0.11495 -0.0919601 0 0
0.902263 0 -0.157143 0 0.153928 0.508395 -0.11495 -0.0919601 0 0
0.964815 0.1 -0.157143 0 0.153928 0.508395 -0.11495 -0.0919601 0 0
0.987333 0.2 -0.157143 0 0.153928 0.508395 -0.11495 -0.0919601 0 0
0.99544 0 -0.157143 0 0.153928 0.508395 -0.11495 -0.0919601 0 0
0.998358 0 -0.157143 0 0.153928 0.508395 -0.11495 -0.0919601 0 0
0.998358 0 -0.157143 0 0.153928 0.508395 -0.11495 -0.0919601 0 0
0.999409 0 0.0775842 0 0.153928 0.508395 -0.11495 -0.0919601 0 0
0.999409 0.1 0.148002 0 0.153928 0.508395 -0.11495 -0.0919601 0 0
0.999409 0.2 0.169128 0 0.153928 0.508395 -0.11495 -0.0919601 0 0
0.999787 0.3 0.175465 0 0.153928 0.508395 -0.11495 -0.0919601 0 0
0.999787 0.4 0.177367 0 0.153928 0.508395 -0.11495 -0.0919601 0 0
0.999787 0.3 0.177937 0 0.153928 0.508395 -0.11495 -0.0919601 0 0
0.999872 0.4 0.144359 0 0.153928 0.508395 -0.11495 -0.0919601 0 0
0.999872 0.5 0.134285 0 0.153928 0.508395 -0.11495 -0.0919601 0 0
0.879939 0.6 -0.0297144 0 0.153928 0.508395 -0.11495 -0.0919601 0 0
0.879939 0.7 -0.0789143 0 0.153928 0.508395 -0.11495 -0.0919601 0 0
0.563161 0.6 0.0642843 0 0.129425 0.436716 -0.10196 -0.0449014 0 0
0.563161 0.7 0.107244 0 0.129425 0.436716 -0.10196 -0.0449014 0 0
0.80219 0.8 0.120132 0 0.129425 0.436716 -0.10196 -0.0449014 0 0
0.785051 0.8 0.123998 0 0.129425 0.436716 -0.10196 -0.0449014 0 0
0.922619 0.9 0.125158 0 0.129425 0.436716 -0.10196 -0.0449014 0 0
0.922619 0.8 0.125506 0 0.129425 0.436716 -0.10196 -0.0449014 0 0
0.922619 0.7 0.12561 0 0.129425 0.436716 -0.10196 -0.0449014 0 0
0.922619 0.7 0.125642 0 0.129425 0.436716 -0.10196 -0.0449014 0 0
0.922619 0.6 0.125651 0 0.129425 0.436716 -0.10196 -0.0449014 0 0
0.922619 0.5 0.125654 0 0.129425 0.436716 -0.10196 -0.0449014 0 0
0.922619 0.1 0.125655 0 0.129425 0.436716 -0.10196 -0.0449014 0 0
0.922619 0.2 0.125655 0 0.129425 0.436716 -0.10196 -0.0449014 0 0
0.922619 0.3 0.125655 0 0.129425 0.436716 -0.10196 -0.0449014 0 0
0.922619 0.4 0.125655 0 0.129425 0.436716 -0.10196 -0.0449014 0 0
0.922619 0.5 0.125655 0 0.129425 0.436716 -0.10196 -0.0449014 0 0
0.922619 0.6 0.125655 0 0.129425 0.436716 -0.10196 -0.0449014 0 0
0.922619 0.5 0.125655 0 0.129425 0.436716 -0.10196 -0.0449014 0 0
0.922619 0.6 0.125655 0 0.129425 0.436716 -0.10196 -0.0449014 0 0
0.922619 0.7 0.125655 0 0.129425 0.436716 -0.10196 -0.0449014 0 0
0.972143 0.8 0.125655 0 0.129425 0.436716 -0.10196 -0.0449014 0 0
0.989971 0.8 0.125655 0 0.129425 0.436716 -0.10196 -0.0449014 0 0
0.989971 0.5 0.125655 0 0.129425 0.436716 -0.10196 -0.0449014 0 0
0.989971 0.4 0.125655 0 0.129425 0.436716 -0.10196 -0.0449014 0 0
0.99639 0.5 0.125655 0 0.129425 0.436716 -0.10196 -0.0449014 0 0
0.797112 0.6 0.202697 0 0.129425 0.436716 -0.10196 -0.0449014 0 0
0.869568 0.7 0.225809 0 0.129425 0.436716 -0.10196 -0.0449014 0 0
0.953045 0.8 0.232743 0 0.129425 0.436716 -0.10196 -0.0449014 0 0
0.983096 0.6 0.234823 0 0.129425 0.436716 -0.10196 -0.0449014 0 0
0.993915 0.5 0.235447 0 0.129425 0.436716 -0.10196 -0.0449014 0 0
0.993915 0.5 0.235634 0 0.129425 0.436716 -0.10196 -0.0449014 0 0
0.993915 0.5 0.23569 0 0.129425 0.436716 -0.10196 -0.0449014 0 0
0.996349 0.6 -0.149293 0 0.129425 0.436716 -0.10196 -0.0449014 0 0
0.878247 0.7 -0.244788 0 0.129425 0.436716 -0.10196 -0.0449014 0 0
0.878247 0.5 -0.273436 0 0.129425 0.436716 -0.10196 -0.0449014 0 0
0.878247 0.4 -0.282031 0 0.129425 0.436716 -0.10196 -0.0449014 0 0
0.878247 0.3 -0.284609 0 0.129425 0.436716 -0.10196 -0.0449014 0 0
0.878247 0.3 -0.285383 0 0.129425 0.436716 -0.10196 -0.0449014 0 0
0.892935 0.3 -0.285615 0 0.129425 0.436716 -0.10196 -0.0449014 0 0
0.961457 0.2 -0.285684 0 0.129425 0.436716 -0.10196 -0.0449014 0 0
0.961457 0.3 -0.285705 0 0.129425 0.436716 -0.10196 -0.0449014 0 0
0.986124 0.4 -0.285712 0 0.129425 0.436716 -0.10196 -0.0449014 0 0
0.995005 0.4 -0.241045 0 0.129425 0.436716 -0.10196 -0.0449014 0 0
0.998202 0.5 -0.227645 0 0.129425 0.436716 -0.10196 -0.0449014 0 0
0.999353 0.4 -0.223625 0 0.129425 0.436716 -0.10196 -0.0449014 0 0
0.999767 0.5 -0.222419 0 0.129425 0.436716 -0.10196 -0.0449014 0 0
0.999916 0.6 -0.222057 0 0.129425 0.436716 -0.10196 -0.0449014 0 0
0.99997 0.7 -0.221949 0 0.129425 0.436716 -0.10196 -0.0449014 0 0
0.999989 0.8 -0.181585 0 0.129425 0.436716 -0.10196 -0.0449014 0 0
0.999989 0.8 -0.169475 0 0.129425 0.436716 -0.10196 -0.0449014 0 0
0.999996 0.8 -0.211355 0 0.129425 0.436716 -0.10196 -0.0449014 0 0
0.999999 0.5 -0.228944 0 0.129425 0.436716 -0.10196 -0.0449014 0 0
0.999999 0.5 -0.23422 0 0.129425 0.436716 -0.10196 -0.0449014 0 0
0.999999 0.5 -0.235803 0 0.129425 0.436716 -0.10196 -0.0449014 0 0
0.999999 0.5 -0.236278 0 0.129425 0.436716 -0.10196 -0.0449014 0 0
0.999999 0.5 -0.23642 0 0.129425 0.436716 -0.10196 -0.0449014 0 0
0.999999 0.5 -0.236463 0 0.129425 0.436716 -0.10196 -0.0449014 0 0
1 0.5 -0.236476 0 0.129425 0.436716 -0.10196 -0.0449014 0 0
0.88 0.4 -0.23648 0 0.129425 0.436716 -0.10196 -0.0449014 0 0
0.88 0.5 -0.236481 0 0.129425 0.436716 -0.10196 -0.0449014 0 0
0.9568 0.6 -0.236481 0 0.129425 0.436716 -0.10196 -0.0449014 0 0
0.9568 0.7 -0.236481 0 0.129425 0.436716 -0.10196 -0.0449014 0 0
0.984448 0.6 -0.236481 0 0.129425 0.436716 -0.10196 -0.0449014 0 0
0.994401 0.6 -0.236481 0 0.129425 0.436716 -0.10196 -0.0449014 0 0
0.877313 0.5 -0.236481 0 0.129425 0.436716 -0.10196 -0.0449014 0 0
0.877313 0.6 -0.236481 0 0.129425 0.436716 -0.10196 -0.0449014 0 0
0.877313 0.7 -0.236481 0 0.129425 0.436716 -0.10196 -0.0449014 0 0
0.877313 0.5 -0.236481 0 0.129425 0.436716 -0.10196 -0.0449014 0 0
0.877313 0.3 -0.236481 0 0.129425 0.436716 -0.10196 -0.0449014 0 0
0.877313 0.4 -0.236481 0 0.129425 0.436716 -0.10196 -0.0449014 0 0
0.877313 0.2 -0.236481 0 0.129425 0.436716 -0.10196 -0.0449014 0 0
0.877313 0.3 -0.236481 0 0.129425 0.436716 -0.10196 -0.0449014 0 0
0.877313 0.4 -0.236481 0 0.129425 0.436716 -0.10196 -0.0449014 0 0
0.955833 0.5 -0.236481 0 0.129425 0.436716 -0.10196 -0.0449014 0 0
0.955833 0.4 -0.236481 0 0.129425 0.436716 -0.10196 -0.0449014 0 0
0.955833 0 -0.236481 0 0.129425 0.436716 -0.10196 -0.0449014 0 0
0.955833 0 -0.236481 0 0.129425 0.436716 -0.10196 -0.0449014 0 0
0.955833 0 -0.236481 0 0.129425 0.436716 -0.10196 -0.0449014 0 0
0.955833 0 -0.236481 0 0.129425 0.436716 -0.10196 -0.0449014 0 0
0.9841 0.1 -0.236481 0 0.129425 0.436716 -0.10196 -0.0449014 0 0
0.9841 0.2 -0.236481 0 0.129425 0.436716 -0.10196 -0.0449014 0 0
0.78728 0.3 0.0937615 0 0.129425 0.436716 -0.10196 -0.0449014 0 0
0.78728 0.4 0.192834 0 0.129425 0.436716 -0.10196 -0.0449014 0 0
0.866737 0.5 0.222556 0 0.129425 0.436716 -0.10196 -0.0449014 0 0
0.866737 0.6 0.231473 0 0.129425 0.436716 -0.10196 -0.0449014 0 0
0.952025 0.7 0.234148 0 0.129425 0.436716 -0.10196 -0.0449014 0 0
0.952025 0.8 0.23495 0 0.129425 0.436716 -0.10196 -0.0449014 0 0
0.952025 0.7 0.235191 0 0.129425 0.436716 -0.10196 -0.0449014 0 0
0.952025 0.7 0.235263 0 0.129425 0.436716 -0.10196 -0.0449014 0 0
0.952025 0.6 0.235285 0 0.129425 0.436716 -0.10196 -0.0449014 0 0
0.952025 0.5 0.235291 0 0.129425 0.436716 -0.10196 -0.0449014 0 0
0.952025 0.3 0.235293 0 0.129425 0.436716 -0.10196 -0.0449014 0 0
0.952025 0.3 0.235294 0 0.129425 0.436716 -0.10196 -0.0449014 0 0
0.952025 0.2 0.235294 0 0.129425 0.436716 -0.10196 -0.0449014 0 0
0.952025 0.1 0.235294 0 0.129425 0.436716 -0.10196 -0.0449014 0 0
0.952025 0.1 0.235294 0 0.129425 0.436716 -0.10196 -0.0449014 0 0
0.952025 0.2 0.235294 0 0.129425 0.436716 -0.10196 -0.0449014 0 0
0.952025 0 0.235294 0 0.129425 0.436716 -0.10196 -0.0449014 0 0
0.952025 0 0.235294 0 0.129425 0.436716 -0.10196 -0.0449014 0 0
0.952025 0 0.235294 0 0.129425 0.436716 -0.10196 -0.0449014 0 0
0.856972 0 -0.104412 0 0.129425 0.436716 -0.10196 -0.0449014 0 0
0.856972 0.1 -0.206324 0 0.129425 0.436716 -0.10196 -0.0449014 0 0
0.811347 0.2 -0.251885 0 0.129425 0.436716 -0.10196 -0.0449014 0 0
0.932085 0.3 -0.265554 0 0.129425 0.436716 -0.10196 -0.0449014 0 0
0.932085 0.4 -0.269654 0 0.129425 0.436716 -0.10196 -0.0449014 0 0
0.975551 0.5 -0.270884 0 0.129425 0.436716 -0.10196 -0.0449014 0 0
0.991198 0.6 -0.271253 0 0.129425 0.436716 -0.10196 -0.0449014 0 0
0.991198 0.7 -0.271364 0 0.129425 0.436716 -0.10196 -0.0449014 0 0
0.991198 0.8 -0.271397 0 0.129425 0.436716 -0.10196 -0.0449014 0 0
0.792959 0.9 0.0958814 0 0.129425 0.436716 -0.10196 -0.0449014 0 0
0.704496 1 0.206065 0 0.129425 0.436716 -0.10196 -0.0449014 0 0
0.704496 0.8 0.23912 0 0.129425 0.436716 -0.10196 -0.0449014 0 0
0.704496 0.8 0.249037 0 0.129425 0.436716 -0.10196 -0.0449014 0 0
0.704496 0.8 0.252012 0 0.129425 0.436716 -0.10196 -0.0449014 0 0
0.704496 0.8 0.252904 0 0.129425 0.436716 -0.10196 -0.0449014 0 0
0.704496 0.8 0.253172 0 0.129425 0.436716 -0.10196 -0.0449014 0 0
0.704496 0.1 0.253252 0 0.129425 0.436716 -0.10196 -0.0449014 0 0
0.704496 0.2 0.253276 0 0.129425 0.436716 -0.10196 -0.0449014 0 0
0.704496 0.3 0.253283 0 0.129425 0.436716 -0.10196 -0.0449014 0 0
0.704496 0.3 0.253286 0 0.129425 0.436716 -0.10196 -0.0449014 0 0
0.893619 0.4 0.253286 0 0.129425 0.436716 -0.10196 -0.0449014 0 0
0.893619 0.5 0.253286 0 0.129425 0.436716 -0.10196 -0.0449014 0 0
0.893619 0.6 0.253287 0 0.129425 0.436716 -0.10196 -0.0449014 0 0
0.893619 0.7 0.253287 0 0.129425 0.436716 -0.10196 -0.0449014 0 0
0.893619 0.6 0.253287 0 0.129425 0.436716 -0.10196 -0.0449014 0 0
0.893619 0.6 0.253287 0 0.129425 0.436716 -0.10196 -0.0449014 0 0
0.893619 0.4 0.253287 0 0.129425 0.436716 -0.10196 -0.0449014 0 0
0.893619 0.4 0.253287 0 0.129425 0.436716 -0.10196 -0.0449014 0 0
0.893619 0.4 0.253287 0 0.129425 0.436716 -0.10196 -0.0449014 0 0
0.961703 0.1 0.253287 0 0.129425 0.436716 -0.10196 -0.0449014 0 0
0.961703 0.2 0.253287 0 0.129425 0.436716 -0.10196 -0.0449014 0 0
0.961703 0.1 0.253287 0 0.129425 0.436716 -0.10196 -0.0449014 0 0
0.961703 0.1 0.253287 0 0.129425 0.436716 -0.10196 -0.0449014 0 0
0.961703 0.2 0.253287 0 0.129425 0.436716 -0.10196 -0.0449014 0 0
0.961703 0.3 0.253287 0 0.129425 0.436716 -0.10196 -0.0449014 0 0
0.986213 0.4 0.253287 0 0.129425 0.436716 -0.10196 -0.0449014 0 0
0.995037 0.3 0.253287 0 0.129425 0.436716 -0.10196 -0.0449014 0 0
0.995037 0.3 0.253287 0 0.129425 0.436716 -0.10196 -0.0449014 0 0
0.995037 0.3 0.253287 0 0.129425 0.436716 -0.10196 -0.0449014 0 0
0.997022 0.3 -0.076514 0 0.129425 0.436716 -0.10196 -0.0449014 0 0
0.997022 0.4 -0.175454 0 0.129425 0.436716 -0.10196 -0.0449014 0 0
0.927142 0.5 -0.205136 0 0.129425 0.436716 -0.10196 -0.0449014 0 0
0.973771 0.4 -0.214041 0 0.129425 0.436716 -0.10196 -0.0449014 0 0
0.973771 0.5 -0.216712 0 0.129425 0.436716 -0.10196 -0.0449014 0 0
0.990558 0.4 -0.217514 0 0.129425 0.436716 -0.10196 -0.0449014 0 0
0.990558 0.5 -0.217754 0 0.129425 0.436716 -0.10196 -0.0449014 0 0
0.994335 0.6 -0.162624 0 0.129425 0.436716 -0.10196 -0.0449014 0 0
0.926368 0.7 -0.146084 0 0.129425 0.436716 -0.10196 -0.0449014 0 0
0.926368 0.6 -0.141123 0 0.129425 0.436716 -0.10196 -0.0449014 0 0
0.926368 0.4 -0.139634 0 0.129425 0.436716 -0.10196 -0.0449014 0 0
0.926368 0.2 -0.139188 0 0.129425 0.436716 -0.10196 -0.0449014 0 0
0.926368 0.3 -0.139054 0 0.129425 0.436716 -0.10196 -0.0449014 0 0
0.926368 0.4 -0.139013 0 0.129425 0.436716 -0.10196 -0.0449014 0 0
0.926368 0.5 -0.139001 0 0.129425 0.436716 -0.10196 -0.0449014 0 0
0.926368 0.6 -0.138998 0 0.129425 0.436716 -0.10196 -0.0449014 0 0
0.926368 0.4 -0.138997 0 0.129425 0.436716 -0.10196 -0.0449014 0 0
0.926368 0.3 -0.138996 0 0.129425 0.436716 -0.10196 -0.0449014 0 0
0.926368 0.4 -0.138996 0 0.129425 0.436716 -0.10196 -0.0449014 0 0
0.926368 0.5 -0.138996 0 0.129425 0.436716 -0.10196 -0.0449014 0 0
0.926368 0.3 -0.138996 0 0.129425 0.436716 -0.10196 -0.0449014 0 0
0.926368 0.3 -0.138996 0 0.129425 0.436716 -0.10196 -0.0449014 0 0
0.926368 0 -0.138996 0 0.129425 0.436716 -0.10196 -0.0449014 0 0
0.926368 0 -0.138996 0 0.129425 0.436716 -0.10196 -0.0449014 0 0
