986 8 2
0.591151 1 0.0276049 0 0.50635 0.0587769 0.013874 0.0177658 0 0
0.472921 1 0.00828146 0 0.50635 0.0970215 0.00776584 0.0628793 0 0
0.302669 1 0.0174844 0 0.50635 0.110951 0.00287934 0.0389701 0 0
0.193708 0.8 -0.0136736 0 0.50635 0.12876 0.00563681 0.0511761 0 0
0.123973 0.7 -0.0241021 0 0.50635 0.103008 0.00450944 0.00360756 0 0
0.459507 0.6 -0.0078935 0 0.50635 0.122407 0.00694089 0.0522194 0 0
0.294085 0.3 -0.0260167 0 0.50635 0.131259 0.00221938 0.0384422 0 0
0.724696 0.3 -0.0314537 0 0.50635 0.105007 0.0017755 0.0014204 0 0
0.579757 0.3 -0.0157424 0 0.50635 0.0973389 0.0014204 0.017803 0 0
0.678283 0.2 -0.0697227 0 0.50635 0.0978711 0.00113632 0.0242424 0 0
0.835346 0.1 -0.0859168 0 0.50635 0.10163 0.000909057 0.0273939 0 0
0.668276 0 0.000891634 0 0.50635 0.0946375 0.00406058 0.0265818 0 0
0.832464 0.1 0.0269342 0 0.50635 0.0823767 0.0065818 0.0119321 0 0
0.665971 0.2 0.0226636 0 0.50635 0.0659013 0.00526544 0.00421235 0 0
0.655733 0.3 0.0213824 0 0.50635 0.0660544 0.00421235 0.0200365 0 0
0.876064 0.4 0.0209981 0 0.50635 0.0661769 0.00670321 0.0286959 0 0
0.955383 0.3 0.0208828 0 0.50635 0.0829415 0.0086959 0.0502901 0 0
0.858584 0.3 0.0208482 0 0.50635 0.0796865 0.0102901 0.028232 0 0
0.81212 0.3 0.0208378 0 0.50635 0.0804159 0.00823204 0.0265856 0 0
0.789818 0.3 0.0208347 0 0.50635 0.0643327 0.00658564 0.00526851 0 0
0.631854 0.3 0.0539777 0 0.50635 0.0647995 0.00860184 0.0302148 0 0
0.404387 0.4 0.0274433 0 0.467375 0.0818396 0.0102148 -0.0318282 0 0
0.555285 0.4 0.019483 0 0.467375 0.0621383 0.0115052 0.0258708 0 0
0.666537 0.1 0.0170949 0 0.383817 0.0897107 0.0192041 0.00869665 0 0
0.719938 0.1 0.0163785 0 0.316971 0.108435 0.0253633 0.013624 0 0
0.57595 0.2 -0.00508646 0 0.316971 0.0634148 0.0269573 -0.0151008 0 0
0.621165 0.3 -0.0115259 0 0.316971 0.0740652 0.0248992 0.00325268 0 0
0.496932 0.2 -0.00209059 0 0.263747 0.0659188 0.0232527 0.0252688 0 0
0.318036 0.3 0.0279318 0 0.224331 0.0594017 0.0286021 0.0295484 0 0
0.552657 0.4 0.0822077 0 0.19314 0.134188 0.0128817 -0.129695 0 0
0.665276 0.5 0.0158388 0 0.19314 0.120684 0.0136387 0.0375776 0 0
0.655466 0.5 -0.00407192 0 0.164189 0.103214 0.0175776 0.0207288 0 0
0.524373 0.6 0.0256575 0 0.164189 0.0992376 0.0207288 0.0432497 0 0
0.601359 0.7 0.0345763 0 0.164189 0.0793901 0.016583 0.0132664 0 0
0.760816 0.8 -0.00718766 0 0.134891 0.110179 0.0232664 0.0619465 0 0
0.692153 0.8 -0.0197169 0 0.134891 0.101476 0.0219465 0.0408905 0 0
0.889175 0.7 -0.0234756 0 0.118082 0.127848 0.0308905 0.0913791 0 0
0.71134 0.8 5.19091e-005 0 0.118082 0.105612 0.0280457 0.0591033 0 0
0.741443 0.8 -0.0138733 0 0.118082 0.114489 0.0257699 0.0639493 0 0
0.684714 0.6 -0.0180509 0 0.118082 0.114925 0.0239493 -0.000840582 0 0
0.547771 0.6 -0.0193042 0 0.244466 0.175273 0.0124928 -0.133339 0 0
0.66293 0.6 -0.0196801 0 0.206099 0.146885 0.0133275 0.0173287 0 0
0.830924 0.4 -0.0197929 0 0.206099 0.130841 0.0139954 0.0345296 0 0
0.664739 0.5 0.0273954 0 0.206099 0.114673 0.0145296 -0.015043 0 0
0.65526 0.4 0.041552 0 0.206099 0.121739 0.014957 0.055299 0 0
0.875894 0.4 0.0457989 0 0.178213 0.107391 0.0186323 0.0515725 0 0
0.700715 0.5 0.0455579 0 0.155903 0.0925793 0.0182392 0.021258 0 0
0.669074 0.5 0.0454855 0 0.155903 0.0507301 0.021258 -0.0196603 0 0
0.53526 0.6 -0.00371544 0 0.232919 0.0539174 0.0203397 0.0396051 0 0
0.342566 0.7 0.0249234 0 0.232919 0.0731339 0.0196051 0.0623508 0 0
0.531545 0.5 0.0335151 0 0.232919 0.0851738 0.0190174 0.00521394 0 0
0.718927 0.6 0.0342733 0 0.196013 0.114806 0.0285473 0.0895045 0 0
0.676068 0.7 0.0345007 0 0.196013 0.0918446 0.0295045 0.0602703 0 0
0.540854 0.8 0.0253502 0 0.16681 0.120142 0.0369369 0.0962162 0 0
0.607688 0.9 0.0226051 0 0.16681 0.0927805 0.0362162 0.0623063 0 0
0.486151 1 0.0341253 0 0.143705 0.120891 0.0423063 0.100512 0 0
0.586682 1 0.0375813 0 0.143705 0.12338 0.0371784 0.0197427 0 0
0.752009 1 0.0623548 0 0.212355 0.188704 0.0197427 -0.124206 0 0
0.688771 0.8 0.0697869 0 0.173245 0.174296 0.0224608 0.021302 0 0
0.813263 0.9 0.0838267 0 0.288162 0.226104 0.00796866 -0.133625 0 0
0.712293 1 0.0880386 0 0.258876 0.184216 0.0130416 0.0137666 0 0
0.569834 1 0.0524251 0 0.32779 0.19404 0.0270999 0.0783466 0 0
0.364694 0.8 0.0521859 0 0.32779 0.165232 0.0283466 -0.0273227 0 0
0.233404 0.8 0.0366557 0 0.272068 0.145519 0.0360106 0.0621418 0 0
0.149379 0.8 0.0359967 0 0.22703 0.163082 0.0421418 0.10038 0 0
0.457361 0.8 0.035799 0 0.191541 0.143799 0.0403801 0.0523041 0 0
0.619533 0.8 0.0357397 0 0.16291 0.115039 0.0389708 0.0311766 0 0
0.495627 0.6 0.0357219 0 0.16291 0.112031 0.0378433 0.0602746 0 0
0.637901 0.6 0.0357166 0 0.248589 0.129625 0.0402746 0.075553 0 0
0.408257 0.5 0.035715 0 0.208395 0.117033 0.0422197 0.0604424 0 0
0.595963 0.4 0.0357145 0 0.269746 0.0969599 0.0437758 0.0616873 0 0
0.62885 0.5 0.0357143 0 0.225321 0.0775679 0.0450206 0.0693498 0 0
0.50308 0.6 0.0501924 0 0.183563 0.108721 0.0493498 0.106147 0 0
0.321971 0.4 0.062525 0 0.254787 0.0869768 0.0428132 0.0342505 0 0
0.523637 0.5 0.0662248 0 0.315829 0.0929148 0.0409172 0.0627338 0 0
0.828509 0.6 0.0673348 0 0.262499 0.0909985 0.0394004 0.0548537 0 0
0.662807 0.7 0.0511348 0 0.317317 0.0961321 0.0415204 0.0665496 0 0
0.830889 0.8 0.0462748 0 0.36117 0.0769057 0.039883 0.0319064 0 0
0.664711 0.8 -0.00549256 0 0.29227 0.108191 0.0452397 0.102858 0 0
0.655249 0.9 -0.0210228 0 0.259622 0.106553 0.0361918 0.0522867 0 0
0.71452 1 -0.0256818 0 0.329732 0.105242 0.0289534 0.0464961 0 0
0.571616 1 0.0332954 0 0.273463 0.130861 0.0398294 0.0985302 0 0
0.365834 1 0.0509886 0 0.273463 0.131355 0.0418635 0.0701575 0 0
0.234134 1 0.0615869 0 0.221945 0.111751 0.0434908 0.0447926 0 0
0.149846 1 0.0394761 0 0.18708 0.0894006 0.0447926 0.0358341 0 0
0.0959012 1 0.0391866 0 0.266737 0.0915205 0.0458341 0.0700006 0 0
0.0613768 0.9 -0.0187569 0 0.223067 0.0798831 0.0466673 0.0506672 0 0
0.0392811 1 0.0273141 0 0.18821 0.0805731 0.0506672 0.0738671 0 0
0.0251399 0.8 0.0400124 0 0.160404 0.0744585 0.0505337 0.070427 0 0
0.0160895 0.9 0.0295037 0 0.131498 0.0595668 0.050427 0.0403416 0 0
0.0102973 0.8 0.0603217 0 0.115115 0.0676534 0.0470083 0.0609399 0 0
0.00659028 0.7 0.0301063 0 0.200289 0.0874561 0.0476066 0.0880853 0 0
0.402531 0.7 0.0210417 0 0.169831 0.0832982 0.044752 0.0558016 0 0
0.593215 0.6 0.0183223 0 0.247865 0.0833052 0.0458016 0.0666412 0 0
0.853557 0.7 0.0175065 0 0.309216 0.109978 0.0366412 0.0226463 0 0
0.947281 0.7 0.0172618 0 0.356464 0.087982 0.0259797 0.0207837 0 0
0.968368 0.5 0.0171883 0 0.356464 0.0703856 0.0207837 0.016627 0 0
0.864817 0.6 0.0171663 0 0.295089 0.0963085 0.0199603 0.00930159 0 0
0.815112 0.7 0.0171597 0 0.346071 0.0770468 0.0159683 0.0127746 0 0
0.791254 0.8 0.0171577 0 0.346071 0.0749708 0.0161079 0.0362197 0 0
0.779802 0.9 0.0171571 0 0.400751 0.106643 0.0262197 0.0876424 1 0
0.774305 0.8 -0.00260344 0 0.400751 0.0953146 0.0243091 0.0294473 1 0
0.863 0.9 -0.00853161 0 0.435355 0.0829184 0.0227806 0.0248911 1 0
0.9178 0.8 0.0199961 0 0.457375 0.113001 0.0315578 0.0919129 1 0
0.587392 0.9 -0.0254114 0 0.457375 0.137068 0.0385796 0.0975303 1 0
0.375931 0.8 0.0605001 0 0.369125 0.122988 0.0408637 0.0660243 1 0
0.748268 0.6 0.0862736 0 0.298606 0.11839 0.0426909 0.0674861 1 0
0.598615 0.7 0.0352571 0 0.249141 0.141379 0.0474861 0.104656 1 0
0.812401 0.8 0.0199521 0 0.249141 0.136436 0.0379889 0.0603911 1 0
0.789953 0.8 0.0153606 0 0.249141 0.155816 0.0370578 0.0963129 1 0
0.873972 0.6 -0.0092076 0 0.249141 0.147986 0.0363129 0.0590503 1 0
0.819506 0.6 -0.0035956 0 0.20923 0.158389 0.0423836 0.0839069 1 0
0.793363 0.6 0.0125708 0 0.177302 0.173378 0.0472402 0.104459 0 0
0.780814 0.4 0.0443962 0 0.151925 0.138702 0.0377922 0.0302338 0 0
0.499721 0.4 0.0583946 0 0.151925 0.120962 0.0335671 0.0368537 0 0
0.639866 0.4 0.150277 0 0.131064 0.110103 0.030187 0.0474829 0 0
0.707136 0.4 0.056781 0 0.256203 0.171415 0.0174829 -0.126014 0 0
0.739425 0.3 0.0287322 0 0.214879 0.137132 0.0139863 0.0111891 0 0
0.754924 0.4 0.0203175 0 0.214879 0.133039 0.0111891 0.0322846 0 0
0.762364 0.5 0.0177931 0 0.214879 0.116431 0.00895126 0.017161 0 0
0.765934 0.6 0.0170358 0 0.175293 0.136478 0.0104943 0.00506214 0 0
0.767649 0.6 0.0168086 0 0.175293 0.139183 0.0117288 0.0560497 0 0
0.768471 0.7 0.0167404 0 0.175293 0.141346 0.0127164 0.0535064 0 0
0.768866 0.6 0.01672 0 0.175293 0.159744 0.0168398 0.0801385 0 0
0.695245 0.7 0.0167139 0 0.175293 0.159744 0.0168398 0.0801385 0 0
0.733717 0.8 0.016712 0 0.175293 0.141128 0.0168051 0.0367775 0 0
0.752184 0.8 0.0167115 0 0.170235 0.122903 0.0134441 0.0107553 0 0
0.910786 0.8 0.0167113 0 0.170235 0.0983221 0.00742196 0.00593757 1 0
0.967883 0.7 0.0167113 0 0.170235 0.0786577 0.00593757 0.00475006 1 0
0.988438 0.8 0.0167112 0 0.170235 0.0929261 0.00808339 0.0531334 1 0
0.993063 0.8 0.0167112 0 0.170235 0.104341 0.00980004 0.0511734 1 0
0.87667 0.8 0.0167112 0 0.170235 0.113473 0.0111734 0.052272 1 0
0.736641 0.9 0.0167112 0 0.170235 0.104112 0.012272 0.0298176 1 0
0.589313 1 0.0167112 0 0.170235 0.0932892 0.00981762 0.0178541 1 0
0.37716 1 0.0167112 0 0.170235 0.0946314 0.0111874 0.0322833 1 0
0.241383 1 0.0167112 0 0.170235 0.105705 0.0122833 0.05316 1 0
0.515864 0.8 0.0167112 0 0.170235 0.0845641 0.00982662 0.0078613 1 0
0.647615 0.6 0.0167112 0 0.170235 0.0976513 0.0111946 0.0556224 1 0
0.710855 0.7 0.0167112 0 0.170235 0.134788 0.012289 0.0798312 1 0
0.74121 0.7 0.0167112 0 0.170235 0.181163 0.0064979 -0.0114683 1 0
0.474375 0.6 0.0167112 0 0.147197 0.234931 -0.00480168 -0.140508 1 0
0.6277 0.5 0.0167112 0 0.147197 0.217945 -0.00384135 0.0302603 1 0
0.401728 0.6 -0.12332 0 0.121091 0.214356 0.00359359 0.0195415 1 0
0.257106 0.7 -0.165329 0 0.107984 0.261485 -0.00712513 -0.142367 1 0
0.164548 0.7 -0.0729321 0 0.22972 0.305854 -0.0257001 -0.143893 1 0
0.478983 0.8 -0.0510463 0 0.298062 0.254683 -0.0205601 -0.0164481 1 0
0.306549 0.9 -0.0503139 0 0.258284 0.203747 -0.0164481 -0.0131585 1 0
0.196191 0.8 -0.0500942 0 0.209961 0.182997 -0.00982512 -0.0111934 1 0
0.125563 0.8 -0.0500283 0 0.182922 0.226398 -0.0145268 -0.158288 1 0
0.08036 0.8 -0.0500085 0 0.155786 0.181118 -0.0116214 -0.00929713 1 0
0.663144 0.8 -0.0500025 0 0.155786 0.151561 -0.00263046 0.00789563 1 0
0.797886 0.8 -0.0500008 0 0.155786 0.151249 0.00122896 0.0443165 1 0
0.510647 0.8 -0.0500002 0 0.137852 0.167666 0.00764984 0.0194532 1 0
0.326814 0.6 -0.0500001 0 0.206578 0.217466 0.00278654 -0.144437 1 0
0.734123 0.7 -0.05 0 0.206578 0.187306 0.00556256 0.0277834 1 0
0.587298 0.8 -0.05 0 0.168568 0.199845 0.0111167 0.02556 1 0
0.809142 0.9 -0.05 0 0.168568 0.199845 0.0111167 0.02556 1 0
0.647313 1 -0.0558333 0 0.151521 0.159876 0.00889337 0.0071147 1 0
0.414281 1 -0.0575833 0 0.131301 0.171234 0.0137814 0.0276918 1 0
0.559084 1 -0.0581083 0 0.247898 0.220321 0.00769176 -0.140513 1 0
0.66836 0.9 -0.0582658 0 0.307409 0.18959 0.00615341 0.0215894 1 0
0.88061 1 -0.0583131 0 0.307409 0.18959 0.00615341 0.0215894 1 0
0.704488 1 -0.0583273 0 0.255845 0.155005 0.00825606 0.00993818 1 0
0.842892 1 -0.0583315 0 0.255845 0.155005 0.00825606 0.00993818 1 0
0.943441 1 -0.0583328 0 0.255845 0.140671 0.00660485 0.0252839 1 0
0.754753 1 -0.0583332 0 0.212015 0.20587 -0.00804946 -0.139773 1 0
0.762281 1 -0.0583333 0 0.224313 0.164696 -0.00643956 -0.00515165 1 0
0.765895 0.9 -0.0583333 0 0.18679 0.21509 -0.0118183 -0.152788 1 0
0.76763 1 -0.0583333 0 0.18679 0.218739 -0.00278799 0.0644363 1 0
0.491283 1 -0.0583333 0 0.161082 0.271658 -0.0222304 -0.147784 1 0
0.781489 1 -0.0583333 0 0.161082 0.227326 -0.0177843 -0.00422745 1 0
0.625192 1 -0.0583333 0 0.161082 0.228528 -0.00756078 0.060618 1 0
0.400123 1 -0.0583333 0 0.279325 0.272822 -0.0160486 -0.149506 1 0
0.256078 1 -0.0583333 0 0.279325 0.264924 -0.00617224 0.0617289 1 0
0.713751 1 -0.0583333 0 0.279325 0.264924 -0.00617224 0.0617289 1 0
0.89695 1 -0.0583333 0 0.279325 0.235273 0.00172888 0.0280498 1 0
0.962902 1 -0.0583333 0 0.226879 0.188218 0.00804977 0.00643982 1 0
0.977741 1 -0.0583333 0 0.286265 0.163908 0.0131065 0.0271519 1 0
0.921589 1 -0.0583333 0 0.286265 0.137793 0.0138185 0.0177215 1 0
0.971772 0.8 -0.0583333 0 0.286265 0.126901 0.0110548 0.0288439 1 0
0.777418 0.9 -0.0583333 0 0.239268 0.121521 0.00884385 0.0270751 1 0
0.773161 1 -0.0583333 0 0.239268 0.143883 0.0204084 0.0829934 1 0
0.771117 0.8 0.0135484 0 0.301092 0.12844 0.0163267 0.0297281 1 0
0.493515 0.8 0.0284584 0 0.385701 0.189419 0.00639472 -0.134884 1 0
0.636887 0.8 -0.0230414 0 0.385701 0.174868 0.00511577 0.0340926 1 0
0.644565 0.7 -0.0384914 0 0.385701 0.159895 0.00409262 0.0266074 1 0
0.515652 0.6 0.0117859 0 0.385701 0.174582 0.00994076 0.0746193 1 0
0.647513 0.6 -0.0142488 0 0.311951 0.192999 0.0279526 0.0923621 0 0
0.710806 0.6 -0.0417746 0 0.252979 0.204399 0.0423621 0.100556 0 0
0.844712 0.6 -0.0500324 0 0.205662 0.176853 0.0438897 0.0584451 0 0
0.944096 0.6 -0.0525097 0 0.205662 0.168149 0.0451117 0.0794227 0 0
0.966458 0.7 -0.0240862 0 0.174614 0.141186 0.0460894 0.0435382 0 0
0.8639 0.8 -0.0289313 0 0.249691 0.129615 0.0468715 0.0641639 0 0
0.888803 0.7 -0.0303848 0 0.249691 0.133692 0.0474972 0.0813311 0 0
0.711043 0.8 0.0221346 0 0.203086 0.12362 0.0479978 0.0583982 0 0
0.455067 0.7 -0.0327471 0 0.281767 0.145563 0.0517315 0.108052 0 0
0.291243 0.8 0.0238297 0 0.281767 0.129784 0.0447186 0.0591082 0 0
0.186396 0.7 -0.0422101 0 0.235759 0.110494 0.0391082 0.0379532 0 0
0.693682 0.8 -0.062022 0 0.256349 0.135062 0.0379532 0.100363 0 0
0.554946 0.8 0.000653375 0 0.208358 0.128049 0.0403626 0.0556234 0 0
0.666374 0.8 0.0172692 0 0.170195 0.149106 0.0489567 0.105832 0 0
0.426479 0.4 0.0256886 0 0.139435 0.159285 0.0491654 0.085999 0 0
0.272947 0.4 0.0398494 0 0.139435 0.140761 0.0426656 0.0574658 0 0
0.174686 0.4 0.0249178 0 0.139435 0.159276 0.0407992 0.099306 0 0
0.483849 0.4 -0.0169433 0 0.121717 0.164087 0.0459727 0.0867781 0 0
0.632248 0.4 0.00356528 0 0.121717 0.17127 0.0467781 0.0840892 0 0
0.822087 0.4 0.00971784 0 0.121717 0.143682 0.0407558 0.0392713 0 0
0.893252 0.4 -0.00125132 0 0.110707 0.128279 0.035938 0.0520837 0 0
0.828761 0.4 0.00171366 0 0.202359 0.14929 0.0354171 0.0950003 0 0
0.530407 0.2 0.0812833 0 0.202359 0.112765 0.0350003 0.0413336 0 0
0.654595 0.2 0.0406641 0 0.271887 0.130212 0.0380003 0.0804002 0 0
0.418941 0.3 -0.0954931 0 0.271887 0.117503 0.0337335 0.0503202 0 0
0.268122 0.4 -0.00980179 0 0.27751 0.117336 0.0336535 0.0569228 0 0
0.171598 0.5 0.1227 0 0.27751 0.103869 0.0335895 0.0135382 0 0
0.109823 0.4 0.0641539 0 0.27751 0.0897616 0.0368716 0.0361639 0 0
0.452715 0.5 0.0141147 0 0.225369 0.0818093 0.0394973 0.0449311 0 0
0.617303 0.5 0.0698594 0 0.326382 0.152114 0.0215978 -0.122722 0 0
0.395074 0.5 -0.0957088 0 0.326382 0.168358 0.0272782 0.0718226 0 0
0.252847 0.6 -0.0331998 0 0.27119 0.13802 0.0251559 0.0234581 0 0
0.497093 0.7 -0.0144471 0 0.27119 0.157082 0.0334581 0.0934331 0 0
0.638605 0.8 -0.00882132 0 0.27119 0.138999 0.0334331 0.0467465 0 0
0.510884 0.6 0.055143 0 0.27119 0.114533 0.0334132 0.0333972 0 0
0.326966 0.5 0.00593685 0 0.220342 0.0982929 0.0300639 0.0307178 0 0
0.525555 0.6 -0.00882501 0 0.220342 0.118634 0.0340511 0.0772409 0 0
0.420444 0.7 0.0206569 0 0.220342 0.148241 0.0372409 0.073126 0 0
0.269084 0.7 -0.0386747 0 0.220342 0.168593 0.0464594 0.107167 0 0
0.52916 0.2 -0.00617605 0 0.182996 0.174874 0.0471675 0.087734 0 0
0.653997 0.2 0.0177196 0 0.182996 0.176566 0.047734 0.0881872 0 0
0.713919 0.3 0.0287489 0 0.215362 0.187919 0.0481872 0.0752164 0 0
0.456908 0.4 0.0661375 0 0.185298 0.187002 0.0485498 0.0855065 0 0
0.619316 0.5 0.0329662 0 0.161247 0.172935 0.0455065 0.0630718 0 0
0.697272 0.4 -0.0116013 0 0.200792 0.185015 0.0497385 0.106457 0 0
0.73469 0.4 -0.0111314 0 0.231222 0.184678 0.0497908 0.0898326 0 0
0.752651 0.3 -0.00833943 0 0.231222 0.157743 0.0464993 0.0505328 0 0
0.761273 0.2 -0.00250183 0 0.295902 0.132861 0.0405328 0.0390929 0 0
0.765411 0.3 0.012711 0 0.295902 0.129622 0.0390929 0.0612743 0 0
0.489863 0.4 0.0172748 0 0.295902 0.123698 0.037941 0.0570195 0 0
0.588107 0.2 0.018644 0 0.295902 0.125625 0.0370195 0.0529489 0 0
0.470486 0.2 0.0450897 0 0.252982 0.123833 0.0362822 0.0590258 0 0
0.301111 0.2 0.0385269 0 0.252982 0.135733 0.0390258 0.0812206 0 0
0.72672 0.1 0.0365581 0 0.211985 0.125253 0.0378873 0.0536432 0 0
0.836032 0.1 0.0187799 0 0.179588 0.146869 0.0436432 0.101581 0 0
0.53506 0.1 0.0471733 0 0.25424 0.140829 0.0415812 0.063265 0 0
0.794097 0.2 0.0556914 0 0.25424 0.14933 0.043265 0.084612 0 0
0.781167 0.3 0.0582468 0 0.25424 0.16613 0.0479453 0.105023 0 0
0.77496 0.1 0.0590134 0 0.25424 0.139571 0.0416896 0.0400183 0 0
0.864976 0.1 0.0327973 0 0.206782 0.118323 0.036685 0.0360147 0 0
0.815189 0.2 0.0522634 0 0.303356 0.184659 0.019348 -0.124522 0 0
0.521721 0.2 0.00595681 0 0.245911 0.204394 0.0288117 0.0397161 0 0
0.333901 0.3 -0.0116745 0 0.206898 0.193515 0.0297161 0.0571062 0 0
0.736164 0.4 -0.0169639 0 0.206898 0.178145 0.0304395 0.0543516 0 0
0.841698 0.5 -0.00742873 0 0.206898 0.159183 0.0310183 0.0414813 0 0
0.804015 0.4 -0.00222862 0 0.222185 0.16068 0.038148 0.087185 0 0
0.51457 0.5 0.00799271 0 0.190863 0.151877 0.0438517 0.0650814 0 0
0.646993 0.6 0.00239781 0 0.15608 0.134835 0.0484147 0.0520651 0 0
0.414076 0.5 -0.00900289 0 0.135034 0.137868 0.0553984 0.0776521 0 0
0.598756 0.6 0.0556325 0 0.204579 0.196961 0.0376521 -0.109878 0 0
0.687403 0.6 0.0750231 0 0.17358 0.177569 0.0401217 0.058764 0 0
0.663963 0.6 0.0808403 0 0.17358 0.177569 0.0401217 0.058764 0 0
0.53117 0.6 0.0825854 0 0.17358 0.202055 0.038764 0.101011 0 0
0.654962 0.6 0.083109 0 0.240682 0.244977 0.0243445 -0.120524 0 0
0.651505 0.7 0.083266 0 0.240682 0.215982 0.0194756 0.0389138 0 0
0.521204 0.8 0.0833131 0 0.240682 0.219452 0.0222472 0.0844644 0 0
0.600142 0.8 0.0833273 0 0.240682 0.195562 0.0244644 0.0295715 0 0
0.760085 0.9 0.0208805 0 0.202891 0.239783 0.00957152 -0.132343 0 0
0.764841 1 0.0433854 0 0.231165 0.238493 0.0209905 0.0834591 0 0
0.767124 1 0.00404125 0 0.18838 0.197461 0.0201258 0.0227673 0 0
0.490959 1 0.0514759 0 0.24562 0.247969 0.00943395 -0.12912 0 0
0.314214 1 0.0488291 0 0.24562 0.228375 0.00754716 0.0427044 0 0
0.730494 1 0.0480351 0 0.24562 0.216033 0.00270439 0.0388302 0 0
0.584395 0.8 0.0214105 0 0.24562 0.209493 0.0154968 0.0690641 0 0
0.808306 0.7 0.0134232 0 0.24562 0.174261 0.0190641 0.00858465 0 0
0.646645 0.7 -0.0543064 0 0.268909 0.149409 0.0185847 0.0248677 0 0
0.710389 0.7 -0.0215949 0 0.268909 0.126194 0.0182011 0.0212275 0 0
0.740987 0.3 0.0244039 0 0.321579 0.120955 0.0145608 0.034982 0 0
0.684539 0.3 0.0382035 0 0.260597 0.110097 0.024982 0.0333189 0 0
0.728579 0.4 0.0423434 0 0.299234 0.171411 0.0133189 -0.129345 0 0
0.749718 0.3 0.0435854 0 0.299234 0.150462 0.0139885 0.0445241 0 0
0.599774 0.4 0.0342877 0 0.299234 0.13037 0.0145241 0.0216193 0 0
0.687892 0.5 0.00793937 0 0.299234 0.150963 0.0249526 0.0866288 0 0
0.730188 0.4 -0.00836382 0 0.299234 0.157437 0.0299621 0.0706363 0 0
0.680392 0.5 -0.0132548 0 0.299234 0.129283 0.027303 0.0251757 0 0
0.544314 0.5 0.018644 0 0.299234 0.140093 0.0318424 0.0721406 0 0
0.609016 0.6 0.0282136 0 0.299234 0.122074 0.0288073 0.0330458 0 0
0.487213 0.7 0.0185602 0 0.299234 0.107659 0.0263791 0.0311033 0 0
0.633862 0.8 0.0379755 0 0.256194 0.106128 0.0211033 0.040216 0 0
0.643403 0.8 0.0438001 0 0.256194 0.114902 0.0235493 0.0521728 0 0
0.708833 0.8 0.0455474 0 0.256194 0.0985883 0.0221728 0.0244049 0 0
0.567067 0.8 0.0294976 0 0.208288 0.125537 0.0310716 0.0915239 0 0
0.362923 0.9 0.0167486 0 0.17725 0.107097 0.0281906 0.0292191 0 0
0.744522 1 0.0129239 0 0.17725 0.109011 0.0292191 0.0533753 0 0
0.595617 1 -0.0454818 0 0.17725 0.117208 0.0267086 0.0647002 0 0
0.381195 0.9 -0.0389359 0 0.17725 0.123767 0.0247002 0.0630935 0 0
0.749784 1 -0.0369721 0 0.17725 0.129013 0.0164269 0.0498082 0 0
0.599827 1 0.0162254 0 0.152145 0.149877 0.0298082 0.0905132 0 0
0.687917 0.8 -0.024299 0 0.152145 0.119902 0.0238465 0.0190772 0 0
0.66416 0.9 -0.0364564 0 0.152145 0.142588 0.0257439 0.0872618 0 0
0.798496 1 0.0415631 0 0.124968 0.137404 0.0272618 0.0518094 0 0
0.706622 0.9 0.0649689 0 0.124968 0.15659 0.0284761 0.0894475 0 0
0.823973 1 0.0367255 0 0.110058 0.165272 0.0261142 0.067558 0 0
0.795507 1 0.0287542 0 0.110058 0.132217 0.0208914 0.0167131 0 0
0.705475 1 0.0263627 0 0.110058 0.105774 0.0167131 0.0133705 0 0
0.56438 1 -0.00943713 0 0.110058 0.131286 0.0200371 0.0826964 0 0
0.361203 0.8 -0.0560745 0 0.110058 0.118362 0.019363 0.0388238 0 0
0.573377 0.5 -0.0260329 0 0.110058 0.118023 0.0154904 0.039059 0 0
0.675221 0.5 0.00323665 0 0.110058 0.101085 0.0157257 0.0225805 0 0
0.432142 0.6 0.0258545 0 0.110058 0.0942013 0.0159139 0.0360644 0 0
0.764457 0.5 0.0326398 0 0.110058 0.122028 0.0193978 0.0821849 0 0
0.915204 0.6 0.0346754 0 0.110058 0.110956 0.0188516 0.0350812 0 0
0.949123 0.6 0.0232405 0 0.110058 0.0887644 0.0150812 0.012065 0 0
0.607439 0.5 0.0338952 0 0.110058 0.0976782 0.012065 0.0429853 0 0
0.69157 0.6 0.0925215 0 0.097349 0.0981426 0.0229853 0.0483883 0 0
0.442605 0.7 0.0431411 0 0.097349 0.105181 0.0283883 0.0560439 0 0
0.283267 0.6 0.0340677 0 0.0877966 0.107478 0.0360439 0.0555018 0 0
0.181291 0.6 0.0225732 0 0.0734631 0.0893157 0.0388352 0.0344015 0 0
0.469616 0.7 0.0191249 0 0.0734631 0.101453 0.0344015 0.0708545 0 0
0.681769 0.7 -0.00323688 0 0.0734631 0.0944954 0.0308545 0.0480169 0 0
0.727249 0.6 0.0352944 0 0.0734631 0.0889296 0.0213503 0.0337469 0 0
0.849448 0.7 0.0468537 0 0.0682193 0.0578104 0.0270802 0.0449975 0 0
0.807735 0.7 0.0503216 0 0.0642528 0.0195816 0.0316642 0.0486647 0 0
0.787713 0.7 0.0513619 0 0.0642528 0.062332 0.031998 0.0922651 0 0
0.63017 0.7 0.051674 0 0.216108 0.153199 0.0055984 -0.122188 0 0
0.641985 0.8 0.0517676 0 0.216108 0.153199 0.0055984 -0.122188 0 0
0.785191 0.9 0.0517957 0 0.182971 0.135892 0.00781206 0.0262496 0 0
0.502522 0.8 0.0518042 0 0.182971 0.155381 0.0129163 0.0769997 0 0
0.592969 0.9 0.0518067 0 0.182971 0.140971 0.0169997 0.0269331 1 0
0.474375 1 0.0518074 0 0.315607 0.199444 0.00693311 -0.137787 1 0
0.58216 1 0.0518077 0 0.315607 0.159555 0.00554649 0.00443719 1 0
0.749296 0.8 0.0518077 0 0.315607 0.140977 0.00777052 0.0295498 1 0
0.855797 0.7 0.0518078 0 0.315607 0.136115 0.00621642 0.0316398 1 0
0.948087 0.7 0.0518078 0 0.315607 0.115559 0.00830647 0.0133118 1 0
0.968852 0.6 0.0518078 0 0.32403 0.102447 0.00664517 0.0186495 1 0
0.772039 0.5 0.0518078 0 0.268824 0.0986243 0.00198281 0.0182529 1 0
0.863224 0.5 0.0518078 0 0.225586 0.0922327 0.00491958 0.0239357 1 0
0.552463 0.5 0.0518078 0 0.190813 0.0737862 0.00393566 0.00314853 1 0
0.665182 0.3 0.0518078 0 0.162907 0.105696 0.0164819 0.0798522 1 0
0.831572 0.1 0.0518078 0 0.139926 0.104557 0.0131855 0.0372151 1 0
0.898943 0.2 -0.00776634 0 0.122025 0.110312 0.0205484 0.049772 1 0
0.575324 0.3 -0.0262615 0 0.101039 0.121583 0.0264387 0.051151 1 0
0.805693 0.4 -0.0318101 0 0.0912656 0.123933 0.0278176 0.0255874 1 0
0.883416 0.5 0.0361956 0 0.168739 0.185813 0.0155874 -0.12753 1 0
0.739232 0.6 0.0565973 0 0.138353 0.15865 0.02247 0.0246426 1 0
0.843539 0.7 0.0315625 0 0.113961 0.150254 0.027976 0.0523808 1 0
0.539865 0.7 0.01159 0 0.107429 0.133536 0.0290474 0.0399046 1 0
0.659135 0.8 -0.0577118 0 0.0894518 0.120162 0.0265713 0.041257 1 0
0.421846 0.9 -0.0711597 0 0.0750702 0.13613 0.031257 0.0716723 1 0
0.269982 1 0.00279002 0 0.0695799 0.115571 0.0350056 0.0313378 1 0
0.172788 0.8 0.083238 0 0.0695799 0.119123 0.0346712 -0.0155964 1 0
0.689763 0.9 0.107372 0 0.0658334 0.135298 0.0377369 0.0768562 1 0
0.888315 1 0.114613 0 0.0626668 0.124905 0.0368562 0.049485 1 0
0.826391 0.8 0.116785 0 0.0631415 0.0999244 0.0361516 0.0289213 1 0
0.895835 0.7 0.0309657 0 0.0641884 0.126606 0.045588 0.093137 1 0
0.830001 0.7 -0.000432526 0 0.0647961 0.107952 0.0431371 0.0411763 1 0
0.7984 0.7 0.0141144 0 0.0584485 0.109695 0.0411763 0.0596077 0 0
0.869939 0.6 0.0184785 0 0.0500646 0.134422 0.0496077 0.106353 0 0
0.817571 0.7 0.0197877 0 0.0431767 0.127538 0.0463528 0.0637489 0 0
0.792434 0.5 0.0201805 0 0.0431767 0.115364 0.0404156 0.0556658 0 0
0.633947 0.4 -0.000676617 0 0.0378747 0.105624 0.0356658 0.051866 0 0
0.643436 0.4 -0.00693375 0 0.0335784 0.0911661 0.031866 0.0321595 0 0
0.786061 0.4 -0.0123742 0 0.0335784 0.0829329 0.0254928 0.0303942 0 0
0.777309 0.5 -0.0174118 0 0.0369468 0.0663463 0.0203942 0.0163154 0 0
0.698487 0.6 -0.018923 0 0.0369468 0.0664104 0.0129821 0.0270523 0 0
0.735274 0.5 -0.0193764 0 0.0369468 0.0631283 0.013719 0.0209752 0 0
0.752931 0.4 -0.0195124 0 0.0422558 0.063836 0.0143085 0.0347801 0 0
0.761407 0.2 -0.0195532 0 0.0422558 0.0510688 0.0114468 0.00915745 0 0
0.856844 0.3 -0.0195655 0 0.0538047 0.050855 0.00915745 0.017326 0 0
0.886771 0.4 -0.0195691 0 0.0538047 0.050855 0.00915745 0.017326 0 0
0.709417 0.5 -0.0195702 0 0.0528798 0.0640173 0.0139926 0.0278608 0 0
0.74052 0.6 -0.0195706 0 0.0460422 0.0978805 0.0278608 0.0922886 0 0
0.473933 0.7 -0.0195707 0 0.0401951 0.0949711 0.0222886 0.0378309 0 0
0.627488 0.7 -0.0195707 0 0.0353561 0.122644 0.0311642 0.091598 0 0
0.401592 0.5 0.0510038 0 0.0977063 0.138115 0.0349314 0.0746118 0 0
0.755659 0.6 0.0721761 0 0.0975199 0.123825 0.0312784 0.0483561 0 0
0.853395 0.7 0.0410973 0 0.0876933 0.0990602 0.0250228 0.0200182 0 0
0.80963 0.8 0.0442409 0 0.0876933 0.0992481 0.0300182 0.0573479 0 0
0.518163 0.6 0.0562094 0 0.0734067 0.126065 0.0373479 0.096545 0 0
0.789231 0.6 0.0598 0 0.0734067 0.120852 0.0298783 0.047236 0 0
0.778831 0.6 0.0608772 0 0.0682492 0.116682 0.0339027 0.0571221 0 0
0.623065 0.5 0.0636335 0 0.0682492 0.113345 0.0337888 0.0503644 0 0
0.398761 0.6 0.0615143 0 0.0577739 0.0940096 0.0303644 0.0276248 0 0
0.591405 0.7 0.0441896 0 0.0495249 0.121874 0.0376248 0.0967665 0 0
0.6271 0.8 0.0389922 0 0.0556199 0.104166 0.0334332 0.0334132 0 0
0.77626 0.8 0.0135693 0 0.0544133 0.103333 0.0267466 0.0447306 0 0
0.496806 0.8 0.0276285 0 0.0467827 0.089333 0.0313972 0.0284511 0 0
0.638467 0.9 0.018056 0 0.0407595 0.1048 0.0351178 0.0647609 0 0
0.645171 1 0.0151842 0 0.0407595 0.0838398 0.0347609 0.0278087 0 0
0.872262 1 0.0143227 0 0.0407595 0.113738 0.0444754 0.102247 0 0
0.923357 1 0.0152343 0 0.0423637 0.0909908 0.0355803 0.0284642 0 0
0.754569 1 0.0155078 0 0.0423637 0.0894593 0.0284642 0.0427714 0 0
0.603655 1 -0.0293754 0 0.146711 0.0782341 0.0261047 0.0275505 0 0
0.631804 1 -0.0428404 0 0.146711 0.0925873 0.0208838 0.0533737 0 0
0.505443 1 0.0163145 0 0.127125 0.0807365 0.026707 0.024699 0 0
0.323483 1 0.0217676 0 0.127125 0.0712559 0.0280323 0.0257592 0 0
0.555272 1 0.0174678 0 0.104875 0.090338 0.0324258 0.0726073 0 0
0.355374 1 0.0423615 0 0.093656 0.0922704 0.0326073 0.0494192 0 0
0.227439 0.8 0.0321529 0 0.0780498 0.120483 0.0394192 0.098202 0 0
0.487337 0.7 0.0290903 0 0.0780498 0.12972 0.0448687 0.085895 0 0
0.389869 0.7 0.0188158 0 0.0658012 0.143776 0.0492283 0.0860493 0 0
0.249516 0.7 0.0493947 0 0.0654409 0.161687 0.052716 0.108839 0 0
0.15969 0.4 0.0585684 0 0.0556314 0.14935 0.0421728 0.0570716 0 0
0.476651 0.4 0.0613205 0 0.0476301 0.126147 0.0370715 0.0363239 0 0
0.628793 0.4 0.0621462 0 0.0481881 0.100917 0.0296572 0.0237258 0 0
0.70182 0.4 0.0623938 0 0.0552172 0.120734 0.0337258 0.0736473 0 0
0.736874 0.2 0.00354902 0 0.163832 0.143254 0.040314 0.0989178 0 0
0.753699 0.2 -0.0141044 0 0.24971 0.12127 0.0322512 0.0324676 0 0
0.761776 0.3 -0.0194005 0 0.215768 0.103682 0.0291343 0.0299741 0 0
0.487536 0.4 -0.0209893 0 0.288317 0.0929459 0.0233074 0.0286459 0 0
0.312023 0.5 -0.00808249 0 0.233853 0.0743567 0.0253126 0.0202501 0 0
0.549771 0.6 -0.00411222 0 0.190361 0.0794854 0.0269167 0.0448667 0 0
0.351854 0.7 -0.00123366 0 0.26138 0.100255 0.0315334 0.0718934 0 0
0.56889 0.7 0.00776944 0 0.320968 0.106871 0.0318934 0.0555147 0 0
0.364089 0.7 0.0293294 0 0.26008 0.132163 0.038848 0.0977451 0 0
0.233017 0.8 0.0314125 0 0.211343 0.112397 0.0344118 0.0341961 0 0
0.489479 0.9 0.0320374 0 0.172224 0.0899178 0.0275294 0.0220235 0 0
0.816212 1 0.0322249 0 0.206745 0.0952675 0.0220235 0.0442855 0 0
0.65297 1 0.0673687 0 0.189823 0.076214 0.0176188 0.0140951 0 0
0.65074 1 0.0779118 0 0.26297 0.0776379 0.0140951 0.031276 0 0
0.712355 1 0.0810748 0 0.26297 0.038777 0.0179427 -0.0223125 0 0
0.827413 0.7 0.0406015 0 0.213655 0.0410216 0.0210208 0.0268167 0 0
0.717727 0.8 0.0284595 0 0.282035 0.0561506 0.0268167 0.05812 0 0
0.830636 0.8 0.0293712 0 0.228854 0.0582538 0.0247867 0.0431627 0 0
0.718964 0.7 0.0296447 0 0.186257 0.0599364 0.0231627 0.0418635 0 0
0.745103 0.4 0.0297267 0 0.257203 0.0679491 0.0185301 0.0381574 0 0
0.908237 0.5 0.0297514 0 0.313959 0.0543593 0.0214908 0.0171926 0 0
0.966965 0.6 0.0297587 0 0.254528 0.0601541 0.0238593 0.0357541 0 0
0.980179 0.6 0.0252067 0 0.311819 0.0481233 0.0257541 0.0206033 0 0
0.870486 0.6 0.025469 0 0.357652 0.0451653 0.0272699 0.031816 0 0
0.8907 0.7 0.0255477 0 0.396122 0.0827989 0.0351493 0.0947861 0 0
0.93442 0.8 0.0526075 0 0.32362 0.106239 0.0381194 0.0804955 0 0
0.848522 0.8 0.0541969 0 0.367987 0.091658 0.0338289 0.0337298 0 0
0.543054 0.8 0.0388397 0 0.367987 0.0866597 0.0303964 0.0476505 0 0
0.347554 0.9 0.0736639 0 0.405501 0.0693278 0.0243171 0.0194537 0 0
0.222435 1 0.0579966 0 0.405501 0.0821289 0.0194537 0.0588963 0 0
0.142358 1 0.0688696 0 0.32755 0.11237 0.0288963 0.0897837 0 0
0.0911093 1 0.0515432 0 0.26519 0.0898958 0.0264504 0.0211603 0 0
0.434986 0.9 0.0463453 0 0.215326 0.118583 0.0344936 0.0942616 0 0
0.608793 1 0.0447859 0 0.198277 0.141533 0.0409282 0.0994093 0 0
0.487035 0.8 0.0681233 0 0.198277 0.159893 0.0460759 0.103527 0 0
0.311702 0.9 0.0262703 0 0.198277 0.147915 0.0468607 0.0641553 0 0
0.199489 0.8 0.0593517 0 0.161747 0.124998 0.0441553 0.0419909 0 0
0.476604 0.8 0.0692761 0 0.238198 0.106665 0.0419909 0.0435927 0 0
0.685962 0.7 0.0722534 0 0.237617 0.121999 0.0435927 0.0782075 0 0
0.439016 0.8 0.0731466 0 0.193268 0.0975992 0.0348742 0.0278993 0 0
0.28097 0.8 0.0734146 0 0.177379 0.0780793 0.024566 0.0196528 0 0
0.179821 0.8 0.073495 0 0.144933 0.0624635 0.0196528 0.0157222 0 0
0.469051 0.8 0.0735191 0 0.119172 0.0733041 0.0157222 0.0392445 0 0
0.375241 0.8 0.162056 0 0.0986166 0.0586433 0.0125778 0.0100622 0 0
0.544093 0.8 0.188617 0 0.0885707 0.070248 0.0100622 0.0347164 0 0
0.435274 0.9 0.196585 0 0.0800169 0.0561984 0.00804978 0.00643983 0 0
0.765359 0.8 0.198976 0 0.0736135 0.0449587 0.00310649 0.0024852 0 0
0.767372 0.9 0.199693 0 0.0618105 0.035967 0.0024852 0.00198816 1 0
0.768339 1 0.199908 0 0.0558484 0.0487736 0.00198816 0.0249239 1 0
0.861003 1 0.199972 0 0.0564434 0.152352 0.0549239 0.193939 1 0
0.730625 0.9 0.199992 0 0.0483293 0.145215 0.0439391 0.0618179 1 0
0.838375 1 0.199998 0 0.0482635 0.122839 0.0384846 0.0374543 1 0
0.881452 0.8 0.199999 0 0.0482635 0.121604 0.0374543 0.0566301 1 0
0.928871 0.8 0.2 0 0.0416642 0.100617 0.0332968 0.0299708 1 0
0.845858 0.8 0.2 0 0.0416642 0.0938268 0.0333041 0.04331 1 0
0.806012 0.5 0.2 0 0.0364564 0.0883947 0.0266433 0.0379813 1 0
0.786886 0.4 0.2 0 0.0508705 0.0707158 0.0279813 0.022385 1 0
0.777705 0.3 0.2 0 0.0595941 0.059906 0.0257184 0.023908 1 0
0.773299 0.3 0.2 0 0.0510086 0.0545914 0.023908 0.0257931 1 0
0.771183 0.2 0.2 0 0.0438603 0.0436732 0.0191264 0.0153011 1 0
0.770168 0.3 0.2 0 0.0438603 0.0516052 0.0219678 0.0342409 1 0
0.861808 0.4 0.2 0 0.0544431 0.0479508 0.0242409 0.0260594 1 0
0.689447 0.5 0.2 0 0.0544431 0.0450273 0.0260594 0.0275142 1 0
0.441246 0.6 0.2 0 0.0544431 0.0393552 0.0241809 0.0193447 1 0
0.282397 0.5 0.2 0 0.104816 0.0448175 0.022678 0.0414757 1 0
0.72133 0.6 0.2 0 0.0871313 0.045854 0.0248091 0.0298473 1 0
0.899679 0.7 0.2 0 0.0763717 0.0366832 0.0265139 0.0212111 1 0
0.719743 0.8 0.2 0 0.0763717 0.0160132 0.0312111 0.0683023 1 0
0.460636 0.8 0.2 0 0.0763717 0.0228106 0.0316356 0.0453085 1 0
0.621105 0.6 0.2 0 0.166524 0.00824846 0.0353085 0.0715801 1 0
0.69813 0.5 0.2 0 0.166524 0.0499321 0.0415801 0.0899308 1 0
0.446803 0.5 0.2 0 0.234006 0.0399457 0.0399308 0.0319446 1 0
0.285954 0.5 -0.0216667 0 0.3053 0.131957 0.0186113 -0.108444 1 0
0.537258 0.6 0.281278 0 0.3053 0.122232 0.014889 0.0319112 1 0
0.606307 0.5 0.372161 0 0.254158 0.121119 0.0185779 0.0448623 1 0
0.485046 0.6 0.399426 0 0.206311 0.113562 0.0281956 0.0392232 1 0
0.632822 0.7 0.407606 0 0.17428 0.104183 0.0292232 0.0400452 1 0
0.405006 0.7 0.410059 0 0.17428 0.100013 0.0300452 0.0440362 1 0
0.756642 0.8 0.410796 0 0.142624 0.106677 0.0340362 0.0638956 1 0
0.605313 0.9 0.411016 0 0.150766 0.132008 0.0472289 0.117783 1 0
0.69055 1 0.411083 0 0.154511 0.14894 0.0444498 0.0922265 1 0
0.665171 1 0.411103 0 0.154511 0.14894 0.0444498 0.0922265 1 0
0.799103 0.8 0.411109 0 0.126709 0.119152 0.0388932 0.0311145 1 0
0.706856 0.9 0.41111 0 0.126709 0.119152 0.0388932 0.0311145 1 0
0.824113 1 0.411111 0 0.156652 0.0953216 0.0311145 0.0248916 1 0
0.527433 1 0.411111 0 0.298655 0.0995906 0.0315583 0.0419133 1 0
0.602534 1 0.411111 0 0.302924 0.0896725 0.02858 0.0195306 1 0
0.689216 0.9 0.411111 0 0.407964 0.071738 0.022864 0.0182912 1 0
0.888118 1 0.411111 0 0.407964 0.0573904 0.0216245 0.0172996 1 0
0.826297 1 0.411111 0 0.407964 0.0759123 0.0339663 0.0838397 1 0
0.895778 1 0.411111 0 0.329496 0.0773965 0.037173 0.0464051 1 0
0.829973 1 0.107361 0 0.266823 0.0785839 0.0464051 0.0571241 1 0
0.798387 1 0.0132398 0 0.341045 0.1062 0.0504574 0.0870326 1 0
0.783226 1 0.0346929 0 0.276197 0.131627 0.0570326 0.112293 1 0
0.501265 1 0.0238338 0 0.339966 0.128635 0.0589594 0.0705009 1 0
0.640607 0.9 0.0250571 0 0.275198 0.119575 0.0571675 0.0624007 1 0
0.409988 1 0.0325171 0 0.338192 0.132326 0.065734 0.0859205 1 0
0.262393 1 0.00774365 0 0.338192 0.145861 0.0625872 0.10007 1 0
0.525948 1 0.0048231 0 0.349186 0.156689 0.0600698 0.0980558 1 0
0.336607 1 0.0391392 0 0.349186 0.148684 0.0547225 0.0704447 1 0
0.736943 1 0.0494341 0 0.289605 0.155614 0.0571113 0.0856891 1 0
0.589554 0.8 0.0137886 0 0.289605 0.224491 0.0990224 0.229218 1 0
0.682986 0.9 -0.00932497 0 0.289605 0.222926 0.0892179 0.118041 1 0
0.662267 1 -0.016259 0 0.302272 0.225008 0.088041 0.140433 1 0
0.79736 1 -0.0115373 0 0.250909 0.18334 0.0804328 0.0610129 1 0
0.782733 1 -0.022986 0 0.250909 0.186672 0.0810129 0.101477 1 0
0.500949 1 -0.00689579 0 0.250909 0.189337 0.0748103 0.106515 1 0
0.640456 1 -0.0264873 0 0.210727 0.18147 0.0765149 0.0945453 1 0
0.707419 1 -0.0148299 0 0.210727 0.208509 0.0778786 0.0989696 1 0
0.452748 1 -0.0234124 0 0.291658 0.200141 0.0789696 0.0998423 1 0
0.617319 0.9 -0.019233 0 0.343896 0.210113 0.096509 0.153874 1 0
0.696313 1 -0.0572405 0 0.343896 0.18809 0.0872072 0.0930991 1 0
0.73423 1 -0.0117169 0 0.395117 0.187139 0.0864324 0.109146 1 0
0.752431 1 -0.0136895 0 0.319372 0.196378 0.102479 0.15865 1 0
0.761167 1 -0.0115553 0 0.258803 0.197102 0.0986501 0.135587 1 0
0.487147 1 0.00174175 0 0.287715 0.204348 0.0955867 0.143136 1 0
0.63383 1 0.0044998 0 0.287715 0.230145 0.093136 0.111176 1 0
0.704239 0.8 -0.00271983 0 0.240089 0.220783 0.0845088 0.11094 1 0
0.450713 0.7 0.0186285 0 0.19535 0.22996 0.0876071 0.140086 1 0
0.616342 0.7 -0.00107106 0 0.15967 0.227301 0.083419 0.116735 1 0
0.394459 0.4 0.0445505 0 0.15967 0.231841 0.0767352 0.0547215 0 0
0.252454 0.5 0.0658651 0 0.15967 0.192139 0.0680548 0.0611105 0 0
0.521178 0.6 0.0156898 0 0.131015 0.170378 0.0677772 0.0708884 0 0
0.333554 0.3 0.0585531 0 0.174103 0.152969 0.0608884 0.0720441 0 0
0.213474 0.4 0.093677 0 0.142359 0.129042 0.0620441 0.0463019 0 0
0.136624 0.5 0.0358237 0 0.18274 0.143234 0.0596353 0.0443749 0 0
0.0874391 0.6 0.0199576 0 0.18274 0.11792 0.0543749 0.0468332 0 0
0.055961 0.7 0.0339873 0 0.258192 0.121003 0.0601666 0.0614666 0 0
0.426861 0.8 0.014266 0 0.209859 0.130136 0.0647999 0.0885066 0 0
0.604893 0.9 0.0491516 0 0.209859 0.0974418 0.0651733 0.0921386 0 0
0.387132 1 0.0248416 0 0.209859 0.0879535 0.0588053 0.0603776 0 0
0.585823 0.9 0.0183052 0 0.291465 0.110363 0.0670442 0.0903021 0 0
0.374927 1 0.0148666 0 0.29496 0.0982902 0.0669687 0.0669083 0 0
0.747979 1 0.013835 0 0.29496 0.0986322 0.0669083 0.0701933 0 0
0.848787 0.7 0.00692826 0 0.245568 0.0922391 0.06686 0.0868213 0 0
0.543224 0.7 -0.00989143 0 0.308319 0.100458 0.0668213 0.0834571 0 0
0.660747 0.7 -0.00108907 0 0.24983 0.0936997 0.0701237 0.0927656 0 0
0.422878 0.5 0.0124184 0 0.203116 0.101626 0.0727656 0.0915459 0 0
0.602982 0.4 -0.000344255 0 0.213286 0.111301 0.0748792 0.09657 0 0
0.385908 0.4 -0.00417304 0 0.180307 0.119041 0.0832367 0.143256 0 0
0.585236 0.3 -0.00532168 0 0.180307 0.118566 0.073256 0.0886048 0 0
0.624731 0.2 -0.00566627 0 0.14723 0.124853 0.0752715 0.0968838 0 0
0.864903 0.3 -0.00576965 0 0.14723 0.124853 0.0752715 0.0968838 0 0
0.951365 0.4 -0.00580066 0 0.14723 0.113216 0.0668838 0.0701737 0 0
0.970819 0.5 -0.00580997 0 0.120934 0.0905725 0.0601737 0.048139 0 0
0.865993 0.6 -0.00581276 0 0.106122 0.072458 0.0514723 0.0411779 0 0
0.815677 0.6 -0.00581359 0 0.0880227 0.0579664 0.0445112 0.035609 0 0
0.71322 0.7 -0.00581385 0 0.0880227 0.0730398 0.045609 0.0731538 0 0
0.570576 0.8 -0.00581392 0 0.195008 0.125098 0.0464872 0.0538564 1 0
0.619101 0.9 -0.00581394 0 0.195008 0.110079 0.0438564 -0.00158155 1 0
0.697169 1 -0.00581395 0 0.195008 0.101396 0.0417518 -0.0132652 1 0
0.890981 0.8 -0.00581395 0 0.195008 0.111117 0.0367348 0.00605447 1 0
0.827671 0.8 -0.00581395 0 0.195008 0.112227 0.0393878 0.0681769 1 0
0.662137 0.7 -0.00581395 0 0.195008 0.113115 0.0415102 0.0632082 1 0
0.65426 0.6 -0.00581395 0 0.195008 0.113115 0.0415102 0.0632082 1 0
0.523408 0.7 -0.00581395 0 0.195008 0.110492 0.0432082 0.0578999 1 0
0.334981 0.8 -0.00581395 0 0.158948 0.11506 0.0512332 0.0576532 1 0
0.560791 0.8 -0.00581395 0 0.158948 0.125382 0.0443199 0.00878926 1 0
0.801508 0.8 -0.00581395 0 0.19065 0.123639 0.0521226 0.0983647 1 0
0.880905 0.8 -0.00969873 0 0.15572 0.142244 0.0583647 0.0833585 1 0
0.822834 0.7 -0.0108642 0 0.192318 0.153795 0.0633585 0.0873534 1 0
0.79496 0.8 -0.0469073 0 0.192318 0.123036 0.0573534 0.0458828 1 0
0.781581 0.8 -0.0196219 0 0.271887 0.131762 0.0658827 0.0893729 1 0
0.500212 0.8 -0.0166558 0 0.271887 0.10541 0.0593729 0.0474983 1 0
0.640102 0.8 -0.00325254 0 0.227187 0.114328 0.064165 0.0679986 1 0
0.824349 0.7 0.000768433 0 0.227187 0.118129 0.061332 0.0823989 1 0
0.89461 0.8 0.153445 0 0.184648 0.12117 0.0757322 0.117252 1 0
0.829413 0.8 0.0602227 0 0.184648 0.120269 0.0672525 0.0804686 1 0
0.798118 0.8 0.0226965 0 0.212759 0.126215 0.0704686 0.0930416 1 0
0.510796 0.9 0.0618789 0 0.212759 0.100972 0.0630416 0.0504333 1 0
0.326909 0.8 0.0185637 0 0.239629 0.107445 0.0604333 0.0783466 1 0
0.556916 0.8 -0.00206172 0 0.201703 0.125956 0.0683466 0.091344 1 0
0.800392 0.6 -0.00824933 0 0.263618 0.114098 0.0646773 0.0684085 0 0
0.928141 0.7 -0.0101056 0 0.325649 0.127945 0.0617418 0.0927268 0 0
0.956885 0.8 -0.00303168 0 0.325649 0.119023 0.0593935 0.0641814 0 0
0.859305 0.8 -0.000502535 0 0.296584 0.128551 0.0675148 0.0906785 0 0
0.812466 0.8 -0.00964689 0 0.240546 0.109508 0.0606785 0.0552095 0 0
0.519978 0.8 0.00474482 0 0.240546 0.134273 0.0618761 0.116168 0 0
0.332786 0.6 0.0333323 0 0.240546 0.130752 0.0561676 0.0716007 0 0
0.212983 0.7 -0.0176319 0 0.313445 0.137935 0.0616007 0.0859472 0 0
0.136309 0.8 0.00916912 0 0.313445 0.147014 0.0592806 0.0940911 0 0
0.0872379 0.8 -0.0107108 0 0.313445 0.127612 0.0574245 0.0559396 0 0
0.0558323 0.8 0.100808 0 0.253787 0.128756 0.0759396 0.137418 0 0
0.0357326 0.7 0.0732128 0 0.253787 0.139671 0.0707517 0.103268 0 0
0.417152 0.8 0.0275135 0 0.206308 0.141737 0.073268 0.0919477 0 0
0.266977 0.7 0.0470274 0 0.206308 0.12339 0.0652811 0.0655582 0 0
0.528149 0.8 0.0239544 0 0.168272 0.135378 0.0688915 0.0717799 0 0
0.792107 0.9 0.0170326 0 0.168272 0.134969 0.0617799 0.0827572 0 0
0.875264 1 0.0147292 0 0.210028 0.137976 0.0660906 0.0895391 0 0
0.736101 0.8 0.0140382 0 0.210028 0.0903804 0.0628725 0.0769646 0 0
0.841661 0.7 0.0215669 0 0.210028 0.088971 0.0569646 0.0622384 0 0
0.538663 0.8 0.0321367 0 0.280925 0.111177 0.0622384 0.063124 0 0
0.658558 0.8 0.0208983 0 0.280925 0.112275 0.0597907 0.0744992 0 0
0.421477 0.8 0.0272695 0 0.234496 0.126486 0.0644992 0.0649327 0 0
0.269745 0.8 0.0104536 0 0.253171 0.121189 0.0649327 0.0686128 0 0
0.172637 0.8 0.0419094 0 0.253171 0.153618 0.0686128 0.0915569 0 0
0.482866 0.8 0.0132639 0 0.316358 0.149561 0.0682236 0.0879122 0 0
0.631776 0.8 0.00568587 0 0.373086 0.146316 0.0679122 0.0876631 0 0
0.703252 0.8 0.00456968 0 0.308146 0.160386 0.0876631 0.146797 0 0
0.737561 0.9 -0.00269886 0 0.279304 0.154975 0.0801305 0.0974377 0 0
0.754029 1 -0.000411938 0 0.279304 0.167314 0.0807711 0.121284 0 0
0.761934 0.8 0.0134712 0 0.233043 0.163851 0.0812835 0.0816935 0 0
0.765728 0.7 0.00135703 0 0.310804 0.164414 0.0816935 0.102021 0 0
0.76755 0.6 -0.00366266 0 0.255043 0.168198 0.0820215 0.102284 0 0
0.694739 0.6 -0.00516857 0 0.267027 0.157892 0.0822838 0.0158271 0 0
0.555791 0.6 0.0433212 0 0.222997 0.15298 0.0791604 0.099995 0 0
0.355706 0.5 0.0356962 0 0.187846 0.155717 0.0833283 0.103329 0 0
0.742443 0.6 0.0334087 0 0.187846 0.147907 0.0766627 0.0946635 0 0
0.593955 0.5 0.0234842 0 0.260846 0.168326 0.0946635 0.152397 0 0
0.685098 0.6 0.0435036 0 0.260846 0.161327 0.0857308 0.101918 0 0
0.438463 0.7 0.0442035 0 0.218433 0.139062 0.0785846 0.076201 0 0
0.610462 0.8 0.0105767 0 0.296058 0.161249 0.096201 0.153627 0 0
0.693022 0.9 -0.00012486 0 0.296058 0.175666 0.0936275 0.144902 0 0
0.732651 1 -0.0239011 0 0.296058 0.170533 0.084902 0.104588 0 0
0.468896 1 -0.031034 0 0.240098 0.136426 0.0712549 0.0570039 0 0
0.62507 1 -0.0331738 0 0.201756 0.112474 0.0636706 0.0476032 0 0
0.700034 1 -0.0338158 0 0.229622 0.0899796 0.0576032 0.0460825 0 0
0.736016 1 -0.0340084 0 0.193072 0.0719836 0.0527492 0.0421994 0 0
0.851973 1 -0.0340661 0 0.157488 0.0575869 0.0455327 0.0364261 0 0
0.94671 1 -0.0340835 0 0.157488 0.0575869 0.0455327 0.0364261 0 0
0.980816 1 -0.0340887 0 0.128954 0.0594029 0.0464261 0.0538076 0 0
0.988489 0.9 -0.0340902 0 0.128954 0.0775223 0.0538076 0.0797127 0 0
0.874475 1 -0.0335357 0 0.128954 0.0953512 0.0597127 0.0844369 0 0
0.559664 1 -0.0365142 0 0.106415 0.0929476 0.0611035 0.0655495 0 0
0.614911 1 -0.0374078 0 0.106415 0.0943581 0.0622161 0.0664396 0 0
0.861368 1 -0.0376758 0 0.106415 0.102153 0.0564396 0.0851517 0 0
0.689094 1 -0.0100527 0 0.198035 0.0950558 0.058485 0.0634547 0 0
0.664612 1 -0.00176582 0 0.198035 0.106045 0.0534547 -0.000569599 0 0
0.53169 1 0.0488292 0 0.198035 0.134836 0.0594304 0.084211 0 0
0.655211 1 -0.0016303 0 0.161707 0.127869 0.0608777 0.0653688 0 0
0.714501 1 -0.00764819 0 0.139202 0.145628 0.0687021 0.111628 0 0
0.742961 0.8 -0.00491777 0 0.114613 0.156503 0.0716284 0.0939694 0 0
0.756621 0.5 -0.00757998 0 0.098248 0.171869 0.0739694 0.0958422 0 0
0.763178 0.5 -0.00529792 0 0.196631 0.144162 0.0691755 0.0620071 0 0
0.766326 0.6 0.00393387 0 0.160584 0.161996 0.0886737 0.147606 0 0
0.490448 0.6 0.0258596 0 0.131773 0.156263 0.0842723 0.0974179 0 0
0.635415 0.6 0.00942579 0 0.17484 0.165011 0.104085 0.183268 0 0
0.704999 0.6 0.00389855 0 0.17484 0.148675 0.0932676 0.0912808 0 0
0.7384 0.5 -0.00587425 0 0.143205 0.14894 0.0879474 0.103691 0 0
0.754432 0.6 -0.00779676 0 0.117843 0.159152 0.0903579 0.108953 0 0
0.482836 0.7 0.0278882 0 0.100726 0.150655 0.0822864 0.0924958 0 0
0.631761 0.8 0.028976 0 0.100726 0.193857 0.0824958 0.102663 0 0
0.703246 0.9 0.00976361 0 0.0905806 0.178419 0.0759966 0.087464 0 0
0.450077 1 0.00455699 0 0.0851629 0.169402 0.077464 0.0986378 0 0
0.616037 0.8 -0.000667785 0 0.071409 0.158855 0.0753045 0.0935769 0 0
0.394264 0.9 0.0457273 0 0.071409 0.107084 0.0702436 0.0828615 0 0
0.252329 0.8 0.0241236 0 0.0668833 0.125667 0.0728615 0.0949559 0 0
0.521118 0.9 -0.00657872 0 0.164076 0.0738671 0.0682892 0.0812981 0 0
0.650137 1 0.00844895 0 0.164076 0.0790937 0.0612981 0.0723718 0 0
0.712066 1 0.0116917 0 0.140938 0.0966083 0.0657051 0.0892308 0 0
0.741791 1 0.00934083 0 0.115925 0.10062 0.0825641 0.142718 0 0
0.474747 1 0.00810528 0 0.16815 0.103829 0.0760513 0.090841 0 0
0.627878 0.8 0.00324553 0 0.137746 0.113063 0.0775077 0.0986728 0 0
0.641105 0.9 0.0017876 0 0.113502 0.100451 0.0720061 0.0709383 0 0
0.784663 1 -0.00221356 0 0.0941352 0.117027 0.0876049 0.146751 0 0
0.502184 0.8 0.0243359 0 0.139824 0.113622 0.0800839 0.0874005 0 0
0.321398 0.7 0.0220735 0 0.115034 0.127564 0.0807338 0.0779204 0 0
0.205695 0.7 0.0377745 0 0.0952018 0.115385 0.074587 0.0763363 0 0
0.131645 0.6 0.022999 0 0.0952018 0.0923077 0.0696696 0.0557357 0 0
0.450552 0.4 0.0185664 0 0.0886615 0.100513 0.069069 0.0919219 0 0
0.802199 0 0.0172366 0 0.0886615 0.0704103 0.0652552 0.0788709 0 0
0.785055 0.1 0.0168376 0 0.0886615 0.0629949 0.0588709 0.0570967 0 0
0.871033 0.2 0.010441 0 0.0741038 0.0670626 0.0570967 0.0690107 0 0
0.557461 0.3 0.0740782 0 0.0623838 0.0836501 0.062344 0.0865419 0 0
0.614065 0.4 0.0931694 0 0.0562062 0.08692 0.0565419 0.0685668 0 0
0.861063 0.5 0.0988968 0 0.0562062 0.089536 0.0519002 0.0815201 0 0
0.688851 0.6 0.0815019 0 0.0481146 0.0716288 0.0548535 0.0438828 0 0
0.664519 0.7 0.0762834 0 0.0415451 0.0573031 0.0538828 0.0431062 0 0
0.531615 0.8 0.160047 0 0.0420596 0.0691758 0.0597729 0.064485 0 0
0.793105 0.9 0.185176 0 0.0368997 0.078674 0.054485 0.073588 0 0
0.78069 1 0.192715 0 0.0391198 0.0829392 0.053588 0.0728704 0 0
0.624552 1 0.0986479 0 0.0344704 0.0663513 0.0562037 0.044963 0 0
0.699785 0.7 0.0438385 0 0.0371763 0.0564144 0.054963 0.0473037 0 0
0.447862 0.5 0.00642079 0 0.0396584 0.0451315 0.0573037 0.045843 0 0
0.614974 0.5 0.00690039 0 0.0350601 0.0661052 0.0591763 0.0806744 0 0
0.393583 0.5 0.0304889 0 0.0311977 0.0828842 0.0640077 0.0845395 0 0
0.58892 0.4 -0.00713239 0 0.0282915 0.0663073 0.0612062 0.0489649 0 0
0.682682 0.3 -0.00515696 0 0.025939 0.0830459 0.0656316 0.0891719 0 0
0.836612 0.3 -0.00456433 0 0.10009 0.0731034 0.0625053 0.0566709 0 0
0.901967 0.3 -0.0013693 0 0.0898281 0.0751494 0.0633376 0.0673367 0 0
0.832944 0.3 0.00458921 0 0.0898281 0.116786 0.0673367 0.090536 0 0
0.533084 0.4 0.0188768 0 0.151201 0.146762 0.0738694 0.125762 0 0
0.793528 0.5 0.023163 0 0.124136 0.14741 0.0724288 0.0946097 0 0
0.876117 0.6 0.00774435 0 0.102698 0.164595 0.0779431 0.119021 0 0
0.736429 0.7 0.00311875 0 0.121853 0.141676 0.0756878 0.0972169 0 0
0.589143 0.8 0.0476023 0 0.107319 0.15334 0.0772169 0.111774 0 0
0.682789 0.7 0.00207138 0 0.0956911 0.159339 0.0817735 0.122085 0 0
0.436985 0.7 0.0369741 0 0.0860017 0.144138 0.0820855 0.102335 0 0
0.567802 0.6 0.0474449 0 0.0776249 0.101977 0.0790017 0.106535 0 0
0.454242 0.5 0.0295844 0 0.0652999 0.0715816 0.0732014 0.0618944 0 0
0.618036 0.4 0.0497086 0 0.0553895 0.0772653 0.0718944 0.0875155 0 0
0.696657 0.2 0.0849126 0 0.101454 0.0918122 0.0741822 0.0760124 0 0
0.734396 0.2 0.0319553 0 0.127445 0.126783 0.0726791 0.0714766 0 0
0.470013 0.1 0.0381414 0 0.156794 0.10476 0.0648099 0.0551813 0 0
0.300808 0.2 0.00737264 0 0.148769 0.113808 0.0651813 0.0854784 0 0
0.544388 0 -0.00185797 0 0.158039 0.127713 0.0688117 0.091716 0 0
0.609045 0.1 -0.00462716 0 0.193632 0.135504 0.0650494 0.0253728 0 0
0.765427 0.2 0.0332893 0 0.219421 0.111736 0.0587062 0.0502983 0 0
0.767405 0.3 0.0221961 0 0.211603 0.116056 0.0569649 0.0755719 0 0
0.768354 0.4 0.0188681 0 0.213377 0.0728446 0.0589053 0.0737909 0 0
0.76881 0.5 0.00327408 0 0.216603 0.0882756 0.0571242 0.0890327 0 0
0.769029 0.4 -0.0254713 0 0.249315 0.110621 0.062366 0.0865595 0 0
0.769134 0.5 -0.0340949 0 0.260252 0.0618297 0.0598928 0.0712476 0 0
0.769184 0.6 -0.0366819 0 0.271012 0.122797 0.0545809 0.0569981 0 0
0.492278 0.7 -0.0401713 0 0.293874 0.171571 0.0403314 0.0189318 0 0
0.636293 0.6 -0.146218 0 0.301215 0.19059 0.0389318 0.0478121 0 0
0.705421 0.5 -0.178032 0 0.280316 0.215805 0.0378121 0.023583 0 0
0.738602 0.3 -0.187576 0 0.294253 0.215978 0.033583 0.0201997 0 0
0.472705 0.3 -0.19044 0 0.301518 0.196115 0.0335331 0.0434931 1 0
0.626899 0.3 -0.191299 0 0.306839 0.156892 0.0334931 0.0267945 1 0
0.401215 0.4 -0.0748896 0 0.316658 0.175514 0.0334612 0.0434356 1 0
0.592583 0.1 -0.0399669 0 0.324871 0.117078 0.0301023 0.0207485 1 0
0.68444 0.1 -0.0294901 0 0.314134 0.136996 0.0274152 0.0352655 1 0
0.728531 0.1 -0.0496804 0 0.321896 0.14293 0.0252655 0.016879 1 0
0.749695 0.1 -0.0557374 0 0.29085 0.187677 0.0235457 0.0121699 1 0
0.759854 0.1 -0.0575546 0 0.289823 0.210142 0.0255032 0.0370692 1 0
0.76473 0.1 -0.0580997 0 0.285191 0.20478 0.0270692 0.0383221 1 0
0.76707 0.1 -0.0232632 0 0.279001 0.210491 0.0283221 0.0393243 1 0
0.490925 0.1 -0.0128123 0 0.278938 0.241726 0.0293243 0.0367928 1 0
0.314192 0.1 -0.00967703 0 0.236374 0.230047 0.0401261 0.0887676 1 0
0.550812 0.2 -0.0204031 0 0.202322 0.257371 0.0421009 0.0503474 1 0
0.35252 0.3 -0.116954 0 0.207759 0.262564 0.0436807 0.0516112 1 0
0.569209 0.2 -0.14592 0 0.169513 0.270051 0.0349446 0.011289 1 0
0.673221 0.2 -0.154609 0 0.145367 0.282707 0.0346223 0.0443645 1 0
0.658517 0.3 -0.157216 0 0.212417 0.282833 0.0343645 0.0441583 1 0
0.526813 0.4 -0.157998 0 0.173011 0.226266 0.0274916 0.0219933 1 0
0.337161 0.5 -0.158233 0 0.141634 0.19768 0.02866 0.0462613 1 0
0.215783 0.6 -0.158303 0 0.221504 0.178144 0.0295946 0.047009 1 0
0.482861 0.7 -0.158324 0 0.221504 0.159182 0.0303424 0.0476072 1 0
0.386288 0.6 -0.158331 0 0.221504 0.134012 0.0276072 0.0287525 1 0
0.548335 0.7 -0.158333 0 0.221504 0.123876 0.0287525 0.0163353 1 0
0.729001 0.6 -0.158333 0 0.19401 0.135768 0.033002 0.0697349 1 0
0.74992 0.6 -0.158333 0 0.225208 0.125281 0.0397349 0.0484546 1 0
0.479949 0.5 -0.158333 0 0.225208 0.123558 0.0351213 0.018097 1 0
0.778225 0.6 -0.158333 0 0.225208 0.105513 0.0314303 0.0318109 1 0
0.62258 0.7 -0.158333 0 0.225208 0.0844104 0.0251443 0.0201154 1 0
0.698839 0.7 -0.0744231 0 0.225208 0.0808617 0.0201154 0.032759 1 0
0.735443 0.6 -0.0480262 0 0.225208 0.108023 0.0260923 0.0708739 1 0
0.68241 0.7 -0.0401072 0 0.225208 0.116418 0.0242072 0.0660324 1 0
0.727557 0.7 -0.0377314 0 0.225208 0.106468 0.0193658 0.0321593 1 0
0.582045 0.8 -0.00381943 0 0.225208 0.108508 0.0221593 0.0477274 1 0
0.372509 0.9 0.00635417 0 0.225208 0.100139 0.0210608 0.0368486 1 0
0.238406 0.6 -0.0452091 0 0.225208 0.0934449 0.0168486 0.0268122 1 0
0.514435 0.7 -0.061918 0 0.225208 0.134756 0.0168122 0.000116441 1 0
0.646929 0.6 -0.025605 0 0.225208 0.144471 0.0267831 0.0547598 1 0
0.826315 0.7 -0.0147111 0 0.225208 0.12891 0.0314265 0.0551412 1 0
0.895789 0.8 -0.028345 0 0.225208 0.0831283 0.0318079 0.0654463 1 0
0.897987 0.8 -0.0324351 0 0.225208 0.069836 0.0354463 0.0250237 1 0
0.963275 0.8 -0.0336622 0 0.225208 0.0892021 0.038357 0.0773523 1 0
0.77062 0.8 0.000838848 0 0.225208 0.118028 0.044019 0.101882 1 0
0.769898 0.8 -0.00883141 0 0.225208 0.141089 0.0485485 0.105505 1 0
0.769551 0.7 0.00235058 0 0.223864 0.152871 0.0488388 0.0857377 1 0
0.769384 0.7 0.00126607 0 0.223864 0.168964 0.0524044 0.10859 1 0
0.769305 0.6 0.0220809 0 0.223864 0.141838 0.0485902 0.0488721 1 0
0.769266 0.5 0.0297012 0 0.223864 0.140137 0.0488721 0.072431 1 0
0.49233 0.6 0.038077 0 0.182291 0.12211 0.052431 0.0552782 0 0
0.636319 0.4 0.0130263 0 0.149112 0.114354 0.0519448 0.0582225 0 0
0.407244 0.5 0.0399373 0 0.125589 0.101483 0.0548892 0.020578 0 0
0.260636 0.6 0.0164684 0 0.103861 0.127853 0.060578 0.118462 0 0
0.166807 0.6 -0.00427001 0 0.0864783 0.148949 0.0617958 0.116103 0 0
0.480067 0.5 0.00332426 0 0.0724885 0.155826 0.0594366 0.0942159 0 0
0.630432 0.5 -0.00307249 0 0.0613521 0.154661 0.0575493 0.0793728 0 0
0.403477 0.5 0.0149873 0 0.0720325 0.147062 0.0527061 0.0421649 0 0
0.593669 0.5 0.0044962 0 0.157626 0.124316 0.0454982 0.0430652 0 0
0.379948 0.4 -0.0229347 0 0.129579 0.14612 0.0497319 0.106452 0 0
0.243167 0.3 0.0155555 0 0.136997 0.136896 0.0464522 0.0538284 0 0
0.51672 0.4 -0.00347289 0 0.119854 0.13285 0.0471617 0.0610627 0 0
0.648026 0.3 0.00709767 0 0.105883 0.10628 0.0477294 0.0381835 0 0
0.826631 0.2 0.0102688 0 0.156251 0.115024 0.0548502 0.100547 0 0
0.895979 0.2 -0.0221446 0 0.187811 0.112019 0.0538802 0.0731041 0 0
0.573426 0.2 0.0229174 0 0.159926 0.112949 0.0564375 0.0818166 0 0
0.366993 0.3 -0.0152967 0 0.197506 0.133692 0.0518166 0.0647866 0 0
0.234875 0.4 -0.010839 0 0.167761 0.136954 0.0514533 0.084496 0 0
0.51274 0.5 -0.00596487 0 0.147542 0.139563 0.0511626 0.0742634 0 0
0.646115 0.4 -0.00585923 0 0.178034 0.12165 0.0475968 0.0480774 0 0
0.710135 0.4 -0.0132477 0 0.152683 0.12732 0.0480774 0.0684619 0 0
0.844519 0.4 -0.0154642 0 0.132147 0.121856 0.0484619 0.0721029 0 0
0.675615 0.5 0.0043351 0 0.115801 0.114152 0.0487696 0.0690156 0 0
0.432394 0.6 0.00690951 0 0.102397 0.117988 0.0490156 0.0692125 0 0
0.276732 0.7 0.0245087 0 0.0947178 0.111057 0.0492125 0.06937 0 0
0.177108 0.6 0.0108249 0 0.115774 0.112179 0.04937 0.0661627 0 0
0.485012 0.5 -0.00896185 0 0.163806 0.11641 0.049496 0.0695968 0 0
0.310408 0.4 0.00295661 0 0.200466 0.133128 0.0529301 0.0923441 0 0
0.548996 0.5 -0.0048107 0 0.2276 0.123169 0.0556774 0.0612086 0 0
0.351357 0.6 0.0209927 0 0.250932 0.135202 0.0512086 0.0176336 0 0
0.224869 0.6 0.00629781 0 0.240415 0.141495 0.0476336 0.00477352 0 0
0.507937 0.6 -0.0160772 0 0.261754 0.119863 0.0514402 0.0778188 0 0
0.32508 0.6 -0.00482316 0 0.269403 0.132557 0.0478188 0.00492172 0 0
0.524831 0.6 -0.00144695 0 0.277311 0.172712 0.0549217 0.080604 0 0
0.651919 0.7 -0.000434084 0 0.288515 0.13817 0.050604 0.0404832 0 0
0.791151 0.8 0.0336744 0 0.299105 0.140536 0.0504832 0.0737199 0 0
0.506337 0.9 0.0594613 0 0.308034 0.112429 0.0470533 0.0376426 0 0
0.643042 0.8 0.0125354 0 0.310293 0.13661 0.0543093 0.113447 0 0
0.411547 0.6 -0.0181144 0 0.271764 0.0792876 0.0501141 0.0034246 0 0
0.558034 0.7 -0.0273093 0 0.276915 0.0800968 0.0467579 0.0574063 0 0
0.446427 0.8 0.0198732 0 0.290954 0.100744 0.0474063 0.0812584 0 0
0.614285 0.8 0.0463466 0 0.304308 0.110595 0.0479251 0.0716734 0 0
0.694857 0.8 0.00143471 0 0.30395 0.128476 0.0483401 0.0853387 0 0
0.733531 0.8 -0.0264927 0 0.318374 0.142781 0.0486721 0.0856043 0 0
0.752095 0.8 -0.00334254 0 0.330732 0.134225 0.0489376 0.0691501 0 0
0.481341 0.8 0.0234458 0 0.330159 0.134046 0.0491501 0.0693201 0 0
0.631044 0.9 -0.00489809 0 0.336855 0.137237 0.0626534 0.126789 0 0
0.403868 0.8 0.048981 0 0.338234 0.133123 0.0601227 -0.00190181 0 0
0.258475 0.9 0.0525321 0 0.335103 0.146498 0.0680982 0.111145 0 0
0.499255 1 0.0535975 0 0.335103 0.167199 0.0644786 0.0249162 0 0
0.399404 1 0.0282885 0 0.284889 0.170426 0.0615828 0.0925996 0 0
0.591714 1 -0.0105839 0 0.262394 0.176341 0.0559329 0.081413 0 0
0.378697 0.9 -0.0576624 0 0.260763 0.167739 0.0580797 0.0797971 0 0
0.749065 1 -0.0717859 0 0.221725 0.100858 0.0564637 0.0518377 0 0
0.849439 0.9 -0.0296753 0 0.190495 0.0940197 0.055171 0.0608035 0 0
0.543641 1 0.00841026 0 0.161996 0.105216 0.0574701 0.0326428 0 0
0.34793 1 -0.0468359 0 0.220825 0.127506 0.0526428 0.0587809 0 0
0.740204 1 -0.0634097 0 0.218595 0.108671 0.0521142 0.038358 0 0
0.844122 0.9 -0.0626709 0 0.254187 0.0769371 0.0516914 0.0813531 0 0
0.540238 1 -0.00959076 0 0.254187 0.0315497 0.0513531 0.0677492 0 0
0.659314 1 -0.0191563 0 0.243349 0.0519064 0.0544158 0.076866 0 0
0.421961 1 -0.0416443 0 0.243349 0.0248585 0.0501993 0.0634928 0 0
0.761525 0.9 -0.0483907 0 0.204357 0.0398868 0.0568261 0.102128 0 0
0.856915 1 -0.0417394 0 0.212666 0.0285761 0.0587942 0.093702 0 0
0.811319 0.8 -0.0397441 0 0.183036 0.0128609 0.0603687 0.0949616 0 0
0.519244 0.8 0.00378191 0 0.156429 0.0169554 0.0516283 0.0479693 0 0
0.649237 0.8 0.0168397 0 0.13482 0.0335643 0.0479693 0.0650421 0 0
0.711634 0.6 -0.0434096 0 0.13482 0.0268514 0.0417088 0.033367 0 0
0.741584 0.7 -0.0614844 0 0.117774 0.0481478 0.043367 0.068027 0 0
0.75596 0.8 -0.0669069 0 0.107894 0.0618516 0.0413603 0.0597549 0 0
0.857717 0.8 -0.0685336 0 0.107894 0.0794813 0.0397549 0.0684706 0 0
0.811704 0.8 -0.0690216 0 0.0896486 0.073585 0.0384706 0.0374431 0 0
0.789618 0.8 -0.069168 0 0.0896486 0.0655347 0.0374431 0.0132878 0 0
0.873771 0.9 -0.0319684 0 0.081475 0.0690944 0.0399545 0.0619636 0 0
0.891646 0.8 -0.0208085 0 0.081475 0.0852755 0.0486303 0.0955709 0 0
0.960993 0.9 -0.0174605 0 0.0744823 0.0582204 0.0489042 0.07579 0 0
0.768794 1 0.00373621 0 0.0744823 0.033243 0.0491234 0.082632 0 0
0.769021 1 -0.0523514 0 0.0700206 0.0699277 0.0492987 0.0861056 0 0
0.695304 1 -0.0691776 0 0.0665428 0.0992755 0.049439 0.0828845 0 0
0.89031 1 -0.0742255 0 0.0632343 0.0860871 0.0462178 0.0436409 0 0
0.960511 1 -0.0757399 0 0.0540357 0.092203 0.0436409 0.0615794 0 0
0.976307 1 -0.0245918 0 0.0530646 0.0937624 0.0415794 0.0565969 0 0
0.624836 1 -0.00737755 0 0.055785 0.101677 0.0432635 0.0646108 0 0
0.699921 1 -0.0225621 0 0.0547975 0.118008 0.0446108 0.079022 0 0
0.66877 1 -0.0271175 0 0.084516 0.11774 0.0423553 0.0605509 0 0
0.801262 0.8 -0.0368117 0 0.0778692 0.140858 0.0505509 0.110441 0 0
0.512808 0.9 -0.0289922 0 0.0722127 0.142687 0.0504407 0.0836859 0 0
0.646148 0.8 -0.0249767 0 0.0712155 0.150816 0.0503526 0.0836154 0 0
0.413534 0.8 0.00596852 0 0.0712155 0.12732 0.0469487 0.0408923 0 0
0.598497 0.8 -0.022628 0 0.0669724 0.138522 0.047559 0.0813805 0 0
0.687278 0.8 -0.0337115 0 0.0669724 0.154151 0.0513805 0.0911044 0 0
0.439858 0.6 -0.0239676 0 0.063578 0.163321 0.0544378 0.0935502 0 0
0.611132 0.4 -0.0105557 0 0.063578 0.15399 0.0535502 0.0761735 0 0
0.693343 0.4 -0.00553157 0 0.0609464 0.169859 0.0561735 0.111605 0 0
0.732805 0.3 -0.00402433 0 0.0626702 0.17922 0.0549388 0.093951 0 0
0.468995 0.2 -0.00357217 0 0.139392 0.150043 0.043951 0.0418275 0 0
0.625118 0.2 -0.00343651 0 0.128043 0.160034 0.0518275 0.0981287 0 0
0.400075 0.2 -0.146864 0 0.128043 0.148027 0.0481287 0.0518363 0 0
0.592036 0.1 -0.061957 0 0.11219 0.158422 0.0551696 0.100802 0 0
0.810506 0.1 -0.0364848 0 0.11219 0.156738 0.0641357 0.127975 0 0
0.789043 0.2 -0.0288432 0 0.11219 0.0920567 0.0579752 0.0697135 0 0
0.873426 0.3 -0.0290018 0 0.0931421 0.116979 0.0597135 0.0977708 0 0
0.819244 0.4 0.0271969 0 0.0840375 0.113583 0.0577708 0.07955 0 0
0.793237 0.3 -0.00178411 0 0.077066 0.1142 0.0562166 0.08164 0 0
0.780754 0.3 -0.00867477 0 0.0716528 0.118026 0.0549733 0.0739786 0 0
0.774762 0.3 -0.0284547 0 0.0672396 0.121088 0.0539786 0.0798496 0 0
0.771886 0.3 -0.0288852 0 0.0638757 0.103537 0.0498496 0.0465463 0 0
0.494007 0.3 0.0263344 0 0.0638757 0.0994962 0.0498797 0.0699037 0 0
0.316164 0.1 0.0117892 0 0.0638757 0.099597 0.0499037 0.059923 0 0
0.202345 0.2 0.00652821 0 0.0638757 0.0796776 0.049923 0.0766051 0 0
0.477701 0.3 0.0049499 0 0.134434 0.0337421 0.0466051 0.0439507 0 0
0.38216 0 0.00298071 0 0.134434 0.0669936 0.0439507 0.0151606 0 0
0.244583 0.1 0.013789 0 0.134434 0.0469282 0.0384939 0.0241285 0 0
0.49392 0.2 0.0170314 0 0.192503 0.0808759 0.0407951 0.0826361 0 0
0.696352 0.3 0.00113216 0 0.163838 0.0913674 0.0426361 0.0707755 0 0
0.734249 0.4 -0.0218323 0 0.141155 0.0997606 0.0441089 0.0686204 0 0
0.752439 0.3 -0.031977 0 0.129453 0.109808 0.0486204 0.075563 0 0
0.856703 0.4 -0.0350204 0 0.106868 0.117847 0.0622297 0.12645 0 0
0.914022 0.5 -0.0145759 0 0.0952505 0.110944 0.0597837 0.067827 0 0
0.584974 0.6 -0.134501 0 0.165089 0.122089 0.057827 0.0795949 0 0
0.374383 0.7 -0.0827187 0 0.165089 0.151004 0.0529283 0.0523426 0 0
0.543763 0.8 -0.067184 0 0.165089 0.11747 0.0556759 0.0845408 0 0
0.726258 0.8 -0.0460075 0 0.142071 0.093976 0.0545408 0.0436326 0 0
0.464805 0.8 -0.0460391 0 0.142071 0.0385142 0.0502993 0.0469061 0 0
0.623106 0.8 -0.0644696 0 0.117135 0.0108113 0.0502394 0.0668582 0 0
0.699091 0.9 -0.0234107 0 0.133378 0.0286491 0.0501915 0.0601532 0 0
0.735564 1 -0.018955 0 0.133378 0.0629193 0.0568199 0.102123 0 0
0.851842 0.6 -0.0176183 0 0.109954 0.0770021 0.0621226 0.106365 0 0
0.808884 0.6 -0.0172173 0 0.0977195 0.0916017 0.0696981 0.112425 0 0
0.885331 0.6 -0.0350994 0 0.0814814 0.089948 0.0657585 0.0692734 0 0
0.566612 0.5 -0.040464 0 0.0925355 0.101958 0.0692734 0.112085 0 0
0.362631 0.4 -0.0420734 0 0.0834034 0.0682334 0.0654187 0.0756683 0 0
0.574063 0.3 -0.0425562 0 0.0767227 0.05792 0.0656683 0.0925347 0 0
0.3674 0.4 -0.0427011 0 0.0707532 0.046336 0.0592013 0.0473611 0 0
0.541082 0.5 -0.0427445 0 0.0663586 0.0370688 0.0540277 0.0432222 0 0
0.724649 0.5 -0.0427576 0 0.0623892 0.0296551 0.0465555 0.0372444 0 0
0.463775 0.6 -0.0427615 0 0.0532172 0.0503907 0.0439111 0.0684622 0 0
0.773567 0.7 -0.0427627 0 0.0524098 0.0603126 0.0417955 0.0667698 0 0
0.86414 0.8 -0.0711621 0 0.0452065 0.104917 0.0334364 -0.00325086 1 0
0.888872 0.9 -0.079682 0 0.0452065 0.0972667 0.0300825 0.044066 1 0
0.826659 1 -0.0822379 0 0.045614 0.0978134 0.0307326 0.0512528 1 0
0.937597 0.7 -0.0830047 0 0.0463273 0.0949174 0.0312528 0.0416689 1 0
0.962558 0.8 -0.0832347 0 0.0470618 0.145934 0.0316689 0.0420018 1 0
0.616037 0.8 -0.0833038 0 0.0470618 0.123414 0.0320018 0.0322681 1 0
0.394264 0.8 -0.0833245 0 0.0475668 0.112064 0.0289348 0.0464811 1 0
0.589247 0.8 0.264133 0 0.0475668 0.102985 0.0264811 0.0445182 1 0
0.682838 0.8 0.36837 0 0.0475668 0.0957212 0.0245182 0.0396146 1 0
0.727762 0.8 0.399642 0 0.0475668 0.11991 0.0296146 0.0736917 1 0
0.749326 0.8 0.409023 0 0.0478895 0.122595 0.0303583 0.05762 1 0
0.759676 0.8 0.411837 0 0.0478354 0.0880759 0.03762 0.080096 1 0
0.764645 0.9 0.412682 0 0.0977725 0.143794 0.0267627 0.00474347 1 0
0.489373 1 0.412935 0 0.0977725 0.135035 0.0214101 0.0404614 1 0
0.634899 1 0.22388 0 0.088302 0.161362 0.0171281 0.00703582 1 0
0.704751 0.9 0.167164 0 0.106707 0.159089 0.0370358 0.106295 1 0
0.738281 0.8 0.150149 0 0.0952831 0.143938 0.0362953 0.0490363 1 0
0.4725 0.9 0.145045 0 0.0861438 0.158484 0.0390363 0.0678957 1 0
0.3024 1 0.23018 0 0.0721409 0.166787 0.041229 0.0696499 1 0
0.545152 1 0.255721 0 0.0721409 0.146763 0.0363165 0.0623866 1 0
0.348897 1 0.263383 0 0.066873 0.144077 0.0423866 0.0705759 1 0
0.567471 1 0.265682 0 0.0566234 0.101928 0.0439092 0.0617941 1 0
0.803432 1 0.266371 0 0.0548225 0.0615426 0.0451274 0.0627686 1 0
0.642745 1 -0.0425887 0 0.0536941 0.122567 0.0461019 0.0535482 1 0
0.411357 1 -0.0361099 0 0.0527913 0.174721 0.0468815 0.0541719 1 0
0.263268 0.7 -0.0166663 0 0.0455944 0.21311 0.0475052 0.0546709 1 0
0.526369 0.7 -0.145 0 0.0463929 0.243821 0.0413375 0.0264033 1 0
0.336876 0.6 -0.1835 0 0.0470317 0.195057 0.0364033 0.0291227 1 0
0.52936 0.6 -0.19505 0 0.0473028 0.192712 0.0457893 0.0932981 1 0
0.423488 0.6 -0.198515 0 0.0475196 0.21417 0.0499648 0.0766385 1 0
0.271033 0.6 -0.199554 0 0.0470383 0.184669 0.0499718 0.0566441 1 0
0.718057 0.6 -0.199866 0 0.0470383 0.184669 0.0499718 0.0566441 1 0
0.830834 0.5 -0.19996 0 0.0470383 0.194402 0.0599775 0.127982 1 0
0.531734 0.6 -0.129988 0 0.047308 0.192188 0.0613153 0.0857189 1 0
0.34031 0.7 -0.108996 0 0.0501541 0.153751 0.0523856 0.0419085 1 0
0.738009 0.8 -0.102699 0 0.0432729 0.136334 0.0485751 0.0555268 1 0
0.842806 0.9 -0.10081 0 0.0376952 0.125734 0.0488601 0.0557548 1 0
0.804547 1 -0.100243 0 0.0333058 0.127254 0.0490881 0.0759371 1 0
0.708946 0.8 -0.100073 0 0.0644399 0.145136 0.0559371 0.101416 1 0
0.825368 0.9 -0.100022 0 0.0946288 0.129442 0.0514164 0.0577998 1 0
0.716941 1 -0.100007 0 0.135078 0.103554 0.0444664 0.0355731 1 0
0.744132 1 -0.100002 0 0.135078 0.103554 0.0444664 0.0355731 1 0
0.744132 0.8 -0.100001 0 0.135078 0.103554 0.0444664 0.0355731 1 0
0.595305 0.9 -0.1 0 0.135078 0.103554 0.0444664 0.0355731 1 0
0.595305 1 -0.1 0 0.135078 0.103554 0.0444664 0.0355731 1 0
0.811448 1 -0.1 0 0.135078 0.103554 0.0444664 0.0355731 1 1
0.789495 1 -0.1 0 0.135078 0.103554 0.0444664 0.0355731 1 1
0.789495 1 -0.1 0 0.135078 0.103554 0.0444664 0.0355731 1 1
0.873697 1 -0.1 0 0.278359 0.162843 0.0689065 0.151792 1 1
0.7355 1 -0.1 0 0.278359 0.130274 0.0617918 0.0494335 1 1
0.8413 0.8 -0.1 0 0.278359 0.10422 0.0527668 0.0422134 1 1
0.538432 0.9 -0.1 0 0.232211 0.096709 0.0522134 0.0551041 1 1
0.606758 1 -0.1 0 0.189021 0.0807005 0.0451041 0.0394166 1 1
0.691244 0.9 -0.1 0 0.154578 0.0712271 0.0394166 0.0382 1 1
0.888848 1 -0.1 0 0.154578 0.090315 0.0282 0.0592266 1 1
0.826647 1 -0.1 0 0.140329 0.172252 0.0058933 -0.128619 1 1
0.937593 1 -0.1 0 0.23507 0.241135 -0.021952 -0.147562 1 1
0.962556 1 -0.0672222 0 0.317468 0.296241 -0.050895 -0.170716 1 1
0.917216 1 -0.0573889 0 0.369862 0.33366 -0.0673826 -0.187239 1 1
0.970198 1 -0.0544389 0 0.369862 0.33366 -0.0673826 -0.187239 0 0
0.865695 1 -0.0535539 0 0.369862 0.33366 -0.0673826 -0.187239 0 0
0.95165 1 -0.0532884 0 0.369862 0.33366 -0.0673826 -0.187239 0 0
0.982594 0.8 -0.0532087 0 0.369862 0.33366 -0.0673826 -0.187239 0 0
0.993734 0.9 -0.0531848 0 0.369862 0.33366 -0.0673826 -0.187239 0 0
0.99624 1 -0.0172422 0 0.309803 0.370261 -0.0872394 -0.203125 0 0
0.926917 0.9 -0.00645943 0 0.309803 0.370261 -0.0872394 -0.203125 0 0
0.97369 0.8 -0.0295136 0 0.309803 0.370261 -0.0872394 -0.203125 0 0
0.990528 0.9 -0.0346605 0 0.309803 0.370261 -0.0872394 -0.203125 0 0
0.99659 1 -0.0362046 0 0.309803 0.370261 -0.0872394 -0.203125 0 0
0.998773 1 -0.0264864 0 0.309803 0.370261 -0.0872394 -0.203125 0 0
0.799018 1 0.0125496 0 0.322128 0.309542 -0.0764582 -0.0744999 0 0
0.783529 1 -0.0391897 0 0.266526 0.247634 -0.0644999 -0.0515999 0 0
0.865656 0.8 -0.0547115 0 0.236078 0.21144 -0.0482666 -0.0452799 0 0
0.919394 0.8 -0.0696743 0 0.348322 0.195819 -0.0386133 -0.0475573 0 0
0.841309 0.8 -0.0475327 0 0.348322 0.195819 -0.0386133 -0.0475573 0 1
0.803828 0.8 -0.0408903 0 0.348322 0.195819 -0.0386133 -0.0475573 0 1
0.803828 0.6 -0.0388975 0 0.348322 0.195819 -0.0386133 -0.0475573 0 1
0.803828 0.5 -0.0382997 0 0.348322 0.195819 -0.0386133 -0.0475573 0 1
0.803828 0.5 -0.0381203 0 0.348322 0.195819 -0.0386133 -0.0475573 0 1
0.803828 0.4 -0.0380665 0 0.348322 0.195819 -0.0386133 -0.0475573 0 1
0.803828 0.3 -0.0380504 0 0.348322 0.195819 -0.0386133 -0.0475573 0 1
0.803828 0.3 -0.0380456 0 0.348322 0.195819 -0.0386133 -0.0475573 0 1
0.803828 0.3 -0.0380441 0 0.348322 0.195819 -0.0386133 -0.0475573 0 1
0.803828 0.2 -0.0380437 0 0.348322 0.195819 -0.0386133 -0.0475573 0 1
0.803828 0.1 -0.0380435 0 0.348322 0.195819 -0.0386133 -0.0475573 0 1
0.803828 0 -0.0380435 0 0.348322 0.195819 -0.0386133 -0.0475573 0 1
0.803828 0.1 -0.0380435 0 0.348322 0.195819 -0.0386133 -0.0475573 0 1
0.803828 0.2 -0.0380435 0 0.348322 0.195819 -0.0386133 -0.0475573 0 1
0.803828 0 -0.0380435 0 0.348322 0.195819 -0.0386133 -0.0475573 0 1
0.803828 0 -0.0380435 0 0.348322 0.195819 -0.0386133 -0.0475573 0 1
