898 8 2
0.785838 0.1 0.0469203 0 0.327438 0.163322 -0.0275573 -0.0153792 0 0
0.866321 0.2 0.0724094 0 0.315732 0.137324 -0.0187125 -0.00830333 0 0
0.693057 0.3 0.174287 0 0.302585 0.109859 -0.01497 -0.011976 0 0
0.732667 0.4 0.18734 0 0.288943 0.0945541 -0.00864266 -0.000247464 0 0
0.468907 0.5 0.200679 0 0.280741 0.0756433 -0.00691413 -0.0055313 0 0
0.300101 0.6 -0.0172963 0 0.27418 0.0605146 -0.0055313 -0.00442504 0 0
0.192064 0.7 0.228144 0 0.247915 0.0650784 -0.00775838 0.01046 0 0
0.695315 0.8 0.301777 0 0.237138 0.0687294 -0.00954004 0.00903464 0 0
0.733751 0.9 0.323866 0 0.231816 0.0549835 -0.00763203 -0.00610562 0 0
0.587001 1 -0.118538 0 0.231816 0.0506535 -0.00277229 0.00444884 0 0
0.809056 1 -0.251259 0 0.229897 0.0471894 0.0011155 0.00755907 0 0
0.93126 1 -0.291075 0 0.229897 0.0471894 0.0011155 0.00755907 0 0
0.847005 1 -0.30302 0 0.229897 0.0471894 0.0011155 0.00755907 0 0
0.806562 0.8 -0.111255 0 0.229897 0.0471894 0.0011155 0.00755907 0 0
0.78715 0.9 -0.0537253 0 0.290584 0.0844182 0.0142257 0.0780473 0 0
0.923374 0.8 -0.0561176 0 0.290584 0.0844182 0.0142257 0.0780473 0 0
0.738699 0.9 -0.0168353 0 0.262468 0.0808679 0.00804725 0.0231045 0 0
0.683661 0.8 -0.00505058 0 0.262468 0.0808679 0.00804725 0.0231045 0 0
0.546928 0.9 0.265846 0 0.259498 0.0946943 0.00977114 0.0544836 0 0
0.797515 1 0.347115 0 0.259498 0.0946943 0.00977114 0.0544836 0 0
0.782807 1 0.371496 0 0.259498 0.0946943 0.00977114 0.0544836 0 0
0.775748 0.8 0.37881 0 0.259498 0.0946943 0.00977114 0.0544836 0 0
0.772359 0.8 0.235736 0 0.259498 0.0946943 0.00977114 0.0544836 0 0
0.617887 0.8 0.248086 0 0.258049 0.122422 0.0278169 0.0889202 0 0
0.696586 0.8 0.362535 0 0.258049 0.141271 0.0389202 0.0978028 0 0
0.667489 0.6 0.39687 0 0.353228 0.141271 0.0389202 0.0978028 0 0
0.533991 0.5 0.22247 0 0.337128 0.12635 0.0311362 0.0449089 0 0
0.656316 0.4 0.0906047 0 0.320611 0.10108 0.0249089 0.0199271 0 0
0.420042 0.3 0.289681 0 0.265938 0.0808641 0.0165938 0.013275 0 0
0.268827 0.4 0.242883 0 0.422586 0.108025 0.0366084 0.0959534 0 0
0.529037 0.5 0.211967 0 0.380547 0.133086 0.0459534 0.103429 0 0
0.60315 0.6 0.202693 0 0.511217 0.106469 0.0367627 0.0294102 0 0
0.60315 0.6 0.19991 0 0.511217 0.106469 0.0367627 0.0294102 0 0
0.76189 0.6 0.10664 0 0.448643 0.0985086 0.0327435 0.0528615 0 0
0.692566 0.7 0.0786586 0 0.378269 0.0788069 0.0828615 0.269623 0 0
0.732432 0.8 0.0702642 0 0.353009 0.0630455 0.0629558 0.0503647 0 0
0.903675 0.9 0.0677459 0 0.292752 0.0471031 0.107031 0.285625 0 0
0.72294 1 0.144768 0 0.276478 0.0510158 0.0822917 0.0825 0 0
0.462682 1 0.176583 0 0.26864 0.0474793 0.0658334 0.0626667 0 0
0.296116 0.8 0.167105 0 0.259357 0.0446501 0.0526667 0.0521334 0 0
0.725281 0.5 0.164262 0 0.256608 0.0457201 0.0421334 0.04704 0 0
0.580225 0.6 0.200415 0 0.250448 0.0665761 0.03704 0.0762987 1 0
0.807105 0.7 0.211261 0 0.213804 0.0532609 0.089632 0.275039 1 0
0.930558 0.7 0.214515 0 0.197934 0.055942 0.0717056 0.0773645 1 0
0.975001 0.7 0.215491 0 0.205805 0.0580869 0.0606978 0.0752249 1 0
0.985 0.7 0.253109 0 0.187224 0.0564696 0.0485583 0.0521799 1 0
0.92368 0.6 0.272274 0 0.187224 0.0564696 0.0485583 0.0521799 1 0
0.738944 0.7 0.234246 0 0.173309 0.0751756 0.0421799 0.0804106 1 0
0.852816 0.8 0.222838 0 0.335368 0.106807 0.0404106 0.0989952 1 0
0.682253 0.9 0.075388 0 0.335368 0.0854457 0.0323285 0.0258628 1 0
0.836489 1 0.031153 0 0.318295 0.115023 0.0458628 0.12669 1 0
0.801515 1 0.0178825 0 0.459764 0.122019 0.0400236 0.0786855 1 0
0.880909 0.8 -0.0654686 0 0.421145 0.0976149 0.0320189 0.0256151 1 0
0.738269 0.9 -0.0904739 0 0.388948 0.108092 0.0289484 0.0698254 1 0
0.590615 1 0.133614 0 0.356687 0.116474 0.0264921 0.0678603 1 0
0.377994 1 0.0122432 0 0.356687 0.123179 0.024527 0.0662883 1 0
0.241916 1 -0.0235493 0 0.32876 0.111876 0.0229549 0.0450306 1 0
0.51612 0.9 -0.0997118 0 0.271519 0.0928344 0.0716973 0.257358 1 0
0.330317 1 -0.0461926 0 0.267215 0.0876009 0.0540245 0.0598863 1 0
0.526842 1 -0.0522724 0 0.267215 0.0876009 0.0540245 0.0598863 1 0
0.421473 0.9 -0.0381176 0 0.253467 0.0800807 0.0398863 0.0452423 1 0
0.269743 1 0.00939805 0 0.249648 0.0640646 0.031909 0.0255272 0 0
0.172635 1 0.00281941 0 0.230022 0.064585 0.0288605 0.0464218 0 0
0.466292 0.9 0.0130551 0 0.230022 0.064585 0.0288605 0.0464218 0 0
0.62382 1 0.0161258 0 0.230022 0.064585 0.0288605 0.0464218 0 0
0.699434 1 0.0170471 0 0.230022 0.064585 0.0288605 0.0464218 0 0
0.891796 1 0.0173234 0 0.230022 0.064585 0.0288605 0.0464218 0 0
0.713437 1 0.0432405 0 0.278832 0.051668 0.0230884 0.0184707 0 0
0.4566 1 -0.260247 0 0.267183 0.0546677 0.0184707 0.0347766 0 0
0.292224 1 -0.0430742 0 0.342978 0.0504008 0.0147766 0.0218213 0 0
0.187023 0.8 -0.00125558 0 0.342978 0.053654 0.0151546 0.0387904 0 0
0.471817 0.9 0.00757787 0 0.342978 0.053654 0.0151546 0.0387904 0 0
0.626472 1 0.0102279 0 0.342978 0.053654 0.0151546 0.0387904 0 0
0.700707 0.6 0.0110229 0 0.342978 0.053654 0.0151546 0.0387904 0 0
0.892254 0.6 0.0112614 0 0.342978 0.053654 0.0151546 0.0387904 0 0
0.961212 0.7 0.301908 0 0.342978 0.053654 0.0151546 0.0387904 0 0
0.768969 0.7 0.0790592 0 0.315327 0.0729232 0.015457 0.0590323 0 0
0.695284 0.7 0.0153844 0 0.315327 0.0729232 0.015457 0.0590323 0 0
0.556227 0.4 -0.00609896 0 0.288159 0.0883386 0.015699 0.0592258 0 0
0.355985 0.5 -0.0218297 0 0.275303 0.117338 0.0192258 0.0820473 0 0
0.536698 0.6 -0.0265489 0 0.246713 0.09387 0.0153807 0.0123045 0 0
0.429359 0.7 0.0153687 0 0.245758 0.105096 0.0156379 0.059177 0 0
0.27479 0.8 -0.0260144 0 0.244064 0.0974101 0.0125103 0.0300082 1 0
0.175865 0.9 -0.0197361 0 0.246533 0.107928 0.0133416 0.0573399 1 0
0.112554 1 -0.010408 0 0.245226 0.0930092 0.0106733 0.0185386 1 0
0.443221 1 -0.00760959 0 0.252818 0.0877407 0.0118719 0.0361642 1 0
0.354577 1 0.0518838 0 0.250255 0.0835259 0.0128309 0.033598 1 0
0.742118 1 0.0697318 0 0.252378 0.0768207 0.0102647 0.0248784 1 0
0.593694 1 0.137586 0 0.22207 0.108123 0.0282118 0.112569 1 0
0.379964 1 0.157943 0 0.22207 0.0831652 0.0759027 0.257389 1 0
0.243177 0.8 0.166701 0 0.22207 0.0765322 0.0573889 0.0592444 1 0
0.49338 0.9 0.169328 0 0.419517 0.0612257 0.0459111 0.0367289 1 0
0.394704 1 0.319403 0 0.624689 0.0623139 0.0333955 0.0433831 1 0
0.551566 0.9 0.364426 0 0.592654 0.0931845 0.0500498 0.13004 1 0
0.441253 1 0.355072 0 0.57797 0.0812142 0.0433731 0.0413652 1 0
0.441253 1 0.352266 0 0.57797 0.0812142 0.0433731 0.0413652 1 0
0.441253 1 0.351425 0 0.57797 0.0812142 0.0433731 0.0413652 1 0
0.569441 0.9 0.351172 0 0.57797 0.0812142 0.0433731 0.0413652 1 0
0.569441 1 0.351096 0 0.57797 0.0812142 0.0433731 0.0413652 1 1
0.569441 0.8 0.351074 0 0.57797 0.0812142 0.0433731 0.0413652 1 1
0.673332 0.8 0.351067 0 0.57797 0.0812142 0.0433731 0.0413652 1 1
0.673332 0.8 0.351065 0 0.57797 0.0812142 0.0433731 0.0413652 1 1
0.723199 0.8 0.351064 0 0.57797 0.0812142 0.0433731 0.0413652 1 1
0.578559 0.8 0.135754 0 0.567976 0.0649714 0.0313652 0.0250921 1 1
0.370278 0.7 0.0948929 0 0.567976 0.0653105 0.0217588 0.0340737 1 1
0.74664 0.8 0.0826345 0 0.548498 0.0522484 0.017407 0.0139256 1 1
0.847984 0.8 0.24979 0 0.548498 0.0817987 0.027259 0.0884738 1 1
0.884219 0.8 0.299937 0 0.548498 0.065439 0.0218072 0.0174457 1 1
0.958319 0.9 0.314981 0 0.487654 0.0523512 0.0174457 0.0139566 1 1
0.859993 1 0.319494 0 0.407266 0.0652143 0.0106233 0.0451653 1 1
0.687994 1 0.128956 0 0.351344 0.0755048 0.00516527 0.0407989 1 1
0.838142 1 0.071795 0 0.328483 0.103737 0.0107989 0.0753058 1 1
0.670514 0.8 0.0343434 0 0.328483 0.096323 0.00530578 0.0209113 1 1
0.721847 0.7 0.0875089 0 0.28293 0.0770584 0.00424462 0.0033957 1 1
0.746486 0.6 -0.0532928 0 0.270789 0.108313 0.0100624 0.0747166 1 1
0.477751 0.6 -0.0571643 0 0.264751 0.133317 0.0213832 0.0837732 1 1
0.305761 0.6 -0.0921493 0 0.260286 0.119987 0.0137732 0.0276853 0 0
0.517412 0.6 -0.102645 0 0.260286 0.119987 0.0137732 0.0276853 0 0
0.41393 0.4 -0.0568573 0 0.250977 0.142656 0.0243519 0.0861482 0 0
0.598686 0.5 -0.0448981 0 0.277117 0.124125 0.0161482 0.0262519 0 0
0.629896 0.6 -0.0134694 0 0.277117 0.124125 0.0161482 0.0262519 0 0
0.866762 0.7 -0.00404083 0 0.277117 0.124125 0.0161482 0.0262519 0 0
0.69341 0.8 0.0129769 0 0.266138 0.112633 0.0129186 0.0336682 0 0
0.443782 0.9 0.0198022 0 0.215918 0.13344 0.0236682 0.0856012 0 0
0.284021 0.8 0.0337816 0 0.21484 0.150085 0.0356012 0.0951476 0 0
0.181773 0.9 0.0101345 0 0.247234 0.126735 0.0318143 0.0321181 0 0
0.116335 1 0.0408782 0 0.241583 0.131388 0.0287848 0.0696945 0 0
0.0744543 1 -0.0162249 0 0.237711 0.118444 0.0196945 0.0324223 0 0
0.0476508 0.8 0.00763252 0 0.234613 0.121422 0.00908893 0.0439378 0 0
0.0304965 0.8 0.0221761 0 0.239864 0.140471 0.0239378 0.0858169 0 0
0.411711 0.8 0.229929 0 0.239864 0.140471 0.0239378 0.0858169 0 0
0.329369 0.8 0.0028675 0 0.218121 0.139043 0.0158169 0.0493202 0 0
0.210796 0.6 -0.27164 0 0.183657 0.124568 0.0159869 0.0361228 0 0
0.134909 0.5 0.19294 0 0.170857 0.129654 0.0161228 0.0595649 0 0
0.086342 0.6 0.374549 0 0.170857 0.13039 0.00956493 0.0443186 1 0
0.664867 0.6 0.429031 0 0.170857 0.13039 0.00956493 0.0443186 1 0
0.719136 0.6 0.123562 0 0.170857 0.13039 0.00956493 0.0443186 1 0
0.575309 0.7 0.247069 0 0.192338 0.147645 0.0209853 0.0834549 1 0
0.368198 0.8 0.292871 0 0.209523 0.13145 0.0134549 0.0274306 1 0
0.235646 0.6 0.234424 0 0.223758 0.131826 0.00743058 0.0426111 1 0
0.707866 0.6 0.21689 0 0.223758 0.131826 0.00743058 0.0426111 1 0
0.739776 0.6 0.211629 0 0.232578 0.152128 0.0126111 0.0767556 1 0
0.755092 0.7 0.210051 0 0.214381 0.135036 0.00675557 0.0220711 1 0
0.604074 0.8 0.227078 0 0.199575 0.154695 0.0120711 0.0763236 1 0
0.604074 0.8 0.232186 0 0.199575 0.154695 0.0120711 0.0763236 1 0
0.631964 0.8 0.233718 0 0.199575 0.154695 0.0120711 0.0763236 1 0
0.779179 0.8 0.339346 0 0.219473 0.123756 0.0096569 0.00772552 1 0
0.774006 0.8 0.374975 0 0.234838 0.145672 0.0143922 0.0781804 1 0
0.697218 0.9 0.107345 0 0.234838 0.145672 0.0143922 0.0781804 1 0
0.557775 1 0.252204 0 0.214989 0.116537 0.0115137 0.009211 1 0
0.356976 1 0.140244 0 0.224623 0.139896 0.0158777 0.0793688 1 0
0.356976 0.9 0.106657 0 0.224623 0.139896 0.0158777 0.0793688 1 0
0.356976 0.6 0.0965803 0 0.224623 0.139896 0.0158777 0.0793688 1 0
0.742809 0.7 0.0935574 0 0.224623 0.139896 0.0158777 0.0793688 1 0
0.594247 0.8 0.285962 0 0.234744 0.12525 0.0160355 0.0361617 1 0
0.685239 0.8 0.350323 0 0.234744 0.1302 0.0161617 0.059596 1 0
0.728915 0.8 0.345722 0 0.244938 0.13416 0.0162627 0.0596768 1 0
0.466505 0.8 0.380461 0 0.249048 0.153995 0.0163435 0.0797415 1 0
0.774354 0.8 0.390882 0 0.249048 0.153995 0.0163435 0.0797415 1 0
0.619483 0.8 0.347947 0 0.250614 0.169863 0.0197415 0.0824598 1 0
0.619483 0.8 0.335066 0 0.250614 0.169863 0.0197415 0.0824598 1 0
0.619483 0.7 0.331202 0 0.250614 0.169863 0.0197415 0.0824598 1 0
0.619483 0.8 0.330042 0 0.250614 0.169863 0.0197415 0.0824598 1 0
0.818411 0.8 0.329695 0 0.250614 0.169863 0.0197415 0.0824598 1 0
0.654729 0.7 0.379722 0 0.227158 0.16589 0.0191265 0.0619679 1 0
0.71427 0.6 0.145417 0 0.205607 0.156045 0.0119679 0.046241 1 0
0.457133 0.7 0.0394583 0 0.205607 0.151503 0.00624096 0.0416594 1 0
0.457133 0.8 0.00767084 0 0.205607 0.151503 0.00624096 0.0416594 1 0
0.619424 0.6 0.0125954 0 0.204202 0.121202 0.00499277 0.00399422 1 0
0.396431 0.6 -0.0337214 0 0.215394 0.143629 0.0106609 0.0751954 1 0
0.253716 0.7 -0.0331427 0 0.184914 0.128236 0.00519537 0.020823 1 0
0.71307 0.8 -0.0329691 0 0.184914 0.128236 0.00519537 0.020823 1 0
0.570456 0.8 0.00392505 0 0.279181 0.109256 0.0041563 0.013325 0 0
0.365092 0.8 0.0261775 0 0.272957 0.134071 0.00999171 0.07466 0 0
0.233659 0.6 0.00312352 0 0.232964 0.107257 0.00799336 0.00639469 0 0
0.512156 0.7 0.0203815 0 0.231484 0.112472 0.00306136 0.0391158 0 0
0.512156 0.8 0.0255589 0 0.231484 0.112472 0.00306136 0.0391158 0 0
0.32778 0.9 0.00766767 0 0.230642 0.116644 -0.00421758 0.0332926 0 0
0.209779 0.8 -0.0086372 0 0.237639 0.119982 -0.0067074 0.0313007 0 0
0.134259 0.7 -0.00259116 0 0.237639 0.109319 -0.00203258 0.0250406 0 0
0.464444 0.7 -0.0800742 0 0.236012 0.0874553 -0.00162607 -0.00130085 0 0
0.297244 0.7 0.299055 0 0.214207 0.0799642 -0.00463419 0.00962598 0 0
0.190236 0.7 0.0554456 0 0.233154 0.0773047 -0.00704068 0.0110341 0 0
0.491313 0.4 -0.150033 0 0.247027 0.0885104 -0.00896588 0.029494 0 0
0.63583 0.5 -0.10126 0 0.228391 0.0841417 -0.010506 0.00826184 0 0
0.406931 0.4 0.226975 0 0.237885 0.11398 0.00826184 0.0732761 0 0
0.556262 0.5 0.325445 0 0.22056 0.127851 0.00327614 0.0592876 0 0
0.840254 0.6 -0.0825134 0 0.22056 0.127851 0.00327614 0.0592876 0 0
0.672203 0.7 0.264599 0 0.235708 0.148947 0.00928758 0.0740967 1 0
0.43021 0.8 0.35438 0 0.256491 0.165824 0.0140967 0.077944 1 0
0.275335 0.6 0.143814 0 0.256491 0.145993 0.00794405 0.0230219 1 0
0.719296 0.6 0.0806442 0 0.256491 0.145993 0.00794405 0.0230219 1 0
0.898947 0.6 0.0616932 0 0.256491 0.145993 0.00794405 0.0230219 1 0
0.898947 0.6 0.056008 0 0.256491 0.145993 0.00794405 0.0230219 1 0
0.939368 0.7 0.0543024 0 0.256491 0.145993 0.00794405 0.0230219 1 0
0.850897 0.8 -0.0981324 0 0.256491 0.145993 0.00794405 0.0230219 1 0
0.885058 0.8 -0.143863 0 0.256491 0.145993 0.00794405 0.0230219 1 0
0.885058 0.8 -0.157582 0 0.256491 0.145993 0.00794405 0.0230219 1 0
0.885058 0.6 -0.161698 0 0.256491 0.145993 0.00794405 0.0230219 1 0
0.885058 0.6 -0.162932 0 0.256491 0.145993 0.00794405 0.0230219 1 1
0.885058 0.6 -0.163303 0 0.256491 0.145993 0.00794405 0.0230219 1 1
0.958621 0.6 -0.163414 0 0.256491 0.145993 0.00794405 0.0230219 1 1
0.860138 0.6 -0.163447 0 0.256491 0.130128 0.0230219 0.0450842 1 1
0.94965 0.6 0.00747626 0 0.256491 0.130128 0.0230219 0.0450842 1 1
0.981874 0.6 0.0587533 0 0.294081 0.130769 0.0117509 0.0460674 1 1
0.993475 0.6 0.0741364 0 0.294081 0.130769 0.0117509 0.0460674 1 1
0.996085 0.6 -0.0292297 0 0.294081 0.130769 0.0117509 0.0460674 1 1
0.637494 0.7 -0.0602395 0 0.294081 0.094615 0.0560674 0.231521 1 1
0.705997 0.8 -0.198072 0 0.293886 0.085692 0.0415205 0.0465498 1 1
0.451838 0.9 -0.178507 0 0.29637 0.0685536 0.0332164 0.0265732 1 1
0.289176 1 0.147698 0 0.290193 0.0648429 0.0232398 0.0319252 1 1
0.538805 0.8 0.316532 0 0.259045 0.0818743 0.0119252 0.0462068 1 1
0.344835 0.7 -0.215913 0 0.255236 0.0921661 0.00620682 0.0416321 1 1
0.220694 0.6 -0.288637 0 0.255037 0.0837329 0.00163212 0.014639 1 1
0.141244 0.5 0.133226 0 0.231302 0.093653 -0.0086943 0.0297112 1 1
0.0903964 0.6 -0.215418 0 0.2169 0.121589 -0.000288777 0.069769 1 1
0.44339 0.6 -0.369945 0 0.2169 0.121589 -0.000288777 0.069769 1 1
0.28377 0.6 -0.439771 0 0.183604 0.0972712 -0.000231021 -0.000184817 1 1
0.181613 0.6 -0.397672 0 0.149914 0.12115 0.00648185 0.0718521 1 1
0.116232 0.6 -0.145037 0 0.129455 0.143587 0.0218521 0.0841484 1 1
0.0743885 0.7 0.217044 0 0.18498 0.128203 0.0174817 0.0339854 1 1
0.0476087 0.6 -0.205965 0 0.233698 0.132562 0.020652 0.0831883 0 0
0.418282 0.7 -0.332868 0 0.233698 0.132562 0.020652 0.0831883 0 0
0.334625 0.8 0.200683 0 0.307889 0.152717 0.0365216 0.119217 0 0
0.528496 0.8 0.360748 0 0.379644 0.135507 0.0325506 0.0527072 0 0
0.422797 0.8 -0.133428 0 0.459055 0.138405 0.0293738 0.0701657 0 0
0.761766 0.8 -0.28168 0 0.459055 0.138405 0.0293738 0.0701657 0 0
0.765647 0.8 -0.0720751 0 0.459055 0.138405 0.0293738 0.0701657 0 0
0.767511 0.7 -0.00919355 0 0.414091 0.140724 0.0268324 0.0681326 1 0
0.916304 0.8 -0.332758 0 0.414091 0.140724 0.0268324 0.0681326 1 0
0.969869 0.9 -0.429827 0 0.414091 0.140724 0.0268324 0.0681326 1 0
0.989153 1 -0.458948 0 0.414091 0.140724 0.0268324 0.0681326 1 0
0.993492 1 -0.0599067 0 0.397939 0.132579 0.0181326 0.0711727 1 0
0.876876 1 0.0409447 0 0.397939 0.132579 0.0181326 0.0711727 1 0
0.876876 0.7 0.0712001 0 0.397939 0.132579 0.0181326 0.0711727 1 0
0.8209 0.6 -0.0284245 0 0.556189 0.132579 0.0181326 0.0711727 1 0
0.8209 0.7 -0.0583118 0 0.556189 0.132579 0.0181326 0.0711727 1 0
0.525376 0.8 0.134173 0 0.482335 0.132579 0.0181326 0.0711727 1 0
0.525376 0.6 0.191919 0 0.482335 0.132579 0.0181326 0.0711727 1 0
0.652181 0.5 0.0293498 0 0.405099 0.132579 0.0181326 0.0711727 1 0
0.713047 0.4 -0.0476467 0 0.405099 0.0960635 0.0511727 0.234272 1 0
0.45635 0.4 0.00161509 0 0.378448 0.0635174 0.0876049 0.263417 1 0
0.292064 0.4 -0.0159217 0 0.378448 0.040814 0.110084 0.2814 1 0
0.724114 0.5 -0.0211828 0 0.378448 0.040814 0.110084 0.2814 1 0
0.834469 0.4 0.108367 0 0.372661 0.0226512 0.138067 0.303787 1 0
0.53406 0.5 0.060736 0 0.372661 0.0226512 0.138067 0.303787 1 0
0.53406 0.6 0.0464466 0 0.372661 0.0226512 0.138067 0.303787 1 0
0.53406 0.7 0.0421598 0 0.372661 0.0226512 0.138067 0.303787 1 0
0.341798 0.8 -0.0197595 0 0.302089 0.0226512 0.138067 0.303787 1 0
0.531251 0.9 -0.0383352 0 0.302089 0.0226512 0.138067 0.303787 1 0
0.83125 1 -0.043908 0 0.302089 0.0226512 0.138067 0.303787 1 0
0.89875 1 0.0626609 0 0.302089 0.0226512 0.138067 0.303787 1 0
0.74512 1 0.0946316 0 0.302089 0.0226512 0.138067 0.303787 1 0
0.596096 1 0.0731569 0 0.33915 0.0481209 0.11712 0.160363 1 0
0.381501 0.9 -0.253053 0 0.390978 0.0751634 0.110363 0.154957 1 0
0.546497 1 -0.350916 0 0.382074 0.0734641 0.0916237 0.0999656 1 0
0.437197 1 0.168075 0 0.353278 0.105438 0.0899656 0.138639 1 0
0.279806 1 0.0372976 0 0.299152 0.091017 0.0719725 0.067578 1 0
0.179076 1 0.00910594 0 0.248624 0.0861469 0.0609113 0.0753957 1 0
0.468765 1 0.000648449 0 0.24813 0.0822509 0.0487291 0.0623166 1 0
0.375012 1 0.0201945 0 0.253576 0.105801 0.0556499 0.111187 1 0
0.240008 1 -0.0133861 0 0.253576 0.124641 0.0511866 0.107616 1 0
0.153605 1 0.0246684 0 0.253576 0.146379 0.0642826 0.141426 1 0
0.0983072 1 0.0443449 0 0.253576 0.16377 0.0714261 0.147141 1 0
0.447187 0.9 -0.0281439 0 0.253576 0.144349 0.0604742 0.075046 1 0
0.2862 1 0.0304457 0 0.237782 0.145479 0.0517127 0.0880368 1 0
0.183168 1 0.296134 0 0.237782 0.106384 0.0913702 0.266429 1 0
0.117228 0.9 0.0847703 0 0.216892 0.0851068 0.0730961 0.0584769 1 0
0.456269 1 -0.000304191 0 0.212611 0.0947521 0.0518102 0.0781149 1 0
0.292012 1 -9.12574e-005 0 0.252532 0.122468 0.0647815 0.141825 1 0
0.186888 1 0.116639 0 0.220207 0.144641 0.0684919 0.12146 1 0
0.693824 1 0.131242 0 0.220207 0.144641 0.0684919 0.12146 1 0
0.733035 1 0.0776538 0 0.220207 0.144641 0.0684919 0.12146 1 0
0.903893 1 0.173296 0 0.220207 0.144641 0.0684919 0.12146 1 0
0.965401 0.9 0.253504 0 0.220207 0.144641 0.0684919 0.12146 1 0
0.987544 1 0.37744 0 0.220207 0.144641 0.0684919 0.12146 1 0
0.874021 1 0.238873 0 0.220207 0.144641 0.0684919 0.12146 1 0
0.699217 1 0.0935369 0 0.205696 0.145713 0.0581268 0.0931681 1 0
0.447499 1 0.182712 0 0.193825 0.163237 0.0665015 0.143201 1 0
0.614799 0.9 0.221674 0 0.243949 0.143923 0.0565345 0.0718943 1 0
0.817062 1 0.233363 0 0.332864 0.145138 0.0485609 0.0855154 1 0
0.934142 1 0.245009 0 0.332864 0.145138 0.0485609 0.0855154 1 0
0.848388 1 0.248503 0 0.332864 0.145138 0.0485609 0.0855154 1 0
0.807226 1 0.202884 0 0.332864 0.145138 0.0485609 0.0855154 1 0
0.884336 1 0.197202 0 0.290534 0.139444 0.0355154 0.065079 1 0
0.824481 1 0.229892 0 0.260998 0.141555 0.0317457 0.0720632 1 0
0.527668 1 0.220104 0 0.419144 0.159911 0.0320632 0.0956506 1 0
0.337707 0.9 0.18777 0 0.362665 0.127929 0.0256506 0.0205204 1 0
0.5621 1 0.170914 0 0.321437 0.115676 0.0205204 0.0364164 1 0
0.359744 1 0.0471077 0 0.287149 0.092541 0.0164164 0.0131331 1 0
0.572677 1 0.0360073 0 0.257412 0.0740328 0.0131331 0.0105065 1 0
0.674885 1 -0.0868722 0 0.235438 0.0858929 0.00717314 0.0424052 1 0
0.723945 0.9 -0.0626896 0 0.413143 0.0820477 0.00240518 0.0185908 1 0
0.848496 1 -0.0310162 0 0.413143 0.0820477 0.00240518 0.0185908 1 0
0.909098 1 -0.0301382 0 0.357996 0.0789715 -0.00140919 0.0155393 1 0
0.749094 0.8 -0.0298748 0 0.423997 0.0765105 -0.00446069 0.0130981 1 0
0.759565 0.9 -0.0297958 0 0.366265 0.107875 0.00309812 0.0691452 1 0
0.855739 1 0.0865158 0 0.318612 0.0863001 0.00247849 0.00198279 1 0
0.547673 0.8 0.14408 0 0.283718 0.06904 0.00198279 0.00158624 1 0
0.610306 0.9 0.326557 0 0.283718 0.06904 0.00198279 0.00158624 1 0
0.692947 1 0.381301 0 0.261163 0.0685654 -0.0017471 0.015269 1 0
0.692947 1 0.397723 0 0.261163 0.0685654 -0.0017471 0.015269 1 0
0.889461 1 0.40265 0 0.261163 0.0685654 -0.0017471 0.015269 1 0
0.889461 1 0.404128 0 0.261163 0.0685654 -0.0017471 0.015269 1 0
0.889461 0.7 0.404572 0 0.261163 0.0685654 -0.0017471 0.015269 1 0
0.889461 0.7 0.404705 0 0.261163 0.0685654 -0.0017471 0.015269 1 0
0.889461 0.7 0.404745 0 0.261163 0.0685654 -0.0017471 0.015269 1 1
0.889461 0.7 0.404757 0 0.261163 0.0685654 -0.0017471 0.015269 1 1
0.826941 0.7 0.40476 0 0.284521 0.0848523 -0.00806434 0.0302152 1 1
0.661553 0.7 0.122495 0 0.44179 0.0678818 -0.00645148 -0.00516118 1 1
0.717545 0.5 0.0367486 0 0.418138 0.0843055 -0.0118278 0.0272044 1 1
0.717545 0.6 0.0110246 0 0.418138 0.0843055 -0.0118278 0.0272044 1 1
0.717545 0.5 0.00330737 0 0.418138 0.0843055 -0.0118278 0.0272044 1 1
0.744422 0.6 -0.0146328 0 0.346631 0.0674444 -0.00946228 -0.00756982 1 1
0.47643 0.7 -0.0280385 0 0.321423 0.0539555 -0.0109032 -0.00872252 1 1
0.304915 0.3 -0.0216855 0 0.307884 0.0431644 -0.00872252 -0.00697802 1 1
0.195146 0.3 0.0534943 0 0.254879 0.0778649 0.00635531 0.0717509 1 1
0.124893 0.4 0.00575418 0 0.268025 0.105625 0.0184176 0.0814007 1 1
0.0799317 0.2 0.0114485 0 0.268025 0.0911668 0.0147341 0.0217873 1 1
0.438367 0 0.0448819 0 0.266975 0.0996001 0.0151206 0.0587631 1 1
0.280555 0.1 -0.00712366 0 0.244114 0.0796801 0.00876314 0.00701051 1 1
0.534666 0.2 0.0649659 0 0.224703 0.0737441 0.00701051 0.0222751 1 1
0.342187 0 -0.0863242 0 0.21077 0.105662 0.0256084 0.110487 0 0
0.218999 0 -0.0194158 0 0.199624 0.0945295 0.0171534 0.027056 0 0
0.50512 0.1 -0.0247436 0 0.231642 0.12229 0.037056 0.119645 0 0
0.323277 0.2 -0.0433205 0 0.200351 0.104499 0.0296448 0.0337159 0 0
0.555173 0 -0.0129962 0 0.282908 0.0835991 0.0237159 0.0189727 0 0
0.355311 0 -0.0128732 0 0.2536 0.093546 0.012306 0.0465115 0 0
0.227399 0 -0.0233064 0 0.232077 0.121503 0.0331782 0.116543 0 0
0.145535 0 -0.0268783 0 0.213354 0.0972028 0.0265425 0.021234 0 0
0.0931425 0.1 -0.0127932 0 0.197751 0.101096 0.0179007 0.0509872 0 0
0.666825 0.2 0.13835 0 0.197751 0.101096 0.0179007 0.0509872 0 0
0.800095 0.3 -0.213901 0 0.3382 0.0808764 0.0109872 0.00878977 0 0
0.512061 0.4 -0.104868 0 0.297007 0.0947011 0.0121231 0.0563652 0 0
0.327719 0.3 -0.099074 0 0.267357 0.119094 0.0130318 0.0770921 0 0
0.20974 0.4 0.266111 0 0.234755 0.101942 0.0104255 0.0183404 0 0
0.134234 0.5 0.0448333 0 0.217073 0.114887 0.00500703 0.0606723 0 0
0.0859096 0.6 0.309283 0 0.204693 0.10191 0.000672291 0.0138712 0 0
0.0549821 0.7 0.052785 0 0.19525 0.128194 0.0138712 0.0777636 0 0
0.0351886 0.8 -0.0597327 0 0.186709 0.142555 0.0144303 0.0782109 0 0
0.416891 0.8 -0.107364 0 0.182154 0.114044 0.0115442 0.00923537 0 0
0.26681 0.8 -0.0772093 0 0.290551 0.0912355 0.00923537 0.0073883 0 0
0.170758 0.8 0.221837 0 0.265168 0.0863217 0.00405496 0.0199106 0 0
0.481964 0.7 -0.240592 0 0.265168 0.0863217 0.00405496 0.0199106 0 0
0.631343 0.8 0.187084 0 0.366263 0.0990574 0.0065773 0.0519285 0 0
0.404059 0.8 0.341651 0 0.366263 0.0925792 0.00526184 0.0242095 0 0
0.593948 0.6 0.241037 0 0.366263 0.0925792 0.00526184 0.0242095 0 0
0.380127 0.7 0.326883 0 0.296614 0.0740634 0.00420947 0.00336758 0 0
0.749477 0.8 0.352637 0 0.296614 0.0740634 0.00420947 0.00336758 0 0
0.909812 0.8 0.360363 0 0.296614 0.0740634 0.00420947 0.00336758 0 0
0.945887 0.8 0.374314 0 0.272689 0.102584 0.0100342 0.0746941 0 0
0.854026 0.8 0.271385 0 0.375161 0.0954006 0.0080274 0.0264219 0 0
0.546576 0.9 0.336416 0 0.334027 0.0763205 0.00642192 0.00513753 1 0
0.349809 1 0.388104 0 0.303919 0.0910564 0.00847087 0.0534434 1 0
0.223878 0.9 0.386431 0 0.274203 0.119512 0.0134434 0.0774214 1 0
0.507461 1 0.374246 0 0.4572 0.108943 0.0107547 0.0286038 1 0
0.786149 1 0.370591 0 0.4572 0.108943 0.0107547 0.0286038 1 0
0.628919 1 -0.140823 0 0.370739 0.117154 0.0319371 0.0922163 1 0
0.701881 1 0.120544 0 0.327626 0.117057 0.0222163 0.0544397 1 0
0.842142 1 -0.0508369 0 0.327626 0.117057 0.0222163 0.0544397 1 0
0.943171 0.9 -0.0802511 0 0.327626 0.117057 0.0222163 0.0544397 1 0
0.754537 1 -0.172712 0 0.387474 0.0936453 0.0177731 0.0142185 1 0
0.482904 1 -0.0965809 0 0.341725 0.0882496 0.0142185 0.0313748 1 0
0.631794 0.8 -0.0829429 0 0.42058 0.0805997 0.0113748 0.0257665 1 0
0.404348 0.7 -0.0813601 0 0.36821 0.0744798 0.00909981 0.0239465 1 0
0.258783 0.7 -0.111908 0 0.327355 0.0595838 0.00394651 0.00315721 1 0
0.165621 0.6 -0.0997886 0 0.398469 0.047667 0.00315721 0.00252577 1 0
0.105997 0.5 -0.0507699 0 0.346256 0.081467 0.0191924 0.0820206 1 0
0.440703 0.3 -0.0972622 0 0.346256 0.081467 0.0191924 0.0820206 1 0
0.664422 0.4 -0.0182412 0 0.306856 0.11184 0.035354 0.118283 1 0
0.42523 0.5 -0.0297371 0 0.295485 0.0894722 0.0249498 0.0199599 1 0
0.272147 0.5 0.289859 0 0.27216 0.118244 0.0399599 0.121968 1 0
0.530631 0.5 0.0543997 0 0.451328 0.137929 0.0386346 0.0975743 1 0
0.339604 0.6 0.276576 0 0.393849 0.153676 0.044241 0.102059 1 0
0.56301 0.7 0.342532 0 0.345849 0.149608 0.0320594 0.0623142 1 0
0.360326 0.8 0.30521 0 0.310012 0.119686 0.0256476 0.020518 1 0
0.572957 0.9 0.374896 0 0.277518 0.095749 0.020518 0.0164144 1 0
0.675019 1 -0.171906 0 0.277518 0.095749 0.020518 0.0164144 1 0
0.432012 1 0.144016 0 0.252317 0.119933 0.0297478 0.0904649 1 0
0.607366 1 0.189872 0 0.23789 0.125946 0.0271316 0.0683719 1 0
0.691536 1 0.17434 0 0.226026 0.11409 0.0183719 0.0313642 1 0
0.442583 0.8 0.228558 0 0.217185 0.0912721 0.0146975 0.011758 1 0
0.61244 0.9 0.135928 0 0.209784 0.119684 0.0184247 0.0847398 1 0
0.693971 0.8 0.183766 0 0.225485 0.125748 0.0180731 0.0611251 1 0
0.733106 0.8 -0.00320343 0 0.217085 0.147265 0.0211251 0.0835668 1 0
0.751891 0.7 0.15369 0 0.209704 0.147812 0.0202334 0.0628534 1 0
0.760908 0.6 0.167218 0 0.204127 0.161583 0.0228534 0.0882827 1 0
0.765236 0.6 -0.0333573 0 0.19516 0.1726 0.0249494 0.0866262 1 0
0.767313 0.6 -0.0162913 0 0.191526 0.181413 0.0266262 0.0879676 1 0
0.49108 0.2 0.092787 0 0.189257 0.158464 0.0213009 0.0370408 1 0
0.635719 0.2 0.152836 0 0.18505 0.156771 0.0203741 0.0629659 1 0
0.705145 0.1 0.187517 0 0.180768 0.155417 0.0196326 0.0623728 1 0
0.670776 0.1 0.197922 0 0.307721 0.137667 0.0190394 0.0385649 1 0
0.802465 0.1 0.191599 0 0.285115 0.1168 0.0152315 0.0221852 1 0
0.785183 0 0.204639 0 0.259671 0.106773 0.0121852 0.0297482 1 0
0.776888 0.1 0.240558 0 0.246333 0.132085 0.0164148 0.0831319 1 0
0.497208 0.2 0.377296 0 0.228813 0.145668 0.00979855 0.0645055 1 0
0.63866 0.3 0.141567 0 0.21268 0.143201 0.0111722 0.0556044 1 0
0.408742 0.4 0.0514445 0 0.200219 0.141228 0.00227107 0.0384835 1 0
0.261595 0 0.00322404 0 0.191921 0.139649 -0.00484981 0.0327868 1 0
0.525566 0 0.0204117 0 0.183612 0.168386 0.00612015 0.0948961 1 0
0.652272 0 0.0297721 0 0.286284 0.171375 0.00156279 0.0579169 1 0
0.827854 0.1 0.0325803 0 0.286284 0.171375 0.00156279 0.0579169 1 0
0.662283 0.2 -0.0589759 0 0.277414 0.183767 0.0212502 0.107 1 0
0.423861 0.3 0.134281 0 0.37606 0.147014 0.0170002 0.0136001 1 0
0.603453 0.4 0.245046 0 0.502557 0.164277 0.0202668 0.0828801 1 0
0.689658 0.3 0.215406 0 0.645036 0.178089 0.0228801 0.0849708 1 0
0.731036 0.3 0.149988 0 0.556029 0.189138 0.0249708 0.0866433 1 0
0.467863 0.4 -0.272718 0 0.604823 0.18131 0.0233099 0.0653146 1 0
0.624574 0.5 -0.0739961 0 0.604823 0.18131 0.0233099 0.0653146 1 0
0.699796 0.6 -0.0143797 0 0.604823 0.18131 0.0233099 0.0653146 1 0
0.735902 0.7 -0.319314 0 0.604823 0.18131 0.0233099 0.0653146 1 0
0.682586 0.7 -0.410794 0 0.76471 0.18131 0.0233099 0.0653146 1 0
0.727641 0.7 0.171762 0 0.76471 0.18131 0.0233099 0.0653146 1 0
0.582113 0.7 0.25398 0 0.651768 0.158381 0.0153146 0.0289184 1 0
0.372552 0.8 0.374489 0 0.651768 0.173372 0.0189184 0.0818014 1 0
0.372552 0.9 0.410642 0 0.651768 0.173372 0.0189184 0.0818014 1 0
0.372552 0.8 0.421488 0 0.651768 0.173372 0.0189184 0.0818014 1 0
0.372552 0.7 0.424742 0 0.651768 0.173372 0.0189184 0.0818014 1 0
0.747295 0.8 0.425718 0 0.651768 0.173372 0.0189184 0.0818014 1 0
0.747295 0.8 0.426011 0 0.651768 0.173372 0.0189184 0.0818014 1 0
0.747295 0.8 0.426099 0 0.651768 0.173372 0.0189184 0.0818014 1 0
0.747295 0.8 0.426125 0 0.651768 0.173372 0.0189184 0.0818014 1 0
0.747295 0.6 0.426133 0 0.651768 0.173372 0.0189184 0.0818014 1 0
0.747295 0.5 0.426135 0 0.651768 0.173372 0.0189184 0.0818014 1 0
0.747295 0.4 0.426136 0 0.651768 0.173372 0.0189184 0.0818014 1 0
0.747295 0.4 0.426136 0 0.651768 0.173372 0.0189184 0.0818014 1 0
0.747295 0.4 0.426136 0 0.651768 0.173372 0.0189184 0.0818014 1 0
0.747295 0.4 0.426136 0 0.651768 0.173372 0.0189184 0.0818014 1 0
0.747295 0.2 0.426136 0 0.651768 0.173372 0.0189184 0.0818014 1 0
0.747295 0.3 0.426136 0 0.651768 0.173372 0.0189184 0.0818014 1 0
0.758702 0.4 0.104508 0 0.651768 0.173372 0.0189184 0.0818014 1 0
0.758702 0.5 0.00801894 0 0.651768 0.173372 0.0189184 0.0818014 1 0
0.758702 0.6 -0.0209277 0 0.651768 0.173372 0.0189184 0.0818014 1 0
0.855221 0.7 0.298222 0 0.651768 0.173372 0.0189184 0.0818014 1 0
0.855221 0.8 0.393967 0 0.651768 0.173372 0.0189184 0.0818014 1 0
0.547341 0.9 0.40569 0 0.551759 0.148697 0.0118014 0.0227744 1 0
0.350299 0.8 0.145265 0 0.472836 0.142291 0.00610775 0.0415529 1 0
0.224191 0.9 0.0273757 0 0.407466 0.153833 0.0215529 0.083909 1 0
0.143482 1 0.245713 0 0.354544 0.163066 0.0372423 0.0964605 1 0
0.0918287 1 0.261519 0 0.354746 0.173786 0.0497938 0.106502 1 0
0.0587703 0.9 0.283334 0 0.326963 0.182362 0.0565017 0.111868 1 0
0.037613 1 0.368088 0 0.394903 0.159223 0.0485347 0.0654944 1 0
0.0240723 0.8 0.110426 0 0.345334 0.140712 0.0421611 0.0570622 1 0
0.0154063 0.9 0.0431279 0 0.398895 0.12257 0.0337289 0.0436498 1 0
0.407395 1 0.0271276 0 0.345783 0.111389 0.0269831 0.0449198 1 0
0.260733 1 -0.0368617 0 0.325857 0.102445 0.0182532 0.0312692 1 0
0.525152 0.8 -0.0294796 0 0.325857 0.095289 0.0179359 0.0410154 0 0
0.336097 0.7 -0.0907883 0 0.325857 0.106231 0.017682 0.0608123 0 0
0.561327 0.7 -0.251595 0 0.309916 0.108318 0.0108123 0.0453165 0 0
0.359249 0.4 -0.100479 0 0.309916 0.0866546 0.00864983 0.00691986 0 0
0.57244 0.5 -0.0525795 0 0.29431 0.0993237 0.0102532 0.0548692 0 0
0.366361 0.4 -0.029963 0 0.269294 0.109459 0.0115359 0.0558954 0 0
0.575853 0.2 -0.0538607 0 0.224738 0.117567 0.012562 0.0567163 0 0
0.67641 0 -0.126158 0 0.18895 0.104054 0.0067163 0.0187064 0 0
0.724677 0.1 -0.101042 0 0.162925 0.106576 0.00203971 0.0382984 0 0
0.747845 0.2 -0.151466 0 0.217162 0.115261 0.0049651 0.0506387 0 0
0.478621 0 -0.0140297 0 0.257183 0.0922088 0.00397208 0.00317766 0 0
0.306317 0 -0.113082 0 0.251789 0.0871004 0.00317766 0.0258755 0 0
0.196043 0.1 -0.0608477 0 0.300023 0.116347 0.0225421 0.108034 0 0
0.125468 0.2 0.25849 0 0.35378 0.106411 0.0147004 0.028427 0 0
0.676135 0.3 0.354291 0 0.35378 0.106411 0.0147004 0.028427 0 0
0.805681 0.4 0.243542 0 0.35378 0.106411 0.0147004 0.028427 0 0
0.786727 0.5 0.210318 0 0.35378 0.106411 0.0147004 0.028427 0 0
0.777629 0.6 -0.272619 0 0.35378 0.106411 0.0147004 0.028427 0 0
0.773262 0.7 -0.256786 0 0.434375 0.0917954 0.0117603 0.0194082 0 0
0.771166 0.6 0.0507342 0 0.434375 0.0917954 0.0117603 0.0194082 1 0
0.696128 0.7 0.266584 0 0.434375 0.0917954 0.0117603 0.0194082 1 0
0.556902 0.8 0.0893502 0 0.435776 0.113436 0.0260749 0.11086 1 0
0.61385 0.8 -0.241945 0 0.435776 0.113436 0.0260749 0.11086 1 0
0.49108 0.8 0.165152 0 0.40827 0.130749 0.0275266 0.0920213 1 0
0.635719 0.8 -0.150466 0 0.40827 0.130749 0.0275266 0.0920213 1 0
0.705145 0.8 -0.245152 0 0.40827 0.130749 0.0275266 0.0920213 1 0
0.843082 0.8 -0.273558 0 0.40827 0.130749 0.0275266 0.0920213 1 0
0.943509 0.8 -0.282079 0 0.40827 0.130749 0.0275266 0.0920213 1 0
0.852885 0.9 -0.284636 0 0.40827 0.130749 0.0275266 0.0920213 1 0
0.947038 1 -0.285403 0 0.40827 0.130749 0.0275266 0.0920213 1 0
0.757631 1 0.160212 0 0.40827 0.130749 0.0275266 0.0920213 1 0
0.757631 1 0.293897 0 0.40827 0.130749 0.0275266 0.0920213 1 0
0.757631 1 0.334002 0 0.40827 0.130749 0.0275266 0.0920213 1 0
0.484884 1 0.346034 0 0.40827 0.0879326 0.0686879 0.248284 1 0
0.484884 0.8 0.349644 0 0.40827 0.0879326 0.0686879 0.248284 1 0
0.484884 0.7 0.350726 0 0.40827 0.0879326 0.0686879 0.248284 1 0
0.484884 0.6 0.351051 0 0.40827 0.0879326 0.0686879 0.248284 1 0
0.484884 0.5 0.351149 0 0.40827 0.0879326 0.0686879 0.248284 1 0
0.484884 0.4 0.351178 0 0.40827 0.0879326 0.0686879 0.248284 1 0
0.484884 0.4 0.351187 0 0.40827 0.0879326 0.0686879 0.248284 1 0
0.484884 0.2 0.351189 0 0.40827 0.0879326 0.0686879 0.248284 1 0
0.484884 0.3 0.35119 0 0.40827 0.0879326 0.0686879 0.248284 1 0
0.484884 0.4 0.35119 0 0.40827 0.0879326 0.0686879 0.248284 1 0
0.484884 0.5 0.35119 0 0.40827 0.0879326 0.0686879 0.248284 1 0
0.484884 0.6 0.35119 0 0.40827 0.0879326 0.0686879 0.248284 1 0
0.484884 0.7 0.35119 0 0.40827 0.0879326 0.0686879 0.248284 1 0
0.484884 0.8 0.35119 0 0.40827 0.0879326 0.0686879 0.248284 1 0
0.484884 0.9 0.35119 0 0.40827 0.0879326 0.0686879 0.248284 1 0
0.484884 0.6 0.35119 0 0.40827 0.0879326 0.0686879 0.248284 1 0
0.484884 0.6 0.35119 0 0.40827 0.0879326 0.0686879 0.248284 1 0
0.484884 0.4 0.35119 0 0.40827 0.0879326 0.0686879 0.248284 1 0
0.484884 0.5 0.35119 0 0.40827 0.0879326 0.0686879 0.248284 1 0
0.484884 0.6 0.35119 0 0.40827 0.0879326 0.0686879 0.248284 1 0
0.484884 0.6 0.35119 0 0.40827 0.0879326 0.0686879 0.248284 1 0
0.484884 0.4 0.35119 0 0.40827 0.0879326 0.0686879 0.248284 1 0
0.484884 0 0.35119 0 0.40827 0.0879326 0.0686879 0.248284 1 0
0.484884 0 0.35119 0 0.40827 0.0879326 0.0686879 0.248284 1 0
0.484884 0 0.35119 0 0.40827 0.0879326 0.0686879 0.248284 1 0
0.484884 0 0.35119 0 0.40827 0.0879326 0.0686879 0.248284 1 0
0.586195 0.1 -0.133279 0 0.40827 0.0879326 0.0686879 0.248284 1 0
0.85103 0.2 -0.27862 0 0.40827 0.0879326 0.0686879 0.248284 1 0
0.910618 0.3 -0.344336 0 0.40827 0.0879326 0.0686879 0.248284 1 1
0.902258 0.4 -0.364051 0 0.329977 0.0636794 0.128284 0.32596 1 1
0.721806 0.5 -0.30366 0 0.404153 0.10761 0.109294 0.177435 1 1
0.461956 0.6 -0.343181 0 0.404153 0.146088 0.0974349 0.167948 1 1
0.577391 0.7 -0.355038 0 0.355068 0.146871 0.0812812 0.111692 1 1
0.677148 0.8 -0.358595 0 0.479799 0.13083 0.065025 0.07202 1 1
0.725031 0.9 -0.359662 0 0.577957 0.134664 0.0553533 0.0909493 1 1
0.748015 1 -0.359982 0 0.495699 0.114398 0.0442827 0.0454261 1 1
0.848809 1 -0.135078 0 0.432923 0.114851 0.0320928 0.0623409 1 1
0.807428 1 0.154825 0 0.534031 0.101881 0.0256742 0.0372061 1 1
0.787566 1 0.0464476 0 0.459817 0.124838 0.0272061 0.0884315 1 1
0.504042 1 -0.0139066 0 0.402774 0.113204 0.0217648 0.0374119 1 1
0.322587 1 -0.0163813 0 0.355553 0.120563 0.0207452 0.0632628 1 1
0.554842 1 -0.0507477 0 0.315692 0.143117 0.0232628 0.0852769 1 1
0.355099 0.9 -0.125108 0 0.286142 0.16116 0.0386103 0.120888 1 1
0.227263 1 -0.0884045 0 0.260659 0.142262 0.0342215 0.0507106 1 1
0.145448 0.9 0.182506 0 0.241048 0.113809 0.0273772 0.0219018 1 1
0.093087 0.8 0.251627 0 0.228322 0.0910475 0.0219018 0.0175214 1 1
0.0595757 0.7 0.244086 0 0.222327 0.119505 0.0241881 0.0860171 1 1
0.0381284 0.8 0.219847 0 0.214836 0.108937 0.0160171 0.0294804 1 1
0.650981 0.8 0.212576 0 0.214836 0.108937 0.0160171 0.0294804 1 1
0.790589 0.8 0.341627 0 0.209476 0.100483 0.0128137 0.030251 1 1
0.779483 0.8 -0.0318143 0 0.202669 0.0937197 0.0135843 0.0375341 1 1
0.774152 0.8 0.0862891 0 0.200066 0.118309 0.0242008 0.0860273 1 1
0.771593 0.6 0.0808286 0 0.19514 0.0946473 0.0193606 0.0154885 1 1
0.493819 0.7 0.0649462 0 0.194709 0.0890512 0.0188218 0.0383908 1 1
0.78222 0.8 0.0825653 0 0.194709 0.0890512 0.0188218 0.0383908 1 1
0.775466 0.9 0.0543992 0 0.194709 0.0890512 0.0188218 0.0383908 1 1
0.772223 1 0.0871531 0 0.194709 0.0890512 0.0188218 0.0383908 0 0
0.770667 0.8 0.170623 0 0.194709 0.0890512 0.0188218 0.0383908 1 0
0.91744 0.8 0.180353 0 0.194709 0.0890512 0.0188218 0.0383908 1 0
0.840371 0.7 0.183273 0 0.194709 0.0890512 0.0188218 0.0383908 1 0
0.942534 0.8 0.192482 0 0.194709 0.0890512 0.0188218 0.0383908 1 0
0.852416 0.8 0.110652 0 0.194709 0.0890512 0.0188218 0.0383908 1 0
0.80916 0.8 0.0861024 0 0.194709 0.0890512 0.0188218 0.0383908 1 0
0.931297 0.8 0.0787377 0 0.194709 0.0890512 0.0188218 0.0383908 1 0
0.975267 0.6 0.0765283 0 0.194709 0.0890512 0.0188218 0.0383908 1 0
0.98516 0.6 0.180458 0 0.193562 0.117908 0.0283908 0.0893793 1 0
0.872877 0.7 -0.100029 0 0.216919 0.0943261 0.0193793 0.0155034 1 0
0.818981 0.8 0.0391773 0 0.211796 0.0887942 0.0188368 0.0384028 1 0
0.793111 0.8 -0.126619 0 0.204219 0.0810354 0.0150694 0.0287222 1 0
0.780693 0.7 -0.119381 0 0.350875 0.0648283 0.0120555 0.00964443 1 0
0.499644 0.8 0.251365 0 0.313053 0.0985293 0.0329778 0.116382 1 0
0.319772 0.7 -0.0790349 0 0.28145 0.0921568 0.0297155 0.0471058 1 0
0.204654 0.8 -0.141835 0 0.29391 0.0737254 0.0237724 0.0190179 1 0
0.130979 0.9 -0.170884 0 0.266624 0.0589803 0.0190179 0.0152144 1 0
0.0838263 1 -0.0728117 0 0.264093 0.0605176 0.0185477 0.0381715 1 0
0.440237 1 -0.196844 0 0.244608 0.0550807 0.0148382 0.0218705 1 0
0.281751 0.8 -0.179886 0 0.255061 0.0907313 0.0185372 0.0814964 1 0
0.180321 0.6 -0.147571 0 0.238424 0.0859183 0.0181631 0.0411971 1 0
0.115405 0.5 -0.0366149 0 0.212113 0.082068 0.0178638 0.0376244 1 0
0.0738595 0.6 -0.14757 0 0.205463 0.0789877 0.0176244 0.0407662 1 0
0.435453 0.7 0.198376 0 0.18037 0.0765235 0.0174328 0.0372796 1 0
0.27869 0.7 0.345488 0 0.193883 0.0678855 0.0139463 0.021157 1 0
0.178361 0.7 -0.0435126 0 0.381773 0.0609751 0.011157 0.0189256 1 0
0.114151 0.6 -0.121387 0 0.555418 0.07878 0.0122589 0.0564738 1 0
0.454793 0.5 -0.122014 0 0.555418 0.07878 0.0122589 0.0564738 1 0
0.77098 0.6 -0.122202 0 0.622486 0.0763574 0.00980716 0.0278457 1 0
0.862588 0.7 -0.166893 0 0.532472 0.0744192 0.00451239 0.0202766 1 0
0.814042 0.8 -0.250678 0 0.460165 0.086202 -0.00305675 0.0342213 1 0
0.79074 0.8 -0.146037 0 0.625275 0.082295 -0.0024454 0.0180437 1 0
0.779555 0.6 0.0556208 0 0.541959 0.0725026 -0.00195632 0.00843494 1 0
0.774187 0.7 -0.207151 0 0.464872 0.0880021 0.00176828 0.0480813 1 0
0.77161 0.8 0.0691047 0 0.404418 0.083735 0.00141462 0.0211317 1 0
0.49383 0.8 0.179065 0 0.360822 0.066988 0.0011317 0.000905357 1 0
0.637038 0.9 0.213603 0 0.324723 0.0835904 0.00423869 0.0500576 1 0
0.407705 1 0.272189 0 0.292132 0.0768723 0.00339095 0.0227128 1 0
0.595698 0.8 -0.0683433 0 0.272991 0.104831 0.0160461 0.0795035 1 0
0.685935 0.9 -0.147378 0 0.254458 0.0971983 0.0161702 0.0362695 1 0
0.837549 1 -0.171088 0 0.240855 0.0777586 0.0129362 0.0103489 1 0
0.90253 1 0.10129 0 0.23128 0.0755402 0.0103489 0.0316125 1 0
0.899929 1 0.183003 0 0.221388 0.0737655 0.00827915 0.0266233 1 0
0.939957 1 0.0469464 0 0.218136 0.0823458 0.00328998 0.0392987 1 0
0.851179 1 -0.164986 0 0.396731 0.0958766 0.00596532 0.0514389 1 0
0.544755 1 -0.0888708 0 0.504885 0.103368 -0.00189441 0.0351511 1 0
0.661482 1 -0.234219 0 0.619292 0.112694 0.00181781 0.0481209 1 0
0.423349 1 -0.17432 0 0.525064 0.120155 0.00478758 0.0504967 1 0
0.270943 1 0.156037 0 0.455823 0.109458 0.000496729 0.017064 1 0
0.173404 1 -0.0804615 0 0.399034 0.124233 -0.00293595 0.0543179 1 0
0.110978 0.8 -0.048444 0 0.495346 0.126053 0.000984573 0.0474543 1 0
0.45327 0.8 -0.0807494 0 0.577018 0.124176 -0.00254567 0.0346301 1 0
0.617569 0.6 -0.0646094 0 0.519585 0.146007 0.0179635 0.104371 1 0
0.395244 0.7 -0.0158828 0 0.424301 0.130139 0.0177041 0.0374966 1 0
0.252956 0.8 -0.0922648 0 0.348743 0.104111 0.0141633 0.0113306 1 0
0.161892 0.3 -0.131734 0 0.31337 0.083289 0.0113306 0.0090645 1 0
0.103611 0 0.22298 0 0.282442 0.0666312 0.0090645 0.0072516 1 0
0.066311 0 0.253046 0 0.28449 0.0666383 0.00391827 0.0198013 1 0
0.0424391 0 0.341949 0 0.237192 0.0533107 0.00313461 0.00250769 1 0
0.027161 0.1 -0.0182486 0 0.304536 0.0559819 -0.000825643 0.0160062 1 0
0.413037 0.2 0.0591993 0 0.304536 0.0559819 -0.000825643 0.0160062 1 0
0.264344 0.1 0.31776 0 0.503792 0.0747855 -0.00732718 0.0308049 1 0
0.526885 0.2 0.0912582 0 0.442319 0.0664951 -0.00586174 0.0053106 1 0
0.652905 0.3 0.203489 0 0.390522 0.053196 -0.0046894 -0.00375152 1 0
0.713394 0.4 0.252326 0 0.349084 0.0492235 -0.00375152 0.00699879 1 0
0.845458 0.5 0.266977 0 0.315303 0.0460455 -0.00300121 0.00759903 1 0
0.907275 0.6 -0.0692972 0 0.483277 0.043503 -0.00240097 0.00807922 1 0
0.835492 0.7 0.0792108 0 0.424229 0.0414691 -0.00192078 0.00846338 1 0
0.801036 0.8 0.115638 0 0.372716 0.0331753 -0.00153662 -0.0012293 1 0
0.512663 0.8 0.218546 0 0.337111 0.0265402 -0.0012293 -0.000983438 1 0
0.646078 0.9 0.219222 0 0.308975 0.0278988 -0.000983438 0.00921325 1 0
0.710118 1 -0.0611083 0 0.28544 0.0223191 -0.00078675 -0.0006294 1 0
0.844514 0.8 -0.145207 0 0.28544 0.0223191 -0.00078675 -0.0006294 1 0
0.675611 0.9 0.114771 0 0.292069 0.0645219 0.0160373 0.0794965 1 0
0.724293 1 -0.0311937 0 0.472941 0.0782842 0.00949648 0.0442639 1 0
0.747661 1 0.132309 0 0.421071 0.0759607 0.00426385 0.0200777 1 0
0.758877 0.8 0.206156 0 0.380493 0.0607686 0.00341108 0.00272886 1 0
0.691409 0.7 0.22831 0 0.542991 0.0786149 0.0060622 0.0515164 1 0
0.553127 0.6 0.243493 0 0.664393 0.0762252 0.00818309 0.0332131 1 0
0.665501 0.5 0.221798 0 0.570859 0.0609802 0.00654647 0.00523718 1 0
0.71944 0.6 0.233003 0 0.495973 0.0621175 0.00190385 0.0181897 1 0
0.460442 0.6 0.169901 0 0.438288 0.0930273 0.00818974 0.0732185 1 0
0.621012 0.6 0.248406 0 0.389916 0.0810885 0.00655179 0.0152414 1 0
0.397448 0.3 0.244522 0 0.356377 0.0648708 0.00524144 0.00419315 1 0
0.254367 0.3 0.270816 0 0.329961 0.06523 0.00419315 0.0233545 1 0
0.162795 0.4 -0.0237551 0 0.297815 0.0588507 0.00668785 0.0120169 1 0
0.478141 0.5 0.130128 0 0.297815 0.0588507 0.00668785 0.0120169 1 0
0.777705 0.6 0.176293 0 0.297815 0.0588507 0.00668785 0.0120169 1 0
0.866623 0.5 0.190143 0 0.297815 0.0588507 0.00668785 0.0120169 1 0
0.889587 0.6 0.194298 0 0.297815 0.0588507 0.00668785 0.0120169 1 0
0.960251 0.7 0.195544 0 0.297815 0.0588507 0.00668785 0.0120169 1 0
0.960251 0.7 0.195918 0 0.297815 0.0588507 0.00668785 0.0120169 1 0
0.960251 0.6 0.19603 0 0.297815 0.0588507 0.00668785 0.0120169 1 0
0.960251 0.6 0.196064 0 0.297815 0.0588507 0.00668785 0.0120169 1 1
0.960251 0.5 0.196074 0 0.297815 0.0588507 0.00668785 0.0120169 1 1
0.960251 0.6 0.196077 0 0.297815 0.0588507 0.00668785 0.0120169 1 1
0.960251 0.4 0.196078 0 0.297815 0.0588507 0.00668785 0.0120169 1 1
0.960251 0.3 0.196078 0 0.297815 0.0588507 0.00668785 0.0120169 1 1
0.985691 0.1 0.196078 0 0.297815 0.0588507 0.00668785 0.0120169 1 1
0.985691 0.2 0.196078 0 0.297815 0.0588507 0.00668785 0.0120169 1 1
0.985691 0.3 0.196078 0 0.297815 0.0588507 0.00668785 0.0120169 1 1
0.994849 0.4 0.196078 0 0.297815 0.0588507 0.00668785 0.0120169 1 1
0.998145 0.5 0.196078 0 0.297815 0.0588507 0.00668785 0.0120169 1 1
0.998145 0.6 0.196078 0 0.297815 0.0588507 0.00668785 0.0120169 1 1
0.87911 0.7 0.196078 0 0.297815 0.0588507 0.00668785 0.0120169 1 1
0.703288 0.8 0.28328 0 0.276208 0.0737472 -0.00131638 0.0356136 1 1
0.450104 0.9 0.0919284 0 0.256788 0.105664 0.0189469 0.105158 1 1
0.61605 0.8 0.0400785 0 0.237547 0.124532 0.0318242 0.092126 1 1
0.394272 0.9 0.0363291 0 0.22263 0.112959 0.0287927 0.0463675 1 1
0.252334 1 -0.280269 0 0.207834 0.137034 0.0463675 0.127094 1 1
0.161494 1 -0.295302 0 0.207834 0.149627 0.0537606 0.109675 1 1
0.103356 1 -0.309424 0 0.20882 0.159701 0.0596752 0.114407 1 1
0.0661479 0.9 -0.142827 0 0.197359 0.171094 0.0644068 0.118192 1 1
0.0423346 1 0.0404852 0 0.190723 0.176876 0.0681921 0.12122 1 1
0.0270942 0.8 -0.0407614 0 0.185171 0.184834 0.0712204 0.123643 0 0
0.0173403 0.8 -0.0421065 0 0.178212 0.187867 0.073643 0.125581 0 0
0.0110978 0.8 -0.0464805 0 0.196705 0.193627 0.0789144 0.129798 0 0
0.00710257 0.8 -0.0497978 0 0.166455 0.198235 0.0831315 0.133172 0 0
0.00454565 0.8 -0.0146002 0 0.165281 0.198588 0.0831719 0.133204 0 0
0.00290921 0.6 -0.0684044 0 0.175635 0.19887 0.0832042 0.13323 0 0
0.0018619 0.7 -0.00831203 0 0.170138 0.20243 0.0865633 0.135917 0 0
0.400894 0.8 0.021155 0 0.168227 0.20861 0.092584 0.164067 0 0
0.256572 0.6 -0.034752 0 0.166078 0.180222 0.0774005 0.0885871 0 0
0.164206 0.6 0.140711 0 0.164608 0.190844 0.0819204 0.155536 0 0
0.478819 0.4 0.204713 0 0.166332 0.196009 0.082203 0.132429 0 0
0.306444 0.4 0.203081 0 0.187466 0.17014 0.0690957 0.0819433 0 0
0.196124 0.5 0.191157 0 0.184893 0.182779 0.0752766 0.150221 0 0
0.49414 0.4 0.12818 0 0.182103 0.146223 0.0602213 0.048177 0 0
0.637187 0.5 0.192113 0 0.183289 0.130312 0.0448437 0.0525416 0 0
0.70585 0.5 0.12682 0 0.183289 0.104249 0.0358749 0.0287 0 0
0.451744 0.5 0.117213 0 0.180245 0.0833995 0.0287 0.02296 0 0
0.616837 0.6 0.18933 0 0.179396 0.113386 0.0362933 0.0957013 0 0
0.817649 0.7 0.210966 0 0.179396 0.113386 0.0362933 0.0957013 0 0
0.654119 0.8 0.144685 0 0.328391 0.090709 0.0290346 0.0232277 0 0
0.651182 0.9 0.124801 0 0.328391 0.090709 0.0290346 0.0232277 0 0
0.712567 1 0.00488212 0 0.328391 0.090709 0.0290346 0.0232277 0 0
0.742032 1 0.149242 0 0.328391 0.090709 0.0290346 0.0232277 0 0
0.756176 0.8 0.040703 0 0.328391 0.090709 0.0290346 0.0232277 1 0
0.762964 0.9 0.130234 0 0.328391 0.090709 0.0290346 0.0232277 1 0
0.766223 1 0.130548 0 0.328391 0.090709 0.0290346 0.0232277 1 0
0.767787 1 0.178369 0 0.328391 0.090709 0.0290346 0.0232277 1 0
0.768538 1 0.084393 0 0.328391 0.090709 0.0290346 0.0232277 1 0
0.768898 1 0.143341 0 0.328391 0.090709 0.0290346 0.0232277 1 0
0.769071 0.8 0.101336 0 0.328391 0.090709 0.0290346 0.0232277 1 0
0.769154 0.9 0.151555 0 0.328391 0.090709 0.0290346 0.0232277 1 0
0.916895 1 0.132966 0 0.328391 0.090709 0.0290346 0.0232277 1 0
0.84011 0.9 0.271765 0 0.328391 0.090709 0.0290346 0.0232277 1 0
0.904066 1 0.196773 0 0.312712 0.0859006 0.026561 0.0479155 1 0
0.578602 1 0.244032 0 0.365321 0.115387 0.0412488 0.122999 1 0
0.622183 0.9 0.25821 0 0.32485 0.135643 0.0529991 0.109066 1 0
0.497747 1 0.20663 0 0.290888 0.121848 0.0457326 0.0599194 1 0
0.318558 1 0.0365722 0 0.423755 0.144145 0.0599194 0.137936 1 0
0.203877 1 -0.0293061 0 0.371596 0.155316 0.0646022 0.118348 1 0
0.130481 1 -0.0139389 0 0.33036 0.170919 0.0750151 0.150012 1 0
0.083508 0.8 0.0204129 0 0.310665 0.183402 0.0800121 0.15401 1 0
0.440084 0.9 -0.0296716 0 0.283452 0.176722 0.067343 0.100541 1 0
0.568992 0.8 -0.0446969 0 0.256837 0.141377 0.0538744 0.0430995 1 0
0.673116 0.7 -0.0492045 0 0.24039 0.123102 0.0430995 0.0511463 1 0
0.723096 0.6 -0.0505568 0 0.254534 0.0984815 0.0344796 0.0275837 1 0
0.578477 0.3 -0.047903 0 0.254828 0.0921186 0.0275837 0.042067 1 0
0.370225 0.3 -0.0143709 0 0.235358 0.103695 0.0254003 0.0669869 1 0
0.236944 0.3 -0.0171162 0 0.217555 0.0962892 0.0203202 0.0362562 1 0
0.513733 0 -0.0295535 0 0.206831 0.0903647 0.0195895 0.0423383 1 0
0.328789 0.1 -0.0739823 0 0.206831 0.0856251 0.0190049 0.0385373 1 0
0.526255 0.2 -0.087311 0 0.206831 0.0856251 0.0190049 0.0385373 1 0
0.829452 0.3 0.0999695 0 0.206831 0.0856251 0.0190049 0.0385373 1 0
0.938603 0.2 0.150824 0 0.206831 0.0856251 0.0190049 0.0385373 1 0
0.977897 0.2 0.164565 0 0.206831 0.0856251 0.0190049 0.0385373 1 0
0.992043 0.2 -0.00760711 0 0.206831 0.0856251 0.0190049 0.0385373 1 0
0.995226 0.3 -0.135615 0 0.201237 0.111833 0.035204 0.0948298 1 0
0.877708 0.4 0.0162921 0 0.215828 0.1028 0.0314965 0.0518639 1 0
0.73704 0.5 0.179888 0 0.215828 0.1028 0.0314965 0.0518639 1 0
0.753779 0.4 -0.00436704 0 0.215828 0.1028 0.0314965 0.0518639 1 0
0.911361 0.5 0.11119 0 0.215828 0.1028 0.0314965 0.0518639 1 0
0.729088 0.6 0.200217 0 0.212007 0.0822401 0.0251972 0.0201578 1 0
0.67997 0.7 0.235065 0 0.212007 0.0822401 0.0251972 0.0201578 1 0
0.726386 0.8 0.26552 0 0.212007 0.0822401 0.0251972 0.0201578 1 0
0.581108 0.9 0.276531 0 0.205089 0.075792 0.0168244 0.0267929 1 0
0.678932 1 0.223813 0 0.199271 0.073967 0.0167929 0.0367676 1 0
0.434517 0.9 0.284827 0 0.190425 0.0591736 0.0134343 0.0107474 1 0
0.278091 1 0.011073 0 0.186448 0.0473389 0.0107474 0.00859795 1 0
0.177978 1 -0.00640031 0 0.181751 0.0445378 0.00859795 0.0168784 1 0
0.113906 1 0.271798 0 0.195771 0.0356302 0.00354503 0.00283602 1 0
0.0728998 1 0.0765394 0 0.230691 0.0285042 0.00283602 0.00226882 1 0
0.0466559 0.6 0.292193 0 0.21375 0.0228033 0.00226882 0.00181505 1 0
0.0298597 0.7 -0.114265 0 0.200197 0.0182427 0.00181505 0.00145204 1 0
0.0191102 0.8 0.103878 0 0.189569 0.0212608 0.00145204 0.0111616 1 0
0.409173 0.5 0.277109 0 0.195773 0.0170086 0.00116164 0.000929308 1 0
0.261871 0.4 0.0877381 0 0.185604 0.0236069 -0.00240403 0.0147434 1 0
0.167597 0.5 0.201321 0 0.185604 0.0322189 0.00141011 0.0277948 1 0
0.107262 0.5 0.239466 0 0.185604 0.0724418 0.0244614 0.109569 0 0
0.0686478 0.4 0.218351 0 0.201376 0.0712867 0.0229025 0.0449886 0 0
0.432951 0.5 0.187598 0 0.217299 0.103696 0.038322 0.120658 0 0
0.566253 0.6 0.178373 0 0.201811 0.12629 0.0473243 0.104526 0 0
0.671802 0.7 0.175605 0 0.189421 0.144365 0.0545261 0.110288 0 0
0.537441 0.8 0.148515 0 0.18184 0.115492 0.0436209 0.0348967 1 0
0.606377 0.9 0.123721 0 0.18184 0.115492 0.0436209 0.0348967 1 0
0.858296 1 0.00794966 0 0.18184 0.115492 0.0436209 0.0348967 1 0
0.811982 0.8 -0.034243 0 0.18184 0.115492 0.0436209 0.0348967 1 0
0.649586 0.8 0.0467038 0 0.185472 0.0923939 0.0348967 0.0279173 1 0
0.649441 0.8 -0.0511051 0 0.185472 0.0923939 0.0348967 0.0279173 1 0
0.519553 0.7 0.0080018 0 0.186778 0.117248 0.044584 0.102334 1 0
0.332514 0.8 -0.0174858 0 0.370222 0.0937988 0.0356672 0.0285338 1 0
0.735764 0.7 0.108708 0 0.370222 0.0937988 0.0356672 0.0285338 1 0
0.588611 0.6 0.170984 0 0.333387 0.075039 0.0285338 0.022827 1 0
0.80952 0.7 0.192962 0 0.333387 0.075039 0.0285338 0.022827 1 0
0.647616 0.8 0.188121 0 0.30163 0.0733645 0.0261603 0.0475949 1 0
0.826513 0.9 0.178529 0 0.30163 0.0733645 0.0261603 0.0475949 1 0
0.796726 1 0.117845 0 0.30163 0.0733645 0.0261603 0.0475949 1 0
0.926822 1 0.237985 0 0.30163 0.0733645 0.0261603 0.0475949 1 0
0.844874 1 0.197558 0 0.30163 0.0733645 0.0261603 0.0475949 1 0
0.675899 1 0.167601 0 0.466098 0.105358 0.0375949 0.0967426 1 0
0.432576 1 0.20778 0 0.40229 0.0909533 0.0334093 0.0333941 1 0
0.764582 1 0.158167 0 0.40229 0.0909533 0.0334093 0.0333941 1 0
0.766999 1 0.350499 0 0.40229 0.0909533 0.0334093 0.0333941 1 0
0.613599 1 0.10515 0 0.351562 0.0909533 0.0334093 0.0333941 1 0
0.635622 1 0.0315449 0 0.410175 0.096096 0.0233941 0.0553819 1 0
0.635622 1 0.00946347 0 0.410175 0.096096 0.0233941 0.0553819 1 0
0.635622 0.8 0.00283904 0 0.410175 0.096096 0.0233941 0.0553819 1 0
0.635622 0.7 0.000851713 0 0.410175 0.096096 0.0233941 0.0553819 1 0
0.868824 0.7 0.000255514 0 0.410175 0.096096 0.0233941 0.0553819 1 1
0.868824 0.7 7.66541e-005 0 0.410175 0.096096 0.0233941 0.0553819 1 1
0.868824 0.2 2.29962e-005 0 0.410175 0.096096 0.0233941 0.0553819 1 1
0.868824 0.2 6.89887e-006 0 0.410175 0.096096 0.0233941 0.0553819 1 1
0.868824 0.2 2.06966e-006 0 0.410175 0.096096 0.0233941 0.0553819 1 1
0.868824 0.1 6.20898e-007 0 0.410175 0.096096 0.0233941 0.0553819 1 1
0.868824 0.1 1.8627e-007 0 0.410175 0.096096 0.0233941 0.0553819 1 1
0.868824 0.2 5.58809e-008 0 0.410175 0.096096 0.0233941 0.0553819 1 1
0.868824 0 1.67643e-008 0 0.410175 0.096096 0.0233941 0.0553819 1 1
0.952777 0.1 -0.227711 0 0.410175 0.096096 0.0233941 0.0553819 1 1
0.952777 0.2 -0.296024 0 0.410175 0.096096 0.0233941 0.0553819 1 1
0.762221 0.3 -0.37095 0 0.477758 0.0768768 0.0187153 0.0149722 0 0
0.762221 0.4 -0.393428 0 0.477758 0.0768768 0.0187153 0.0149722 0 0
0.765866 0.5 -0.412177 0 0.412976 0.0748348 0.0149722 0.0319778 0 0
0.860569 0.6 0.0930135 0 0.412976 0.0748348 0.0149722 0.0319778 0 0
0.916342 0.7 0.292507 0 0.365301 0.106534 0.0186444 0.0815822 0 0
0.586459 0.8 0.308805 0 0.323491 0.0852276 0.0115822 0.00926578 0 0
0.6815 0.9 0.195583 0 0.346188 0.0815154 0.00593244 0.0214126 0 0
0.72712 0.8 0.157112 0 0.346188 0.0815154 0.00593244 0.0214126 0 0
0.465357 0.9 0.173296 0 0.307459 0.0785457 0.00474596 0.0237968 0 0
0.297828 1 0.257871 0 0.270394 0.0895032 0.000463431 0.0370374 0 0
0.297828 0.9 0.283244 0 0.270394 0.0895032 0.000463431 0.0370374 0 0
0.19061 1 0.284392 0 0.237792 0.108269 -0.00296259 0.0542966 0 0
0.121991 1 0.0399766 0 0.418805 0.093282 -0.00237007 0.00810394 0 0
0.0780739 1 0.248758 0 0.341343 0.0612923 0.0647706 0.26515 0 0
0.437475 0.8 0.0420692 0 0.304082 0.0723672 0.0484832 0.0754532 0 0
0.279984 0.9 -0.0520886 0 0.28942 0.10456 0.0454532 0.103029 0 0
0.507514 1 -0.0803359 0 0.284249 0.0969817 0.0363626 0.04909 0 0
0.406011 1 -0.126818 0 0.261774 0.100919 0.0257567 0.057272 0 0
0.259847 1 -0.131948 0 0.253514 0.0940683 0.0239387 0.0424843 0 0
0.166302 0.9 -0.11691 0 0.319347 0.0819213 0.019151 0.0253208 0 0
0.106433 1 -0.0799448 0 0.273255 0.065537 0.0153208 0.0122566 0 0
0.0681174 1 -0.154216 0 0.291331 0.065763 0.0122566 0.0298053 0 0
0.0435951 1 -0.184637 0 0.300862 0.0659437 0.00980529 0.0278442 0 0
0.416741 0.8 -0.193763 0 0.300862 0.0659437 0.00980529 0.0278442 0 0
0.333392 0.9 -0.227949 0 0.256437 0.062755 0.00784423 0.0229421 0 0
0.213371 1 -0.227476 0 0.337481 0.0968706 0.0262754 0.11102 0 0
0.136558 1 -0.390792 0 0.395358 0.107497 0.0243536 0.0661496 0 0
0.465548 0.8 -0.460095 0 0.395358 0.107497 0.0243536 0.0661496 1 0
0.774078 0.9 -0.480886 0 0.395358 0.107497 0.0243536 0.0661496 1 0
0.619262 1 -0.0392657 0 0.36708 0.162664 0.0594829 0.20092 1 0
0.396328 1 -0.095113 0 0.36708 0.162664 0.0594829 0.20092 1 0
0.55219 0.9 -0.111867 0 0.36708 0.120131 0.104253 0.296736 1 0
0.838788 1 -0.116894 0 0.36708 0.120131 0.104253 0.296736 1 0
0.838788 1 -0.118401 0 0.36708 0.120131 0.104253 0.296736 1 0
0.838788 0.9 -0.118854 0 0.36708 0.120131 0.104253 0.296736 1 0
0.838788 0.8 -0.118989 0 0.36708 0.120131 0.104253 0.296736 1 0
0.838788 0.9 -0.11903 0 0.36708 0.120131 0.104253 0.296736 1 0
0.838788 0.8 -0.119042 0 0.36708 0.120131 0.104253 0.296736 1 0
0.838788 0.7 -0.119046 0 0.36708 0.120131 0.104253 0.296736 1 0
0.838788 0.6 -0.119047 0 0.36708 0.120131 0.104253 0.296736 1 0
0.838788 0.5 -0.119047 0 0.36708 0.120131 0.104253 0.296736 1 0
0.838788 0.2 -0.119048 0 0.36708 0.120131 0.104253 0.296736 1 0
0.838788 0.3 -0.119048 0 0.36708 0.120131 0.104253 0.296736 1 0
0.838788 0.2 -0.119048 0 0.36708 0.120131 0.104253 0.296736 1 0
0.941964 0.3 -0.119048 0 0.36708 0.120131 0.104253 0.296736 1 0
0.941964 0.4 -0.119048 0 0.36708 0.120131 0.104253 0.296736 1 0
0.979107 0.5 -0.119048 0 0.36708 0.120131 0.104253 0.296736 1 0
0.979107 0.6 -0.119048 0 0.36708 0.120131 0.104253 0.296736 1 0
0.979107 0.5 -0.119048 0 0.36708 0.120131 0.104253 0.296736 1 0
0.979107 0.5 -0.119048 0 0.36708 0.120131 0.104253 0.296736 1 0
0.992478 0.6 -0.119048 0 0.36708 0.120131 0.104253 0.296736 1 0
0.992478 0.5 -0.119048 0 0.36708 0.120131 0.104253 0.296736 1 0
0.997292 0.6 -0.119048 0 0.36708 0.120131 0.104253 0.296736 1 0
0.999025 0.5 -0.119048 0 0.36708 0.120131 0.104253 0.296736 1 0
0.999415 0.6 -0.314286 0 0.36708 0.176105 0.116736 0.246722 1 0
0.639626 0.7 -0.411473 0 0.406061 0.164217 0.0900552 0.108711 1 0
0.645616 0.7 -0.440629 0 0.406061 0.15804 0.0753775 0.106969 1 0
0.516493 0.8 -0.0332758 0 0.406061 0.156432 0.0636354 0.0975749 1 0
0.598333 0.9 0.0889303 0 0.365473 0.135146 0.047575 0.0547266 1 0
0.478667 1 0.152842 0 0.342799 0.154783 0.05806 0.136448 1 0
0.583808 1 0.172015 0 0.321483 0.13716 0.046448 0.0604917 1 0
0.680228 0.8 0.177767 0 0.305307 0.149728 0.053825 0.109727 1 0
0.544182 0.8 0.0248418 0 0.2897 0.163116 0.0597267 0.114448 1 0
0.348277 0.8 0.0502303 0 0.277215 0.130493 0.044448 0.0355584 1 0
0.222897 0.8 0.00692956 0 0.269533 0.144394 0.0522251 0.108447 1 0
0.142654 0.8 0.154643 0 0.266474 0.128849 0.0451134 0.0627574 1 0
0.0912986 0.8 0.0713929 0 0.259333 0.109746 0.0394241 0.0382059 1 0
0.0584311 0.8 0.200585 0 0.250877 0.13113 0.0448726 0.102565 1 0
0.0373959 0.6 0.227036 0 0.244113 0.11157 0.0392314 0.0380518 1 0
0.0239334 0.6 0.230611 0 0.238038 0.135923 0.0513851 0.131108 1 0
0.0153174 0.7 -0.0358168 0 0.234498 0.155405 0.0644414 0.141553 1 0
0.405882 0.8 0.147588 0 0.234498 0.155405 0.0644414 0.141553 1 0
0.594823 0.8 -0.155142 0 0.234498 0.155405 0.0644414 0.141553 1 0
0.685515 0.5 -0.123868 0 0.234498 0.155405 0.0644414 0.141553 1 0
0.729047 0.5 0.0821577 0 0.234498 0.155405 0.0644414 0.141553 1 0
0.749943 0.5 0.219092 0 0.234498 0.155405 0.0644414 0.141553 1 0
0.749943 0.5 0.260172 0 0.234498 0.155405 0.0644414 0.141553 1 0
0.909979 0.6 0.272496 0 0.234498 0.155405 0.0644414 0.141553 1 0
0.945988 0.7 0.276193 0 0.234498 0.155405 0.0644414 0.141553 1 0
0.912444 0.5 0.277302 0 0.234498 0.155405 0.0644414 0.141553 1 0
0.912444 0.6 0.277635 0 0.234498 0.155405 0.0644414 0.141553 1 0
0.96848 0.7 0.277735 0 0.234498 0.155405 0.0644414 0.141553 1 0
0.988653 0.8 0.277765 0 0.234498 0.155405 0.0644414 0.141553 1 0
0.995915 0.9 0.277774 0 0.234498 0.155405 0.0644414 0.141553 1 1
0.998529 0.8 0.277777 0 0.234498 0.155405 0.0644414 0.141553 1 1
0.999471 0.9 0.277777 0 0.234498 0.155405 0.0644414 0.141553 1 1
0.999809 1 0.277778 0 0.234498 0.155405 0.0644414 0.141553 1 1
0.999931 0.8 0.277778 0 0.234498 0.155405 0.0644414 0.141553 1 1
0.999975 0.6 0.277778 0 0.234498 0.155405 0.0644414 0.141553 1 1
0.999991 0.7 0.277778 0 0.234498 0.155405 0.0644414 0.141553 1 1
0.999997 0.6 0.277778 0 0.234498 0.155405 0.0644414 0.141553 1 1
0.999999 0.7 0.277778 0 0.234498 0.155405 0.0644414 0.141553 1 1
0.999999 0.8 0.277778 0 0.234498 0.155405 0.0644414 0.141553 1 1
1 0.6 0.277778 0 0.234498 0.155405 0.0644414 0.141553 1 1
1 0.7 0.277778 0 0.234498 0.155405 0.0644414 0.141553 0 0
1 0.6 0.277778 0 0.234498 0.155405 0.0644414 0.141553 0 0
1 0.7 0.190278 0 0.234498 0.155405 0.0644414 0.141553 0 1
1 0.8 0.164028 0 0.234498 0.155405 0.0644414 0.141553 0 1
1 0.8 0.156153 0 0.234498 0.155405 0.0644414 0.141553 0 1
1 0.6 0.15379 0 0.234498 0.155405 0.0644414 0.141553 0 1
0.64 0.6 -0.107404 0 0.234498 0.155405 0.0644414 0.141553 0 1
0.64 0.4 -0.185762 0 0.234498 0.155405 0.0644414 0.141553 0 1
0.82432 0.5 -0.20927 0 0.234498 0.155405 0.0644414 0.141553 0 1
0.936755 0.6 -0.216322 0 0.234498 0.155405 0.0644414 0.141553 0 1
0.977232 0.7 -0.218438 0 0.234498 0.155405 0.0644414 0.141553 0 1
0.977232 0.8 -0.219073 0 0.234498 0.155405 0.0644414 0.141553 0 1
0.991803 0.7 -0.219263 0 0.234498 0.155405 0.0644414 0.141553 0 1
0.997049 0.8 -0.21932 0 0.234498 0.155405 0.0644414 0.141553 0 1
0.878584 0.9 0.0122809 0 0.234498 0.155405 0.0644414 0.141553 0 1
0.95629 1 0.0817612 0 0.234498 0.155405 0.0644414 0.141553 0 1
0.984264 1 0.102605 0 0.234498 0.155405 0.0644414 0.141553 0 1
0.994335 1 0.108859 0 0.234498 0.155405 0.0644414 0.141553 0 1
0.994335 1 0.110734 0 0.234498 0.155405 0.0644414 0.141553 0 1
0.997961 1 0.111297 0 0.234498 0.155405 0.0644414 0.141553 0 1
0.997961 0.9 0.111466 0 0.234498 0.155405 0.0644414 0.141553 0 1
0.999266 1 0.111517 0 0.234498 0.155405 0.0644414 0.141553 0 1
0.999266 0.8 0.111532 0 0.234498 0.155405 0.0644414 0.141553 0 1
0.999266 0.9 0.111537 0 0.234498 0.155405 0.0644414 0.141553 0 1
0.999736 1 0.111538 0 0.234498 0.155405 0.0644414 0.141553 0 1
0.999736 1 0.111538 0 0.234498 0.155405 0.0644414 0.141553 0 1
0.999736 0.8 0.111538 0 0.234498 0.155405 0.0644414 0.141553 0 1
0.999736 0.7 0.111538 0 0.234498 0.155405 0.0644414 0.141553 0 1
0.999905 0.8 0.111538 0 0.234498 0.155405 0.0644414 0.141553 0 1
0.999905 0.7 0.111538 0 0.234498 0.155405 0.0644414 0.141553 0 1
0.999966 0.8 0.208462 0 0.234498 0.155405 0.0644414 0.141553 0 1
0.999988 0.6 0.237538 0 0.234498 0.155405 0.0644414 0.141553 0 1
0.879994 0.7 -0.0287385 0 0.234498 0.155405 0.0644414 0.141553 0 1
0.879994 0.6 -0.108622 0 0.234498 0.155405 0.0644414 0.141553 0 1
0.927996 0.7 -0.32059 0 0.234498 0.155405 0.0644414 0.141553 0 1
0.907263 0.8 -0.384181 0 0.234498 0.155405 0.0644414 0.141553 0 1
