0.486702 0.5 11.4242 0.837453 1.7616 -20 19 -46 1
0.486702 0.566667 5.71208 0.418727 1.7616 -20 19 -46 1
0.633617 0.6 12.7045 5.10067 -0.79072 -23 16 -46 1
0.633617 0.666667 6.35226 2.55033 -0.79072 -23 16 -46 1
0.704136 0.7 13.0757 6.16647 0.767424 -25 15 -46 1
0.704136 0.766667 6.53784 3.08324 0.767424 -25 15 -46 1
0.737985 0.766667 -5.25381 8.06336 0.0139391 -27 14 -46 1
0.737985 0.766667 -2.6269 4.03168 0.0139391 -27 14 -46 1
0.472311 0.833333 -9.83618 9.62453 0.0111513 -25 11 -39 1
0.472311 0.833333 -4.91809 4.81227 0.0111513 -25 11 -39 1
0.302279 0.8 -10.9818 10.0148 0.208921 -14 4 -20 1
0.302279 0.8 -5.49089 5.00741 0.208921 -14 4 -20 1
0.545094 0.8 -5.60259 7.39501 -1.03286 -14 4 -20 1
0.545094 0.766667 -2.80129 3.69751 -1.03286 -14 4 -20 1
0.34886 0.766667 -13.0673 -6.27625 2.57371 0 0 0 1
0.34886 0.733333 -6.53366 -3.13812 2.57371 0 0 0 1
0.22327 0.7 -6.10774 -0.319062 2.05897 0 0 0 1
0.22327 0.7 -3.05387 -0.159531 2.05897 0 0 0 1
0.142893 0.7 -17.0031 2.89643 1.84717 0 0 0 1
0.142893 0.7 -8.50156 1.44821 1.84717 0 0 0 1
0.0914516 0.733333 -10.3114 4.70138 -0.722261 0 0 0 1
0.0914516 0.666667 -5.15569 2.35069 -0.722261 0 0 0 1
0.058529 0.666667 -7.69148 -2.39608 1.22219 0 0 0 1
0.058529 0.633333 -3.84574 -1.19804 1.22219 0 0 0 1
0.0374586 0.633333 -4.65014 -5.14448 1.17775 0 0 0 1
0.0374586 0.6 -2.32507 -2.57224 1.17775 0 0 0 1
0.41798 0.633333 -5.70799 -6.96794 0.542202 -4 -1 -5 1
0.41798 0.566667 -2.854 -3.48397 0.542202 -4 -1 -5 1
0.60063 0.6 13.4168 -6.85562 -2.16624 -4 -1 -5 1
0.60063 0.566667 6.70838 -3.42781 -2.16624 -4 -1 -5 1
0.688303 0.6 -1.79287 -8.81618 -1.93299 -3 0 -4 1
0.688303 0.566667 -0.896435 -4.40809 -1.93299 -3 0 -4 1
0.730385 0.633333 -11.0534 -2.20404 -2.14639 0 0 0 1
0.730385 0.566667 -5.52671 -1.10202 -2.14639 0 0 0 1
0.730385 0.6 -27.7634 -0.551011 -2.14639 0 0 0 1
0.730385 0.566667 -13.8817 -0.275506 -2.14639 0 0 0 1
0.842791 0.633333 -31.9408 -25.1378 0.282886 -4 -1 -5 1
0.842791 0.566667 -15.9704 -12.5689 0.282886 -4 -1 -5 1
0.674233 0.666667 0.470673 -2.11777 -0.373691 -4 -1 -5 1
0.674233 0.6 0.235336 -1.05889 -0.373691 -4 -1 -5 1
0.431509 0.666667 8.57355 2.31147 -0.498953 -4 -1 -5 1
0.431509 0.666667 4.28678 1.15573 -0.498953 -4 -1 -5 1
0.607124 0.733333 11.9919 7.09961 -0.599162 -3 0 -4 1
0.607124 0.7 5.99594 3.5498 -0.599162 -3 0 -4 1
0.633136 0.766667 -22.002 -23.2251 0.92067 -3 0 -4 1
0.633136 0.7 -11.001 -11.6125 0.92067 -3 0 -4 1
0.703905 0.733333 -30.5005 -30.8063 0.736536 -3 0 -4 1
0.703905 0.7 -15.2503 -15.4031 0.736536 -3 0 -4 1
0.822343 0.7 -24.1876 -8.83793 0.189229 0 0 0 1
0.822343 0.633333 -12.0938 -4.41897 0.189229 0 0 0 1
0.71578 0.666667 -31.0469 -27.2095 -0.248617 -4 -1 -5 1
0.71578 0.633333 -15.5235 -13.6047 -0.248617 -4 -1 -5 1
0.572624 0.7 -8.38673 -7.42737 0.601107 -4 -1 -5 1
0.572624 0.633333 -4.19336 -3.71369 0.601107 -4 -1 -5 1
0.366479 0.666667 -6.85859 -2.45208 -0.919115 -4 -1 -5 1
0.366479 0.633333 -3.42929 -1.22604 -0.919115 -4 -1 -5 1
0.540728 0.7 -26.7146 -25.613 -0.335292 -4 -1 -5 1
0.540728 0.7 -13.3573 -12.8065 -0.335292 -4 -1 -5 1
0.432582 0.733333 -9.05961 -7.02826 -0.268233 -2 0 -3 1
0.432582 0.733333 -4.52981 -3.51413 -0.268233 -2 0 -3 1
0.276853 0.8 -6.24218 -1.75706 -0.0145868 -2 0 -3 1
0.276853 0.8 -3.12109 -0.878532 -0.0145868 -2 0 -3 1
0.177186 0.833333 -5.72721 -1.62974 0.388331 0 0 0 1
0.177186 0.8 -2.86361 -0.814871 0.388331 0 0 0 1
0.113399 0.766667 -4.5568 1.37828 0.310664 0 0 0 1
0.113399 0.766667 -2.2784 0.689139 0.310664 0 0 0 1
0.0725753 0.766667 -5.04545 2.72552 0.648532 0 0 0 1
0.0725753 0.766667 -2.52273 1.36276 0.648532 0 0 0 1
0.434836 0.766667 -6.33949 3.65757 0.518825 0 0 0 1
0.434836 0.766667 -3.16974 1.82879 0.518825 0 0 0 1
0.608721 0.8 -6.663 3.89058 -0.18494 0 0 0 1
0.608721 0.766667 -3.3315 1.94529 -0.18494 0 0 0 1
0.692186 0.8 -4.48833 1.56788 0.452048 0 0 0 1
0.692186 0.766667 -2.24416 0.783942 0.452048 0 0 0 1
0.83935 0.766667 -26.1221 -24.608 -0.238361 0 0 0 1
0.83935 0.766667 -13.061 -12.304 -0.238361 0 0 0 1
0.802888 0.766667 -31.5305 -31.152 0.00931082 0 0 0 1
0.802888 0.733333 -15.7653 -15.576 0.00931082 0 0 0 1
0.785386 0.766667 -32.8826 -32.788 0.407449 -4 1 -7 1
0.785386 0.766667 -16.4413 -16.394 0.407449 -4 1 -7 1
0.776985 0.766667 -33.2207 -33.197 0.125959 -4 1 -7 1
0.776985 0.733333 -16.6103 -16.5985 0.125959 -4 1 -7 1
0.772953 0.7 -33.3052 -33.2993 -0.0992329 -4 1 -7 1
0.772953 0.7 -16.6526 -16.6496 -0.0992329 -4 1 -7 1
0.618362 0.733333 -11.4513 -10.1105 -0.279386 -4 1 -7 1
0.618362 0.733333 -5.72565 -5.05526 -0.279386 -4 1 -7 1
0.395752 0.733333 -5.98782 -3.77763 -0.223509 -4 1 -7 1
0.395752 0.733333 -2.99391 -1.88882 -0.223509 -4 1 -7 1
0.753977 0.766667 -26.497 -25.9444 -0.578807 -4 1 -7 1
0.753977 0.766667 -13.2485 -12.9722 -0.578807 -4 1 -7 1
0.603181 0.8 -5.43376 -8.27182 0.336954 -4 1 -7 1
0.603181 0.733333 -2.71688 -4.13591 0.336954 -4 1 -7 1
0.386036 0.7 8.93568 -0.93159 -0.530437 -4 1 -7 1
0.386036 0.666667 4.46784 -0.465795 -0.530437 -4 1 -7 1
0.247063 0.666667 -13.5399 3.5171 -0.424349 -4 1 -7 1
0.247063 0.633333 -6.76995 1.75855 -0.424349 -4 1 -7 1
0.494872 0.666667 -28.385 -24.1207 0.260521 -4 1 -7 1
0.494872 0.6 -14.1925 -12.0604 0.260521 -4 1 -7 1
0.395898 0.666667 -2.28374 -8.41113 0.208416 -4 1 -7 1
0.395898 0.666667 -1.14187 -4.20557 0.208416 -4 1 -7 1
0.253375 0.733333 -1.19594 -3.35278 -0.0332669 -4 1 -7 1
0.253375 0.733333 -0.597968 -1.67639 -0.0332669 -4 1 -7 1
0.712972 0.766667 -25.299 -25.8382 -0.226613 -4 1 -7 1
0.712972 0.733333 -12.6495 -12.9191 -0.226613 -4 1 -7 1
0.570377 0.766667 -6.94975 -6.45955 0.0187092 -4 1 -7 1
0.570377 0.766667 -3.47487 -3.22977 0.0187092 -4 1 -7 1
0.619025 0.766667 -26.7374 -26.6149 -0.785033 -4 1 -7 1
0.619025 0.766667 -13.3687 -13.3074 -0.785033 -4 1 -7 1
0.697132 0.766667 -31.6844 -31.6537 0.571974 -4 1 -7 1
0.697132 0.766667 -15.8422 -15.8269 0.571974 -4 1 -7 1
0.734623 0.766667 -32.9211 -32.9134 0.657579 -4 1 -7 1
0.734623 0.8 -16.4605 -16.4567 0.657579 -4 1 -7 1
0.587699 0.833333 -27.1886 -8.43669 0.126063 -4 1 -7 1
0.587699 0.833333 -13.5943 -4.21835 0.126063 -4 1 -7 1
0.625676 0.833333 -31.7972 -27.1092 0.900851 -4 1 -7 1
0.625676 0.8 -15.8986 -13.5546 0.900851 -4 1 -7 1
0.700325 0.8 -32.9493 -31.7773 0.920681 -4 1 -7 1
0.700325 0.733333 -16.4746 -15.8886 0.920681 -4 1 -7 1
0.736156 0.733333 -33.2373 -32.9443 0.136544 -4 1 -7 1
0.736156 0.7 -16.6187 -16.4722 0.136544 -4 1 -7 1
0.753355 0.7 -33.3093 -33.2361 -1.09076 -4 1 -7 1
0.753355 0.666667 -16.6547 -16.618 -1.09076 -4 1 -7 1
0.602684 0.666667 -22.0178 -5.92807 0.727388 -4 1 -7 1
0.602684 0.633333 -11.0089 -2.96403 0.727388 -4 1 -7 1
0.631431 0.7 -30.5045 -26.482 0.581911 -4 1 -7 1
0.631431 0.666667 -15.2522 -13.241 0.581911 -4 1 -7 1
0.505144 0.666667 -6.94429 -8.4955 -0.534471 -2 0 -3 1
0.505144 0.7 -3.47215 -4.24775 -0.534471 -2 0 -3 1
0.642469 0.733333 5.6858 -4.50483 -0.227577 -4 -1 -5 1
0.642469 0.666667 2.8429 -2.25241 -0.227577 -4 -1 -5 1
0.41118 0.733333 5.81853 -5.29287 -1.78206 -14 2 -21 1
0.41118 0.666667 2.90927 -2.64644 -1.78206 -14 2 -21 1
0.263155 0.666667 -0.331081 -1.94822 0.974351 -14 2 -21 1
0.263155 0.666667 -0.165541 -0.974109 0.974351 -14 2 -21 1
0.501052 0.633333 -25.0828 -25.4871 0.979481 -13 1 -20 1
0.501052 0.6 -12.5414 -12.7435 0.979481 -13 1 -20 1
0.640505 0.633333 -31.2707 -31.3718 -2.81642 -13 1 -20 1
0.640505 0.6 -15.6353 -15.6859 -2.81642 -13 1 -20 1
0.784303 0.666667 1.1667 -9.03342 -0.653132 -13 1 -20 1
0.784303 0.633333 0.583351 -4.51671 -0.653132 -13 1 -20 1
0.501954 0.666667 6.54168 -5.66745 0.477494 -13 1 -20 1
0.501954 0.633333 3.27084 -2.83372 0.477494 -13 1 -20 1
0.784563 0.7 -23.3646 -26.4169 1.382 -13 1 -20 1
0.784563 0.666667 -11.6823 -13.2084 1.382 -13 1 -20 1
0.62765 0.7 -23.9959 -9.28279 -0.294404 -13 1 -20 1
0.62765 0.7 -11.998 -4.64139 -0.294404 -13 1 -20 1
0.401696 0.733333 -1.62398 -2.3207 0.164477 -13 1 -20 1
0.401696 0.733333 -0.811988 -1.16035 0.164477 -13 1 -20 1
0.755688 0.766667 -25.406 -25.5802 0.531582 -13 1 -20 1
0.755688 0.7 -12.703 -12.7901 0.531582 -13 1 -20 1
0.853413 0.733333 -12.0333 -4.01409 0.225265 -13 1 -20 1
0.853413 0.733333 -6.01666 -2.00705 0.225265 -13 1 -20 1
0.809638 0.766667 -4.19881 -0.408285 -1.61979 -13 1 -20 1
0.809638 0.766667 -2.0994 -0.204142 -1.61979 -13 1 -20 1
0.518169 0.766667 -1.64494 1.68364 0.30417 -13 1 -20 1
0.518169 0.766667 -0.82247 0.841822 0.30417 -13 1 -20 1
0.331628 0.833333 1.96972 -0.769565 0.643336 -13 1 -20 1
0.331628 0.833333 0.984859 -0.384783 0.643336 -13 1 -20 1
0.527345 0.833333 -24.5076 -25.1924 0.514669 -14 2 -21 1
0.527345 0.833333 -12.2538 -12.5962 0.514669 -14 2 -21 1
0.716407 0.8 2.20644 -0.940955 -1.18827 -14 2 -21 1
0.716407 0.766667 1.10322 -0.470477 -1.18827 -14 2 -21 1
0.458501 0.766667 -0.0733898 -1.48524 0.0493879 -14 2 -21 1
0.458501 0.733333 -0.0366949 -0.742619 0.0493879 -14 2 -21 1
0.29344 0.733333 6.12536 -5.13321 -0.76049 -14 2 -21 1
0.29344 0.7 3.06268 -2.56661 -0.76049 -14 2 -21 1
0.187802 0.7 0.936102 -2.47378 -0.208392 -14 2 -21 1
0.187802 0.633333 0.468051 -1.23689 -0.208392 -14 2 -21 1
0.490145 0.7 8.43715 -2.9994 -0.566713 -14 2 -21 1
0.490145 0.633333 4.21858 -1.4997 -0.566713 -14 2 -21 1
0.313693 0.666667 3.81383 -1.88621 1.14663 -14 2 -21 1
0.313693 0.633333 1.90692 -0.943106 1.14663 -14 2 -21 1
0.200763 0.666667 2.73917 -0.471553 0.917303 -14 2 -21 1
0.200763 0.666667 1.36959 -0.235777 0.917303 -14 2 -21 1
0.496366 0.733333 9.66917 -1.30836 -0.266157 -14 2 -21 1
0.496366 0.7 4.83458 -0.654182 -0.266157 -14 2 -21 1
0.317674 0.733333 11.4017 -1.51757 -0.612926 -14 2 -21 1
0.317674 0.766667 5.70083 -0.758784 -0.612926 -14 2 -21 1
0.73149 0.8 -22.1496 -25.3794 0.109659 -14 2 -21 1
0.73149 0.766667 -11.0748 -12.6897 0.109659 -14 2 -21 1
0.585192 0.766667 -6.13263 -11.3448 -0.112272 -14 2 -21 1
0.585192 0.733333 -3.06632 -5.67242 -0.112272 -14 2 -21 1
0.374523 0.733333 0.847794 -2.83621 -1.48982 -14 2 -21 1
0.374523 0.733333 0.423897 -1.41811 -1.48982 -14 2 -21 1
0.239695 0.733333 -0.38329 -1.27723 -0.991854 -14 2 -21 1
0.239695 0.7 -0.191645 -0.638617 -0.991854 -14 2 -21 1
0.153405 0.7 0.743463 -1.45567 -0.993483 -14 2 -21 1
0.153405 0.7 0.371732 -0.727836 -0.993483 -14 2 -21 1
0.473634 0.733333 -1.59985 -4.73892 0.00521321 -14 2 -21 1
0.473634 0.7 -0.799924 -2.36946 0.00521321 -14 2 -21 1
0.581876 0.733333 -25.4 -26.1847 0.404171 -14 2 -21 1
0.581876 0.733333 -12.7 -13.0924 0.404171 -14 2 -21 1
0.4655 0.766667 0.662204 -7.68255 -0.476664 -14 2 -21 1
0.4655 0.733333 0.331102 -3.84127 -0.476664 -14 2 -21 1
0.62344 0.766667 7.02039 -3.11111 -0.781331 -14 2 -21 1
0.62344 0.733333 3.51019 -1.55556 -0.781331 -14 2 -21 1
0.699251 0.766667 -5.47147 -1.0754 -0.0250647 -14 2 -21 1
0.699251 0.733333 -2.73573 -0.537699 -0.0250647 -14 2 -21 1
0.447521 0.733333 -3.07241 -1.97339 0.979948 -14 2 -21 1
0.447521 0.7 -1.53621 -0.986697 0.979948 -14 2 -21 1
0.61481 0.7 9.45917 -0.493349 0.183959 -4 -1 -5 1
0.61481 0.666667 4.72959 -0.246674 0.183959 -4 -1 -5 1
0.695109 0.7 12.2133 3.85394 0.547167 -4 0 -6 1
0.695109 0.666667 6.10664 1.92697 0.547167 -4 0 -6 1
0.44487 0.7 -6.51699 -0.524611 1.03773 -4 0 -6 1
0.44487 0.666667 -3.2585 -0.262306 1.03773 -4 0 -6 1
0.284717 0.666667 5.402 -1.32163 -1.76981 -4 0 -6 1
0.284717 0.7 2.701 -0.660815 -1.76981 -4 0 -6 1
0.182219 0.766667 8.20534 0.919593 -0.215851 -4 0 -6 1
0.182219 0.766667 4.10267 0.459796 -0.215851 -4 0 -6 1
0.487465 0.8 -6.21479 -2.61101 1.22732 -4 0 -6 1
0.487465 0.8 -3.1074 -1.30551 1.22732 -4 0 -6 1
0.311978 0.833333 5.08693 -1.24799 -0.0181443 -4 0 -6 1
0.311978 0.8 2.54346 -0.623995 -0.0181443 -4 0 -6 1
0.549749 0.8 8.30298 0.256184 0.385485 -9 1 -14 1
0.549749 0.733333 4.15149 0.128092 0.385485 -9 1 -14 1
0.35184 0.733333 8.13635 1.20041 2.50839 -4 0 -6 1
0.225177 0.666667 13.9677 -2.37599 -0.79329 -4 0 -6 1
0.225177 0.633333 6.98386 -1.18799 -0.79329 -4 0 -6 1
0.486468 0.633333 -21.5081 -25.594 2.56537 -4 0 -6 1
0.691881 0.633333 -18.46 -14.5827 0.0522944 -4 0 -6 1
0.691881 0.6 -9.23 -7.29136 0.0522944 -4 0 -6 1
0.442804 0.7 1.03016 -3.64568 1.64184 -4 0 -6 1
0.283394 0.666667 -7.49273 -5.69189 -0.286532 -4 0 -6 1
0.283394 0.633333 -3.74637 -2.84594 -0.286532 -4 0 -6 1
0.181372 0.733333 3.96015 -1.83964 1.37077 -4 0 -6 1
0.487059 0.7 0.730075 -2.16982 -0.50338 -4 0 -6 1
0.487059 0.7 0.365038 -1.08491 -0.50338 -4 0 -6 1
0.311718 0.733333 8.09919 -0.125788 1.1973 -4 0 -6 1
0.199499 0.7 3.42459 -0.0628941 -0.242163 -4 0 -6 1
0.199499 0.666667 1.7123 -0.031447 -0.242163 -4 0 -6 1
0.12768 0.733333 -2.45268 -1.72027 1.20627 -4 0 -6 1
0.0817149 0.666667 5.41429 -1.45537 -0.834984 -4 0 -6 1
0.0817149 0.633333 2.70714 -0.727686 -0.834984 -4 0 -6 1
0.431379 0.7 -23.6464 -25.3638 -1.66799 -2 0 -3 1
0.431379 0.666667 -11.8232 -12.6819 -1.66799 -2 0 -3 1
0.345103 0.666667 3.46339 -8.72191 -0.53439 -4 0 -6 1
0.345103 0.666667 1.7317 -4.36096 -0.53439 -4 0 -6 1
0.73939 0.666667 -24.1342 -27.1805 1.37249 -4 0 -6 1
0.591512 0.6 -29.8796 -15.9712 -0.30201 -4 0 -6 1
0.591512 0.633333 -14.9398 -7.9856 -0.30201 -4 0 -6 1
0.683926 0.666667 -3.13042 -8.7547 -1.84161 -4 0 -6 1
0.683926 0.633333 -1.56521 -4.37735 -1.84161 -4 0 -6 1
0.728284 0.633333 -1.4076 -7.18868 0.126714 -4 0 -6 1
0.728284 0.666667 -0.703802 -3.59434 0.126714 -4 0 -6 1
0.849746 0.666667 -25.3519 -26.7972 0.301371 -4 0 -6 1
0.849746 0.666667 -12.676 -13.3986 0.301371 -4 0 -6 1
0.679797 0.666667 -3.79946 -9.08024 0.441097 -4 0 -6 1
0.679797 0.7 -1.89973 -4.54012 0.441097 -4 0 -6 1
0.43507 0.766667 2.18866 -4.65101 -0.0471225 -4 0 -6 1
0.43507 0.766667 1.09433 -2.32551 -0.0471225 -4 0 -6 1
0.608834 0.8 -3.43011 -3.43548 -0.637698 -4 0 -6 1
0.608834 0.733333 -1.71505 -1.71774 -0.637698 -4 0 -6 1
0.389653 0.766667 -15.5461 -2.75281 1.68984 -4 0 -6 1
0.249378 0.733333 -28.8526 -3.93322 -0.848127 -4 0 -6 1
0.249378 0.666667 -14.4263 -1.96661 -0.848127 -4 0 -6 1
0.519702 0.7 -1.56798 -1.38653 1.3215 -4 0 -6 1
0.332609 0.666667 2.34101 -4.67054 -0.942801 -4 0 -6 1
0.332609 0.633333 1.1705 -2.33527 -0.942801 -4 0 -6 1
0.21287 0.7 13.8428 1.00628 -1.35424 -4 0 -6 1
0.21287 0.666667 6.92141 0.503139 -1.35424 -4 0 -6 1
0.136237 0.666667 16.3395 2.42548 -0.483393 -4 1 -8 1
0.136237 0.733333 8.16975 1.21274 -0.483393 -4 1 -8 1
0.0871914 0.733333 13.4599 -1.77458 -0.186714 -4 0 -6 1
0.0871914 0.666667 6.72994 -0.887291 -0.186714 -4 0 -6 1
0.433482 0.7 -21.635 -25.4436 1.65063 -4 1 -8 1
0.608071 0.666667 -35.8175 -37.7218 -0.279497 -4 0 -6 1
0.608071 0.7 -17.9088 -18.8609 -0.279497 -4 0 -6 1
0.486457 0.733333 -3.29962 -8.09117 -0.279497 -4 1 -8 1
0.586799 0.666667 -26.6498 -29.0456 0.376402 -4 1 -8 1
0.586799 0.633333 -13.3249 -14.5228 0.376402 -4 1 -8 1
0.681664 0.733333 -31.6625 -32.2614 0.101122 -4 1 -8 1
0.681664 0.7 -15.8312 -16.1307 0.101122 -4 1 -8 1
0.808998 0.733333 -4.77708 -6.27963 0.0808975 -4 1 -8 1
0.808998 0.666667 -2.38854 -3.13982 0.0808975 -4 1 -8 1
0.788319 0.666667 4.16287 -9.90324 0.264718 -4 1 -8 1
0.788319 0.666667 2.08144 -4.95162 0.264718 -4 1 -8 1
0.778393 0.7 10.9403 -4.35081 0.0117744 -10 2 -14 1
0.778393 0.633333 5.47014 -2.17541 0.0117744 -10 2 -14 1
0.698903 0.666667 -22.2649 -26.0877 1.20942 -10 2 -14 1
0.698903 0.6 -11.1325 -13.0439 1.20942 -10 2 -14 1
0.559122 0.666667 4.19939 -9.49812 -0.432464 -10 2 -14 1
0.559122 0.633333 2.0997 -4.74906 -0.432464 -10 2 -14 1
0.357838 0.666667 3.84282 -4.75548 0.454028 -10 2 -14 1
0.357838 0.633333 1.92141 -2.37774 0.454028 -10 2 -14 1
0.229017 0.666667 3.34166 -4.31387 -0.0367772 -4 2 -8 1
0.229017 0.7 1.67083 -2.15694 -0.0367772 -4 2 -8 1
0.705957 0.766667 -24.1646 -26.0785 0.370578 -4 2 -8 1
0.705957 0.766667 -12.0823 -13.0392 0.370578 -4 2 -8 1
0.738859 0.8 -31.0411 -31.5196 0.296463 -4 2 -8 1
0.738859 0.733333 -15.5206 -15.7598 0.296463 -4 2 -8 1
0.591087 0.733333 -2.76029 -9.1299 -0.56283 -4 2 -8 1
0.591087 0.7 -1.38014 -4.56495 -0.56283 -4 2 -8 1
0.683722 0.7 9.63851 -6.44914 -0.450264 -2 1 -2 1
0.683722 0.633333 4.81926 -3.22457 -0.450264 -2 1 -2 1
0.662549 0.633333 -22.5904 -26.6123 0.839789 -3 2 -8 1
0.662549 0.566667 -11.2952 -13.3061 0.839789 -3 2 -8 1
0.530039 0.633333 -1.05708 -10.2245 0.471831 -3 2 -8 1
0.530039 0.6 -0.528538 -5.11225 0.471831 -3 2 -8 1
0.339225 0.666667 10.7206 -6.93112 -0.622535 -3 2 -8 1
0.339225 0.6 5.36029 -3.46556 -0.622535 -3 2 -8 1
0.562828 0.633333 17.0184 3.38086 -0.898028 -3 2 -8 1
0.562828 0.633333 8.50919 1.69043 -0.898028 -3 2 -8 1
0.670157 0.666667 9.2546 8.99739 -0.918423 -3 2 -8 1
0.670157 0.7 4.6273 4.49869 -0.918423 -3 2 -8 1
0.721676 0.733333 17.7548 9.31456 -0.134738 -3 2 -8 1
0.721676 0.7 8.87741 4.65728 -0.134738 -3 2 -8 1
0.746404 0.766667 20.9828 8.3069 0.29221 -3 2 -8 1
0.746404 0.733333 10.4914 4.15345 0.29221 -3 2 -8 1
0.758274 0.766667 15.0942 7.75854 0.833768 -3 2 -8 1
0.758274 0.7 7.5471 3.87927 0.833768 -3 2 -8 1
0.485295 0.7 14.5133 0.689636 0.667014 -8 2 -8 1
0.485295 0.666667 7.25665 0.344818 0.667014 -8 2 -8 1
0.310589 0.7 13.3939 2.44514 0.333611 -8 2 -8 1
0.310589 0.666667 6.69697 1.22257 0.333611 -8 2 -8 1
0.198777 0.7 14.0729 3.11128 -0.333111 -9 2 -8 1
0.198777 0.666667 7.03646 1.55564 -0.333111 -9 2 -8 1
0.127217 0.7 13.8123 -2.97218 -1.66649 -10 2 -8 1
0.127217 0.7 6.90617 -1.48609 -1.66649 -10 2 -8 1
0.0814191 0.7 24.0781 -5.79986 1.26681 -9 2 -8 1
0.0814191 0.7 12.039 -2.89993 1.26681 -9 2 -8 1
0.0521082 0.733333 15.0039 -3.15451 -1.98655 -12 2 -8 1
0.0521082 0.7 7.50195 -1.57726 -1.98655 -12 2 -8 1
0.0333492 0.7 13.5707 -2.49317 -0.989242 -9 1 -2 1
0.0333492 0.733333 6.78535 -1.24659 -0.989242 -9 1 -2 1
0.0213435 0.733333 12.7677 3.12671 1.20861 -12 1 -2 1
0.0213435 0.7 6.38384 1.56335 1.20861 -12 1 -2 1
0.0136598 0.733333 12.5669 -1.59928 -1.03312 -18 1 -8 1
0.0136598 0.666667 6.28346 -0.799638 -1.03312 -18 1 -8 1
0.405245 0.7 -21.8583 -25.3998 1.77351 -18 1 -8 1
0.405245 0.666667 -10.9291 -12.6999 1.77351 -18 1 -8 1
0.324196 0.666667 -2.21782 -7.59995 1.41881 -19 1 -8 1
0.324196 0.6 -1.10891 -3.79998 1.41881 -19 1 -8 1
0.207486 0.666667 3.52888 -4.87618 -1.26495 -23 2 -14 1
0.207486 0.666667 1.76444 -2.43809 -1.26495 -23 2 -14 1
0.132791 0.733333 9.47597 -3.71904 0.788036 -19 1 -7 1
0.132791 0.666667 4.73798 -1.85952 0.788036 -19 1 -7 1
0.0849861 0.666667 10.9627 -4.05476 0.830429 -27 1 -14 1
0.0849861 0.7 5.48137 -2.02738 0.830429 -27 1 -14 1
0.0543911 0.766667 12.1157 0.86131 -0.535657 -31 3 -21 1
0.0543911 0.733333 6.05784 0.430655 -0.535657 -31 3 -21 1
0.426108 0.733333 15.9077 6.19359 -0.428526 6 9 40 1
0.426108 0.7 7.95385 3.09679 -0.428526 6 9 40 1
0.272709 0.766667 13.8254 -0.326603 1.05718 8 12 46 1
0.272709 0.733333 6.91271 -0.163301 1.05718 8 12 46 1
0.174534 0.7 -4.24961 -1.32624 0.0457437 -13 21 -64 1
0.174534 0.7 -2.12481 -0.663119 0.0457437 -13 21 -64 1
0.467021 0.7 -26.0624 -25.3316 1.03659 -13 21 -64 1
0.467021 0.666667 -13.0312 -12.6658 1.03659 -13 21 -64 1
0.373617 0.7 3.25002 -10.0829 -2.17072 -12 21 -64 1
0.373617 0.633333 1.62501 -5.04144 -2.17072 -12 21 -64 1
0.239115 0.633333 -8.75781 -2.81834 -1.53658 -12 21 -64 1
0.239115 0.6 -4.3789 -1.40917 -1.53658 -12 21 -64 1
0.153033 0.633333 -9.41601 -3.38316 0.170737 -12 21 -64 1
0.153033 0.633333 -4.70801 -1.69158 0.170737 -12 21 -64 1
0.0979414 0.7 2.021 -3.11852 1.33659 -11 21 -65 1
0.0979414 0.666667 1.0105 -1.55926 1.33659 -11 21 -65 1
0.0626825 0.733333 -9.06506 -1.07725 -1.93073 -11 21 -65 1
0.0626825 0.7 -4.53253 -0.538624 -1.93073 -11 21 -65 1
0.0401168 0.766667 -10.2741 -1.75741 -0.344583 -10 21 -65 1
0.0401168 0.766667 -5.13704 -0.878704 -0.344583 -10 21 -65 1
0.0256747 0.733333 17.372 -4.60602 -0.475666 -10 21 -65 1
0.0256747 0.766667 8.68598 -2.30301 -0.475666 -10 21 -65 1
0.0164318 0.8 -0.418916 -4.1277 1.81947 -9 20 -64 1
0.0164318 0.733333 -0.209458 -2.06385 1.81947 -9 20 -64 1
0.0105164 0.766667 -20.4172 -1.03192 -0.344426 -8 20 -64 1
0.0105164 0.7 -10.2086 -0.515962 -0.344426 -8 20 -64 1
0.00673048 0.7 -24.4965 -2.10635 1.52446 -11 28 -76 1
0.00673048 0.666667 -12.2483 -1.05318 1.52446 -11 28 -76 1
0.00430751 0.666667 -1.95747 -3.02659 1.01957 -11 28 -76 1
0.00430751 0.633333 -0.978734 -1.51329 1.01957 -11 28 -76 1
0.0027568 0.7 8.49501 -1.94712 0.0156537 -7 20 -64 1
0.0027568 0.666667 4.2475 -0.973562 0.0156537 -7 20 -64 1
0.640794 0.7 -22.8762 -25.4868 0.812523 -7 20 -64 1
0.640794 0.7 -11.4381 -12.7434 0.812523 -7 20 -64 1
0.512635 0.733333 -6.34406 -6.9967 0.650018 -6 20 -64 1
0.512635 0.7 -3.17203 -3.49835 0.650018 -6 20 -64 1
0.328087 0.733333 -21.4156 -2.37417 0.520015 -6 20 -64 1
0.328087 0.733333 -10.7078 -1.18709 0.520015 -6 20 -64 1
0.209975 0.766667 -1.33603 -3.09354 0.616012 -9 28 -76 1
0.209975 0.7 -0.668017 -1.54677 0.616012 -9 28 -76 1
0.134384 0.733333 -0.959008 -3.89839 0.292809 -8 28 -76 1
0.134384 0.7 -0.479504 -1.94919 0.292809 -8 28 -76 1
0.0860059 0.733333 10.3071 -1.5996 -0.565753 -8 28 -76 1
0.0860059 0.666667 5.15356 -0.799798 -0.565753 -8 28 -76 1
0.441283 0.666667 -12.7804 9.38271 -2.2526 -6 29 -78 1
0.441283 0.6 -6.39018 4.69135 -2.2526 -6 29 -78 1
0.611816 0.666667 -28.1951 -22.6543 -2.2526 -7 19 -65 1
0.611816 0.6 -14.0975 -11.3272 -2.2526 -7 19 -65 1
0.391562 0.6 -32.0488 -27.4027 -2.20208 -6 34 -85 1
0.391562 0.6 -16.0244 -13.7014 -2.20208 -6 34 -85 1
0.2506 0.666667 -15.3447 -6.47715 -1.16167 -3 30 -80 1
0.2506 0.6 -7.67235 -3.23858 -1.16167 -3 30 -80 1
0.160384 0.666667 -12.7647 1.0981 -1.12933 4 19 -66 1
0.102646 0.6 -9.6912 1.63601 -0.703466 -65 -6 -30 1
0.0656932 0.633333 -14.9967 -4.1378 1.03723 -12 10 55 1
0.425226 0.566667 -32.4984 -27.0689 -0.770218 -12 10 55 1
0.604109 0.6 -41.2492 -38.5345 -3.01617 -12 10 55 1
0.483287 0.533333 -45.6246 -44.2672 -3.01617 -12 10 55 1
0.309304 0.6 -47.8123 -47.1336 -3.01617 -12 10 55 1
0.309304 0.6 -48.9061 -23.5668 -3.01617 -12 10 55 1
0.557482 0.6 -49.4531 -36.7834 -3.01617 -12 10 55 1
0.557482 0.6 -24.7265 -18.3917 -3.01617 -12 10 55 1
0.356788 0.7 -37.3633 -34.1959 -3.01617 -12 10 55 1
0.228344 0.633333 -33.6111 -15.4182 0.18706 -12 10 55 1
0.487684 0.666667 -41.8056 -32.7091 0.18706 4 23 -71 1
0.487684 0.666667 -20.9028 -16.3546 0.18706 4 23 -71 1
0.692611 0.7 -35.4514 -33.1773 0.18706 4 23 -71 1
0.443271 0.633333 -42.7257 -41.5886 0.18706 4 23 -71 1
0.283693 0.7 -31.1321 -25.2931 0.18706 4 23 -71 1
0.181564 0.666667 2.57912 -21.3965 0.18706 4 23 -71 1
0.116201 0.7 -16.2104 -2.14564 -1.05035 4 23 -71 1
0.0743685 0.633333 -15.0627 7.56965 1.75972 -8 19 65 1
0.428558 0.7 -32.5313 -21.2152 0.607775 4 28 -77 1
0.342846 0.6 -7.28129 -1.23259 0.48622 4 28 -77 1
0.219421 0.6 4.99031 6.62055 0.188976 3 28 -77 1
0.14043 0.633333 16.6071 0.185274 -0.0488192 3 28 -77 1
0.089875 0.566667 7.67857 -0.532363 0.560945 3 28 -77 1
0.089875 0.6 3.83929 -0.266181 0.560945 3 28 -77 1
0.05752 0.666667 14.0409 1.00327 -0.951244 3 27 -77 1
0.05752 0.633333 7.02043 0.501636 -0.951244 3 27 -77 1
0.0368128 0.6 -21.4898 -24.7492 -0.951244 1 20 -67 1
0.0368128 0.666667 -10.7449 -12.3746 -0.951244 1 20 -67 1
0.0235602 0.633333 4.00255 2.50836 -1.561 1 24 -71 1
0.0235602 0.633333 2.00128 1.25418 -1.561 1 24 -71 1
0.0150785 0.633333 9.59439 2.4128 -1.8488 -3 31 -80 1
0.0150785 0.6 4.79719 1.2064 -1.8488 -3 31 -80 1
0.00965026 0.666667 12.1642 1.79368 -1.87904 -5 35 -86 1
0.00965026 0.633333 6.08211 0.896839 -1.87904 -5 35 -86 1
0.00617616 0.666667 12.8067 -6.0992 -0.30323 -5 31 -81 1
0.00617616 0.6 6.40334 -3.0496 -0.30323 -5 31 -81 1
0.00395274 0.666667 11.7954 -0.334324 2.75742 -2 23 -71 1
0.00395274 0.6 5.89771 -0.167162 2.75742 -2 23 -71 1
0.00252976 0.666667 -1.34802 -0.678819 2.20593 -3 23 -71 1
0.00252976 0.6 -0.67401 -0.33941 2.20593 -3 23 -71 1
0.00161904 0.6 9.42862 -5.85152 -0.435254 -4 26 -76 1
0.00161904 0.6 4.71431 -2.92576 -0.435254 -4 26 -76 1
0.00103619 0.633333 11.3415 -5.03431 1.4518 -4 25 -75 1
0.00103619 0.6 5.67077 -2.51715 1.4518 -4 25 -75 1
0.400497 0.666667 11.4291 -2.03983 1.76144 -3 23 -72 1
0.553791 0.633333 -19.2854 -26.0199 1.80915 -4 29 -80 1
0.66582 0.633333 -34.6427 -38.01 0.24732 -4 29 -80 1
0.719593 0.633333 -42.3214 -44.005 -2.40214 -3 29 -80 1
0.719593 0.6 -21.1607 -22.0025 -2.40214 -3 29 -80 1
0.831756 0.633333 -2.62579 -9.86488 1.67828 1 22 -71 1
0.532324 0.633333 16.3954 -5.34911 1.54263 2 21 -70 1
0.793309 0.6 -16.8023 -27.6746 1.6341 2 22 -71 1
0.780788 0.533333 -33.4011 -38.8373 -0.692718 2 22 -71 1
0.624631 0.6 -10.249 -18.3157 -1.55417 3 21 -70 1
0.639858 0.566667 -30.1245 -34.1578 1.15666 3 21 -70 1
0.511887 0.6 -7.97891 -18.3289 1.12533 3 21 -70 1
0.327607 0.6 6.30467 -13.9264 -1.49974 3 22 -72 1
0.327607 0.6 3.15233 -6.96318 -1.49974 3 22 -72 1
0.209669 0.666667 7.13172 -3.89826 1.60021 3 21 -70 1
0.480513 0.6 -21.4341 -26.9491 1.48017 3 21 -70 1
0.38441 0.633333 -4.46707 -15.0371 0.784135 3 21 -70 1
0.246023 0.566667 1.58591 -12.3796 0.827308 3 21 -70 1
0.157454 0.633333 6.00129 -9.07444 0.461846 3 21 -70 1
0.100771 0.6 7.63027 -6.38907 0.569477 3 21 -71 1
0.438696 0.633333 -21.1849 -28.1945 -2.94442 3 21 -71 1
0.350957 0.566667 -5.3505 -15.3069 0.844465 3 21 -71 1
0.224612 0.633333 2.68189 -9.37761 1.07557 3 21 -71 1
0.143752 0.566667 -3.75165 -6.07769 0.460458 3 20 -70 1
0.0920012 0.6 3.806 -5.69036 -2.63163 3 20 -70 1
0.0588808 0.6 20.653 -4.92851 -1.50531 3 20 -70 1
0.0376837 0.6 15.6295 -4.54759 1.39575 3 20 -70 1
0.0241176 0.566667 10.9398 -2.7738 1.1166 3 20 -70 1
0.0154352 0.633333 10.9846 -1.8869 -2.30672 3 21 -72 1
0.00987855 0.566667 8.5226 0.0982178 1.35463 3 21 -72 1
0.404742 0.6 7.57012 -1.90402 -2.1163 2 25 -77 1
0.259035 0.566667 8.07078 -0.594865 1.30696 4 21 -71 1
0.165782 0.6 1.40381 6.70257 -0.554431 3 24 -77 1
0.106101 0.566667 -3.17741 2.48921 -2.04355 3 25 -77 1
0.0679044 0.6 -10.1825 1.83985 -0.234836 4 25 -77 1
0.0679044 0.566667 -5.09123 0.919923 -0.234836 4 25 -77 1
0.0434588 0.666667 12.1865 -2.84886 -1.38787 3 25 -77 1
0.416688 0.6 -18.9067 -26.4244 1.68971 4 25 -77 1
0.333351 0.6 -16.8063 -5.25767 1.75176 4 24 -77 1
0.528007 0.533333 -33.4032 -27.6288 -1.79859 4 25 -77 1
0.422405 0.6 -23.2233 -13.0568 1.36113 4 25 -77 1
0.270339 0.6 -3.65711 -6.52842 -1.7111 5 25 -77 1
0.173017 0.6 6.37457 -3.26421 1.43112 5 25 -77 1
0.483048 0.6 9.2984 -1.63211 1.1449 -37 -12 20 1
0.585491 0.6 -20.3508 -25.8161 -0.884082 -37 -12 20 1
0.751294 0.6 -1.75149 -10.4887 -1.70727 -38 -12 20 1
0.480828 0.566667 9.73032 -6.33129 -0.765812 -38 -12 20 1
0.480828 0.6 4.86516 -3.16565 -0.765812 -38 -12 20 1
0.584638 0.633333 -22.5674 -26.5828 -0.21265 -38 -12 20 1
0.46771 0.6 -18.9897 -8.91641 -0.37012 -39 -13 20 1
0.46771 0.6 -9.49484 -4.45821 -0.37012 -39 -13 20 1
0.774701 0.633333 -29.7474 -27.2291 -0.37012 -12 12 61 1
0.771856 0.633333 -39.8737 -38.6146 0.703904 -8 21 71 1
0.771856 0.6 -19.9369 -19.3073 0.703904 -8 21 71 1
0.617485 0.7 -1.50069 -15.0108 -0.836877 -18 6 49 1
0.617485 0.666667 -0.750343 -7.50539 -0.836877 -18 6 49 1
0.637114 0.7 -25.3752 -28.7527 0.730499 -18 6 49 1
0.637114 0.666667 -12.6876 -14.3763 0.730499 -18 6 49 1
0.705815 0.666667 -31.3438 -32.1882 0.784399 -16 9 55 1
0.705815 0.633333 -15.6719 -16.0941 0.784399 -16 9 55 1
0.564652 0.633333 -12.9141 -6.85657 0.827519 -17 9 55 1
0.564652 0.6 -6.45704 -3.42828 0.827519 -17 9 55 1
0.361377 0.633333 -8.06723 -1.71414 -0.337985 -18 8 55 1
0.361377 0.6 -4.03361 -0.857071 -0.337985 -18 8 55 1
0.231281 0.666667 -8.65743 -0.428535 1.12961 -11 22 71 1
0.231281 0.633333 -4.32872 -0.214268 1.12961 -11 22 71 1
0.14802 0.666667 -9.30722 -7.24999 0.10369 -11 22 71 1
0.14802 0.666667 -4.65361 -3.625 0.10369 -11 22 71 1
0.0947329 0.733333 -2.9518 -6.1875 1.68295 -11 21 71 1
0.0947329 0.666667 -1.4759 -3.09375 1.68295 -11 21 71 1
0.436377 0.7 -25.738 -26.5469 0.346361 -10 21 71 1
0.436377 0.633333 -12.869 -13.2734 0.346361 -10 21 71 1
0.609461 0.666667 -31.4345 -31.6367 -6.12291 -43 -16 20 1
0.487569 0.6 -9.88391 -17.0684 2.30167 -43 -17 20 1
0.312044 0.6 1.30804 -8.14355 0.641337 -44 -18 20 1
0.729869 0.533333 -24.346 -29.0718 1.71307 -44 -18 20 1
0.750337 0.6 -37.173 -39.5359 1.37046 -45 -19 20 1
0.60027 0.533333 -33.1698 -22.8929 1.09636 -46 -20 20 1
0.384173 0.6 -8.49668 -11.8141 -0.322908 -46 -19 20 1
0.547522 0.6 -29.2483 -30.9071 0.941673 -45 -18 20 1
0.438018 0.6 -19.8325 -15.0503 0.753339 -13 16 65 1
0.280331 0.633333 9.35458 -7.52515 0.602671 -13 16 65 1
0.507647 0.6 -20.3227 -28.7626 0.482137 -13 16 65 1
0.643671 0.666667 -35.1614 -39.3813 0.185709 -11 20 71 1
0.514937 0.6 -20.7057 -26.5656 -0.851432 -11 20 71 1
0.514937 0.6 -10.3528 -13.2828 -0.851432 -11 20 71 1
0.597736 0.7 -30.1764 -31.6414 0.318854 -45 -19 20 1
0.478189 0.633333 -11.0441 -16.1884 0.255083 -45 -19 20 1
0.777718 0.6 -30.522 -33.0942 0.404067 -44 -18 20 1
0.622175 0.6 -20.7298 -17.3283 0.323253 -45 -19 20 1
0.698644 0.6 -5.78155 -8.66417 -2.3414 -45 -19 20 1
0.668279 0.566667 -27.8908 -29.3321 -2.07312 -45 -19 20 1
0.720774 0.6 -38.9454 -39.666 1.14151 -45 -19 20 1
0.576619 0.533333 -25.9944 -20.6143 0.713205 -45 -20 20 1
0.806066 0.6 -37.9972 -35.3071 0.970564 -45 -19 20 1
0.644853 0.566667 -24.881 -15.08 0.376451 -46 -21 20 1
0.412706 0.6 -6.92577 -7.54002 0.501161 -46 -20 20 1
0.758859 0.566667 -28.4629 -28.77 0.600929 -46 -20 20 1
0.607087 0.6 -7.80287 -13.6707 0.0807429 -17 9 61 1
0.633122 0.6 -28.9014 -31.8354 0.264594 -17 9 61 1
0.703898 0.6 -39.4507 -40.9177 0.411675 -13 19 71 1
0.563119 0.6 -17.1392 -21.7519 0.12934 -13 19 71 1
0.616238 0.633333 -33.5696 -35.876 0.103472 -13 19 71 1
0.49299 0.566667 -21.5262 -17.507 0.0827778 -18 9 61 1
0.315514 0.6 -15.5425 -6.17995 0.0662223 -18 9 61 1
0.521157 0.566667 -32.7712 -28.09 -0.147022 -18 9 61 1
0.416926 0.6 -12.0999 -14.045 -0.117618 -14 19 71 1
0.266833 0.6 -0.581205 -7.59068 -2.09409 -14 19 71 1
0.266833 0.666667 -0.290602 -3.79534 -2.09409 -14 19 71 1
0.170773 0.666667 3.89882 -3.00061 0.524725 -18 10 62 1
0.109295 0.666667 5.99353 0.33793 0.21978 -14 19 71 1
0.0699485 0.666667 -2.60669 -2.41724 0.375824 -14 19 71 1
0.42686 0.7 -26.3033 -26.2086 0.500659 -14 19 71 1
0.341488 0.7 -17.616 -13.4615 0.200527 -14 19 71 1
0.218552 0.7 -5.49915 -6.73073 0.360422 -14 19 71 1
0.139874 0.633333 2.02983 -2.99772 -0.311663 -14 19 71 1
0.453711 0.633333 -23.9851 -26.4989 0.15067 -15 19 71 1
0.362969 0.566667 -8.77826 -13.2494 0.120536 -15 19 71 1
0.2323 0.6 -1.47246 -6.20805 0.0964287 -15 19 71 1
0.148672 0.566667 3.95127 -4.2759 0.077143 -15 19 71 1
0.0951502 0.6 5.90421 -2.13795 0.0617144 -15 19 71 1
0.0608961 0.533333 9.2021 -1.80427 -1.75063 -15 19 71 1
0.423384 0.6 -20.3989 -25.9021 0.399497 -15 19 71 1
0.65403 0.533333 -3.94947 -13.6864 0.119598 -53 -28 20 1
0.418579 0.6 4.27526 -7.21083 -0.104322 -54 -29 20 1
0.560735 0.533333 -22.8624 -28.6054 0.316543 -54 -29 20 1
0.448588 0.6 -6.88573 -15.4391 0.0532341 -54 -29 20 1
0.615322 0.566667 -6.28377 -7.3817 0.0425872 -54 -29 20 1
0.393806 0.6 -8.57667 -5.47656 0.23407 -54 -29 20 1
0.589027 0.566667 -9.97015 -2.73828 -0.0127442 -16 19 71 1
0.376977 0.6 6.17195 -4.49414 -2.0102 -16 19 71 1
0.376977 0.566667 3.08597 -2.24707 -2.0102 -16 19 71 1
0.241265 0.633333 7.09854 -2.7902 -2.0102 -55 -30 20 1
0.515807 0.633333 14.6906 1.02425 0.191844 -55 -30 20 1
0.647588 0.6 17.1857 6.56051 -0.846525 -56 -32 20 1
0.710842 0.6 16.4054 5.62401 0.52278 -56 -32 20 1
0.454939 0.633333 18.0431 7.10888 0.218224 -56 -32 20 1
0.618371 0.6 19.4382 5.89819 0.174579 -56 -32 20 1
0.818091 0.633333 -15.2809 -22.0509 -0.660337 -56 -32 20 1
0.890854 0.6 2.46594 -8.6817 0.271731 -56 -32 20 1
0.82761 0.633333 11.6053 0.901084 -0.782615 -57 -33 20 1
0.797253 0.633333 15.4381 3.18492 0.373908 -57 -33 20 1
0.782681 0.666667 15.4318 6.43117 -0.500874 -57 -33 20 1
0.865412 0.633333 -17.2841 -21.7844 0.599301 -57 -33 20 1
0.69233 0.666667 -1.41983 -9.64221 0.679441 -57 -33 20 1
0.732318 0.633333 5.54009 -6.03078 0.143553 -57 -33 20 1
0.468684 0.666667 6.54911 -1.72229 0.514842 -57 -33 20 1
0.624968 0.633333 9.10789 -0.861144 0.211874 -57 -33 20 1
0.39998 0.666667 10.9428 -2.09724 -0.0305011 -58 -35 20 1
0.255987 0.666667 -19.5286 1.22411 -2.8244 -18 18 71 1
0.255987 0.666667 -9.76429 0.612054 -2.8244 -18 18 71 1
0.163832 0.666667 5.53993 1.4965 -2.65952 -58 -35 20 1
0.163832 0.666667 2.76997 0.748252 -2.65952 -58 -35 20 1
0.104852 0.666667 11.7251 5.26543 -1.32762 -59 -36 20 1
0.104852 0.633333 5.86253 2.63272 -1.32762 -59 -36 20 1
0.670197 0.7 -22.0687 -23.6836 1.53791 -58 -35 20 1
0.721695 0.7 -36.0344 -36.8418 -0.569674 -60 -38 20 1
0.721695 0.633333 -18.0172 -18.4209 -0.569674 -60 -38 20 1
0.577356 0.633333 -0.571953 -7.58002 -2.05574 -59 -36 20 1
0.577356 0.666667 -0.285976 -3.79001 -2.05574 -59 -36 20 1
0.369508 0.666667 12.0638 5.71369 -2.04459 -60 -37 20 1
0.369508 0.633333 6.03188 2.85685 -2.04459 -60 -37 20 1
0.577364 0.633333 -10.9897 2.94357 -2.43567 -19 17 71 1
0.577364 0.6 -5.49483 1.47179 -2.43567 -19 17 71 1
0.369513 0.633333 0.46687 6.17068 -0.548539 -60 -37 20 1
0.369513 0.633333 0.233435 3.08534 -0.548539 -60 -37 20 1
0.236488 0.7 5.3945 6.126 2.76117 -59 -36 20 1
0.513514 0.633333 6.15469 4.6255 2.00894 -59 -36 20 1
0.646487 0.666667 7.86458 7.00025 0.207148 -60 -38 20 1
0.710314 0.633333 6.79687 5.06263 1.56572 -59 -36 20 1
0.740951 0.666667 8.18567 8.98293 1.25257 -60 -38 20 1
0.755656 0.633333 7.81624 6.83521 1.00206 -60 -38 20 1
0.762715 0.666667 8.96131 8.10511 -0.398352 -60 -38 20 1
0.859662 0.633333 -20.5193 -20.9474 0.881318 -60 -38 20 1
0.915797 0.666667 0.417411 -8.12997 0.705055 -61 -39 20 1
0.58611 0.7 14.0636 0.282839 -2.63596 -61 -39 20 1
0.58611 0.7 7.0318 0.14142 -2.63596 -61 -39 20 1
0.375111 0.733333 -10.1205 6.04897 -1.90877 -61 -39 20 1
0.375111 0.733333 -5.06023 3.02449 -1.90877 -61 -39 20 1
0.240071 0.733333 12.2426 2.80535 1.67299 -60 -38 20 1
0.492187 0.7 -18.8787 -23.5973 1.33839 -60 -38 20 1
0.39375 0.7 -0.411569 -11.7987 0.670712 -61 -39 20 1
0.5512 0.666667 -25.2058 -30.8993 0.73657 -61 -39 20 1
0.44096 0.7 -5.34483 -14.9062 0.789256 -61 -39 20 1
0.282214 0.633333 -8.35423 -5.72896 -1.1686 -61 -39 20 1
0.50837 0.666667 -29.1771 -27.8645 -1.53488 -61 -39 20 1
0.644018 0.633333 -39.5886 -38.9322 -0.827901 -61 -39 20 1
0.515214 0.6 -15.3588 -18.2564 1.33768 -61 -40 20 1
0.597842 0.6 -32.6794 -34.1282 1.07014 -61 -40 20 1
0.478274 0.6 -19.788 -15.771 0.856115 -61 -40 20 1
0.583657 0.6 -34.894 -32.8855 0.684892 -62 -41 20 1
0.466926 0.633333 -20.7079 -16.7999 0.547913 -62 -41 20 1
0.5793 0.6 -35.3539 -33.3999 0.838331 -62 -41 20 1
0.74758 0.6 -20.5179 -15.1848 0.0706646 -62 -41 20 1
0.478451 0.6 -7.13394 -5.8563 0.0565317 -62 -41 20 1
0.306209 0.6 1.07589 0.748321 0.245225 -62 -41 20 1
0.517584 0.6 -24.4621 -24.6258 0.19618 -62 -41 20 1
0.64844 0.633333 -37.231 -37.3129 0.156944 -62 -41 20 1
0.518752 0.566667 -12.5441 -17.585 -0.274445 -62 -41 20 1
0.599201 0.6 -31.272 -33.7925 0.180444 -62 -41 20 1
0.687616 0.566667 -40.636 -41.8963 0.344355 -62 -41 20 1
0.550093 0.6 -13.8894 -16.6624 0.0754844 -63 -42 21 1
0.611236 0.533333 -31.9447 -33.3312 0.460387 -63 -42 21 1
0.693393 0.6 -40.9724 -41.6656 -0.03169 -25 9 67 1
0.554715 0.566667 -15.6392 -20.4422 -0.225352 -23 19 78 1
0.61301 0.633333 -32.8196 -35.2211 0.0197184 -25 9 67 1
0.694245 0.633333 -41.4098 -42.6105 -0.184225 -25 9 67 1
0.555396 0.633333 -14.0643 -24.2815 -1.94738 -25 9 67 1
0.555396 0.633333 -7.03214 -12.1407 -1.94738 -25 9 67 1
0.613272 0.633333 -28.5161 -31.0704 0.442096 -25 9 67 1
0.490618 0.666667 -19.9723 -9.55692 0.353677 -25 9 66 1
0.781298 0.633333 -34.9862 -29.7785 0.482941 -25 9 67 1
0.775023 0.6 -42.4931 -39.8892 -0.0136469 -25 9 67 1
0.620018 0.6 -35.6598 -19.4817 -0.410918 -24 19 78 1
0.638087 0.566667 -42.8299 -34.7408 0.271266 -23 16 71 1
0.51047 0.633333 -14.7973 -19.2086 -2.18299 -26 8 67 1
0.59602 0.6 -32.3987 -34.6043 0.85361 -26 8 67 1
0.476816 0.633333 -23.2645 -16.9234 0.282888 -26 8 67 1
0.305162 0.633333 -21.6702 -6.47305 -2.37369 -26 8 67 1
0.305162 0.633333 -10.8351 -3.23653 -2.37369 -26 8 67 1
0.727887 0.666667 -30.4175 -26.6183 0.901048 -26 8 67 1
0.902039 0.666667 -40.2088 -38.3091 0.720839 -26 8 67 1
0.941224 0.633333 -9.50656 -15.9288 -1.62333 -26 8 67 1
0.851787 0.666667 4.3613 -1.49886 0.701337 -26 8 67 1
0.545144 0.666667 11.2952 1.59432 -2.23893 -27 8 67 1
0.661669 0.666667 13.7205 7.52793 -2.23893 -27 8 67 1
0.717601 0.666667 13.8915 6.49834 1.00886 -27 8 67 1
0.744449 0.633333 10.852 8.71792 -0.992916 -27 8 67 1
0.757335 0.666667 9.76274 10.8404 -0.992916 -27 8 67 1
0.484695 0.633333 1.34876 8.2428 1.00567 -27 8 67 1
0.310205 0.633333 3.86587 9.36334 -0.595466 -27 8 67 1
0.548898 0.6 7.88532 10.9317 -0.595466 -27 8 67 1
0.663471 0.566667 6.93179 9.49809 -0.676373 -27 8 67 1
0.654773 0.566667 -21.5341 -20.251 0.658902 -27 7 67 1
0.792864 0.6 -14.1004 -6.37548 0.727121 -27 8 67 1
0.780575 0.566667 -4.65658 0.84452 -0.618303 -27 8 68 1
0.774676 0.6 4.21933 7.56512 -0.618303 -27 8 67 1
0.771844 0.6 -0.549909 11.0406 0.905358 -27 8 68 1
0.770485 0.6 5.08219 14.4489 0.524286 -27 8 67 1
0.695866 0.6 -22.4589 -17.7756 0.219429 -28 7 67 1
0.890512 0.6 -36.2295 -33.8878 0.575543 -28 7 67 1
0.934307 0.6 -8.2743 -14.9278 -2.93957 -28 7 67 1
0.597957 0.6 0.0295162 9.08024 0.248348 -28 7 67 1
0.812212 0.6 -24.9852 -20.4599 -1.00132 -28 7 67 1
0.887327 0.6 -5.95853 -7.64373 -0.201058 -28 7 67 1
0.89555 0.666667 -27.9793 -28.8219 -1.16085 -28 7 67 1
0.71644 0.666667 -8.93011 -12.6252 1.67132 -28 7 67 1
0.675113 0.6 -29.4651 -31.3126 1.33706 -28 7 67 1
0.724054 0.666667 -39.7325 -40.6563 1.06965 -28 7 67 1
0.579243 0.6 -12.5133 -20.3282 -2.74428 -28 8 68 1
0.370716 0.6 9.21953 -10.9453 1.20457 -28 7 67 1
0.746766 0.633333 -20.3902 -30.4727 1.16366 -28 7 67 1
0.597413 0.6 -4.09756 -13.4506 0.530927 -28 7 67 1
0.629407 0.6 -27.0488 -31.7253 1.02474 -28 7 67 1
0.503525 0.6 -23.7394 -16.696 -1.38021 -28 8 68 1
0.503525 0.6 -11.8697 -8.34799 -1.38021 -28 8 68 1
0.593354 0.633333 -30.9349 -29.174 0.895835 -28 7 67 1
0.474683 0.633333 -20.1549 -12.6339 0.516668 -28 7 67 1
0.303797 0.6 -7.39889 -4.61239 0.413334 -28 7 67 1
0.19443 0.566667 -6.71669 -0.791044 -0.669333 -28 10 69 1
0.124435 0.6 -5.53226 -1.48248 0.664534 -28 10 69 1
0.447783 0.533333 -27.7661 -25.7412 0.531627 -28 10 69 1
0.614936 0.6 -38.8831 -37.8706 -0.174698 -28 9 69 1
0.695169 0.533333 -44.4415 -43.9353 0.460241 -28 10 69 1
0.733681 0.6 -47.2208 -46.9677 -1.03181 -28 9 69 1
0.752167 0.533333 -48.6104 -48.4838 0.574554 -28 10 69 1
0.76104 0.6 -49.3052 -49.2419 0.259644 -28 9 69 1
0.765299 0.533333 -49.6526 -49.621 0.407715 -28 9 69 1
0.612239 0.6 -25.4513 -24.8105 0.126172 -27 13 72 1
0.612239 0.566667 -12.7256 -12.4052 0.126172 -27 13 72 1
0.6351 0.633333 -31.3628 -31.2026 0.300938 -28 9 69 1
0.50808 0.6 -12.8243 -13.8156 0.04075 -28 9 69 1
0.595103 0.633333 -31.4121 -31.9078 0.2326 -27 14 71 1
0.685649 0.566667 -40.7061 -40.9539 0.18608 -30 6 67 1
0.81139 0.633333 -13.3677 -24.5211 -1.65114 -30 6 67 1
0.519289 0.566667 -12.7184 -12.955 0.479091 -30 6 67 1
0.599407 0.6 -31.3592 -31.4775 0.383273 -30 6 67 1
0.687715 0.6 -40.6796 -40.7387 0.106618 -30 6 67 1
0.550172 0.566667 -25.985 -35.172 -3.51471 -30 6 67 1
0.35211 0.6 -16.5639 -20.5622 0.988236 -30 6 67 1
0.569013 0.533333 -2.87597 -13.1978 0.988236 -30 6 67 1
0.618501 0.6 -26.438 -31.5989 0.790588 -30 6 67 1
0.771101 0.533333 -6.13566 -15.7994 0.432471 -30 6 67 1
0.493504 0.6 15.6822 -9.46222 0.345977 -30 7 68 1
0.782129 0.533333 -17.1589 -29.7311 0.345977 -30 7 68 1
0.625703 0.6 -3.06475 -13.7626 0.276781 -30 6 67 1
0.40045 0.533333 -7.78238 -7.55698 0.0214251 -30 7 68 1
0.553773 0.6 -28.8912 -28.7785 0.0214251 -30 7 68 1
0.443018 0.533333 -22.5338 -6.21617 0.61714 -31 6 67 1
0.283532 0.6 -14.9706 -3.57105 0.293712 -30 7 68 1
0.508876 0.6 -32.4853 -26.7855 0.23497 -31 6 67 1
0.644261 0.566667 -41.2427 -38.3928 0.23497 -31 6 67 1
0.786556 0.6 -9.09197 -22.3214 -2.81202 -31 6 67 1
0.786556 0.533333 -4.54599 -11.1607 -2.81202 -31 6 67 1
0.503396 0.633333 -7.89799 -3.70535 0.550381 -31 6 67 1
0.322174 0.6 -10.9802 -4.23362 -2.1597 -31 6 67 1
0.322174 0.6 -5.49012 -2.11681 -2.1597 -31 6 67 1
0.523715 0.633333 -27.7451 -26.0584 0.872244 -31 6 67 1
0.418972 0.666667 3.18104 -18.4756 -1.30221 -31 6 67 1
0.418972 0.6 1.59052 -9.23782 -1.30221 -31 6 67 1
0.268142 0.666667 6.89991 -4.05073 0.958236 -31 6 67 1
0.502966 0.633333 -21.55 -27.0254 1.16659 -31 6 67 1
0.402373 0.633333 -19.1084 -15.8936 -1.06673 -31 6 68 1
0.402373 0.633333 -9.55418 -7.94682 -1.06673 -31 6 68 1
0.257519 0.666667 -14.3359 -3.97341 -1.06673 -31 6 67 1
0.498887 0.633333 -32.168 -26.9867 0.146617 -31 6 67 1
0.39911 0.633333 -25.7715 -12.8684 -0.882707 -31 6 68 1
0.39911 0.6 -12.8857 -6.43418 -0.882707 -31 6 68 1
0.553258 0.7 -31.4429 -28.2171 -0.882707 -31 6 67 1
0.665564 0.633333 -40.7214 -39.1085 -0.882707 -31 6 67 1
0.719471 0.633333 -45.3607 -44.5543 0.293835 -31 6 68 1
0.575577 0.566667 -28.1151 -24.9945 1.23507 -31 6 67 1
0.368369 0.6 2.70379 -15.0766 -1.61195 -31 6 68 1
0.368369 0.533333 1.3519 -7.53831 -1.61195 -31 6 68 1
0.541454 0.6 -24.3241 -28.7692 1.31044 -31 6 68 1
0.433163 0.566667 -17.8438 -12.5989 0.848355 -31 6 68 1
0.277224 0.6 -12.1828 -8.47335 0.478684 -31 6 68 1
0.177424 0.6 1.7211 -6.61762 -0.617053 -31 6 68 1
0.177424 0.6 0.860552 -3.30881 -0.617053 -31 6 68 1
0.113551 0.633333 -12.0697 -2.27941 0.906358 -31 6 68 1
0.443604 0.633333 -31.0349 -26.1397 0.725086 -31 6 68 1
0.354883 0.6 -7.92406 -17.4449 -1.01993 -31 6 68 1
0.354883 0.533333 -3.96203 -8.72243 -1.01993 -31 6 68 1
0.536275 0.633333 -26.981 -29.3612 0.584055 -31 6 68 1
0.657412 0.566667 -38.4905 -39.6806 -0.132756 -31 6 68 1
0.794447 0.6 -17.023 -17.757 0.293795 -31 6 68 1
0.705068 0.6 -33.5115 -33.8785 -0.364964 -31 6 68 1
0.823041 0.633333 -10.7898 -16.0772 0.308029 -31 6 68 1
0.526746 0.633333 -14.7384 -5.76586 -1.15358 -31 6 68 1
0.526746 0.633333 -7.36918 -2.88293 -1.15358 -31 6 68 1
0.652838 0.666667 -14.7652 3.73095 0.477139 -31 6 67 1
0.713362 0.666667 -3.40532 4.45168 0.581711 -31 6 68 1
0.673931 0.633333 -26.7027 -22.7742 -0.934631 -31 6 68 1
0.882615 0.633333 -38.3513 -36.3871 0.652295 -31 6 68 1
0.706092 0.666667 -15.009 -9.02687 -0.878164 -31 6 68 1
0.738924 0.666667 -5.23177 -4.51344 0.497469 -31 6 68 1
0.683747 0.7 -27.6159 -27.2567 0.597975 -31 6 68 1
0.546998 0.666667 -10.2365 -10.0569 -1.72162 -31 6 68 1
0.797535 0.666667 -30.1183 -30.0285 0.622704 -31 6 68 1
0.878521 0.666667 -12.5591 -9.45868 0.498163 -31 6 68 1
0.893014 0.666667 -31.2796 -29.7293 0.398531 -31 6 68 1
0.714411 0.6 -23.8469 -10.8874 -0.881176 -31 6 68 1
0.714411 0.6 -11.9234 -5.4437 -0.881176 -31 6 68 1
0.457223 0.633333 -1.79505 -1.05518 0.69506 -31 6 68 1
0.619467 0.633333 -2.68324 -1.42045 0.556048 -31 6 68 1
0.396459 0.6 -6.45526 2.53052 0.444838 -31 6 68 1
0.253734 0.6 -6.74325 0.908115 0.555871 -31 6 68 1
0.16239 0.6 15.8675 2.6862 0.244696 -32 5 67 1
0.103929 0.633333 25.3296 2.68239 0.195757 -32 5 67 1
0.439909 0.6 -12.3352 -23.6588 0.356606 -32 5 67 1
0.663945 0.6 1.44109 -5.37779 -2.51472 -32 5 68 1
0.718694 0.566667 7.78576 2.05248 0.388228 -32 5 68 1
0.744973 0.6 11.5016 4.65527 0.510582 -32 5 68 1
0.757587 0.6 11.6599 3.16097 0.408466 -32 5 68 1
0.763642 0.666667 11.9257 8.06197 0.326773 -32 5 68 1
0.766548 0.666667 16.2889 7.47926 0.061418 -32 5 68 1
0.490591 0.7 19.163 7.48963 0.249134 -32 5 68 1
0.78129 0.7 -15.4185 -21.2552 0.199308 -32 5 68 1
0.775019 0.7 -32.7093 -35.6276 -0.040554 -32 5 68 1
0.620015 0.7 -10.1046 -17.3971 0.567557 -32 5 68 1
0.638086 0.666667 -30.0523 -33.6986 0.0540454 -32 5 68 1
0.510469 0.633333 -7.8833 -12.872 0.0432364 -32 5 68 1
0.787015 0.6 -28.9416 -31.436 0.0345891 -32 5 68 1
0.629612 0.633333 -11.3458 -16.343 -0.172329 -32 5 68 1
0.629612 0.566667 -5.67291 -8.1715 -0.172329 -32 5 68 1
0.402952 0.633333 2.81831 -1.85361 -0.137863 -33 5 68 1
0.75605 0.566667 -23.5908 -25.9268 0.0897096 -33 5 68 1
0.85363 0.6 -20.8318 -12.9634 -0.128232 -33 5 68 1
0.546323 0.533333 -3.79825 -6.4817 -0.302586 -33 5 68 1
0.609788 0.6 -26.8991 -28.2409 -0.0420687 -33 5 68 1
0.48783 0.533333 -5.24644 -12.9486 -0.233655 -33 5 68 1
0.312212 0.6 2.58511 -6.8215 -0.186924 -33 5 68 1
0.199815 0.533333 8.72499 -3.41075 -0.149539 -33 5 68 1
0.127882 0.6 8.77426 -1.33773 0.0803687 -33 5 68 1
0.0818444 0.6 10.2465 0.503011 0.264295 -33 5 68 1
0.0523804 0.533333 14.0518 0.608649 -0.188564 -33 5 68 1
0.0335235 0.6 18.543 -0.945676 -1.55085 -33 5 68 1
0.0335235 0.533333 9.27152 -0.472838 -1.55085 -33 5 68 1
0.021455 0.633333 14.7052 -0.236419 -0.040681 -33 5 68 1
0.410298 0.566667 11.6209 6.3334 0.367455 -33 5 68 1
0.596943 0.6 12.2276 14.8334 0.293964 -33 4 68 1
0.686533 0.533333 13.9709 7.41668 0.435171 -33 5 68 1
0.729536 0.6 13.6031 3.70834 -0.0518629 -33 5 68 1
0.466903 0.566667 12.7539 8.79862 0.15851 -33 6 69 1
0.298818 0.6 11.9325 4.76695 0.326808 -33 5 68 1
0.191243 0.6 10.5117 5.6923 0.261446 -32 10 72 1
0.122396 0.566667 14.0794 2.84615 -0.190843 -32 10 72 1
0.67525 0.6 -17.9603 -23.5769 0.247326 -32 10 72 1
0.5402 0.533333 -0.765867 -11.4313 -0.00213956 -32 10 72 1
0.345728 0.6 7.7053 -6.8186 -0.00171165 -32 9 72 1
0.53276 0.533333 -21.1473 -28.4093 -0.00136932 -32 9 72 1
0.831793 0.6 -35.5737 -39.2047 -3.0011 -32 9 72 1
0.665435 0.6 -13.2729 -19.2551 -1.80088 -32 9 72 1
0.425878 0.6 -2.35076 -6.97604 1.1593 -32 9 72 1
0.563537 0.6 -26.1754 -28.488 0.527439 -32 9 72 1
0.670498 0.566667 -38.0877 -39.244 0.621951 -32 9 72 1
0.721839 0.6 -44.0438 -44.622 0.697561 -32 9 72 1
0.577471 0.533333 -3.96637 -24.186 -2.44195 -32 9 72 1
0.577471 0.6 -1.98318 -12.093 -2.44195 -32 9 72 1
0.621749 0.633333 -25.9916 -31.0465 1.04644 -32 9 72 1
0.497399 0.666667 -18.1094 -16.8625 0.437151 -32 9 72 1
0.783251 0.6 -34.0547 -33.4313 0.749721 -32 9 72 1
0.626601 0.633333 -20.8735 -15.7541 0.399777 -32 9 72 1
0.640615 0.633333 -35.4368 -32.877 0.319821 -33 9 72 1
0.784369 0.633333 -13.8989 -16.0219 0.455857 -33 9 72 1
0.501996 0.633333 -11.6908 -6.96926 0.164686 -33 9 72 1
0.321277 0.633333 1.29743 -3.12749 0.331749 -33 9 72 1
0.732528 0.6 -24.3513 -26.5637 0.265399 -33 9 72 1
0.586022 0.6 -5.74707 -15.7819 0.0123191 -33 9 72 1
0.375054 0.633333 -7.0402 -6.81951 0.209855 -33 9 72 1
0.544021 0.6 -28.5201 -28.4098 -0.0321158 -33 9 72 1
0.66113 0.6 -39.2601 -39.2049 -0.0256926 -33 9 72 1
0.528904 0.666667 -14.1153 -18.531 0.179446 -33 9 72 1
0.338499 0.6 -4.02736 -8.88672 0.143557 -33 9 72 1
0.216639 0.633333 0.720697 -7.56836 -1.68515 -33 7 73 1
0.216639 0.566667 0.360348 -3.78418 -1.68515 -33 7 73 1
0.503987 0.633333 4.528 -0.225423 0.251876 -33 9 72 1
0.785148 0.6 -22.736 -25.1127 0.201501 -33 9 72 1
0.871089 0.6 -8.59022 -8.38969 0.161201 -33 9 72 1
0.734498 0.566667 -29.2951 -29.1948 0.528961 -35 4 68 1
0.587599 0.633333 -18.9333 -13.5105 -2.57683 -33 7 73 1
0.587599 0.566667 -9.46663 -6.75523 -2.57683 -33 7 73 1
0.625638 0.666667 -29.7333 -28.3776 -2.26147 -33 9 72 1
0.625638 0.666667 -14.8667 -14.1888 -2.26147 -33 9 72 1
0.86523 0.7 -32.4333 -32.0944 0.990828 -33 9 72 1
0.692184 0.666667 -8.35952 -11.6994 -2.00734 -33 9 72 1
0.692184 0.666667 -4.17976 -5.84969 -2.00734 -33 9 72 1
0.665799 0.7 -27.0899 -27.9248 -1.00587 -33 9 72 1
0.665799 0.7 -13.5449 -13.9624 -1.00587 -33 9 72 1
0.719583 0.666667 -31.7725 -31.9812 -0.404696 -31 18 77 1
0.719583 0.7 -15.8862 -15.9906 -0.404696 -31 18 77 1
0.575667 0.7 0.116948 -3.64748 -0.323757 -33 9 72 1
0.575667 0.666667 0.0584741 -1.82374 -0.323757 -33 9 72 1
0.621056 0.733333 -24.9708 -25.9119 -2.65901 -34 9 72 1
0.621056 0.7 -12.4854 -12.9559 -2.65901 -34 9 72 1
0.496845 0.733333 3.40017 -0.227967 -2.7272 -31 18 77 1
0.496845 0.733333 1.70008 -0.113984 -2.7272 -31 18 77 1
0.638485 0.733333 7.27861 6.46475 -1.18176 -34 8 72 1
0.638485 0.666667 3.63931 3.23237 -1.18176 -34 8 72 1
0.408631 0.7 11.8197 8.6814 1.05459 -34 9 72 1
0.408631 0.633333 5.90983 4.3407 1.05459 -34 9 72 1
0.596143 0.666667 5.12883 8.42035 2.64367 -35 3 68 1
0.686149 0.633333 7.08569 12.2747 -0.285063 -34 8 72 1
0.729351 0.6 7.90331 11.7408 1.97195 -33 9 72 1
0.750089 0.566667 17.1461 13.4597 1.17756 -34 8 72 1
0.760043 0.633333 11.4376 13.8132 1.54205 -34 8 72 1
0.486427 0.6 11.4331 13.4283 -3.96636 -34 8 72 1
0.486427 0.633333 5.71655 6.71416 -3.96636 -34 8 72 1
0.780091 0.666667 -22.1417 -21.6429 2.02691 -34 8 72 1
0.868055 0.666667 -8.14533 -5.98275 1.42153 -34 8 72 1
0.555555 0.6 4.96631 2.44341 -0.862777 -34 7 73 1
0.555555 0.666667 2.48316 1.2217 -0.862777 -34 7 73 1
0.666666 0.7 4.69902 4.64311 1.30978 -34 7 73 1
0.72 0.7 7.66866 9.98285 1.24782 -34 8 72 1
0.4608 0.7 10.6796 9.45571 0.998258 -34 7 73 1
0.621184 0.666667 18.2304 2.77473 0.598606 -34 8 72 1
0.698168 0.633333 17.3599 4.20995 0.678885 -34 8 72 1
0.446828 0.7 21.8293 4.3777 -0.456892 -34 7 73 1
0.446828 0.666667 10.9146 2.18885 -0.456892 -34 7 73 1
0.614477 0.7 11.562 4.11167 0.634486 -34 8 72 1
0.635959 0.666667 -19.219 -22.9442 0.507589 -34 8 72 1
0.70526 0.633333 -34.6095 -36.4721 0.406071 -34 8 72 1
0.738525 0.6 -42.3048 -43.236 0.324857 -34 8 72 1
0.59082 0.633333 -10.7663 -25.1894 -0.140114 -34 7 73 1
0.59082 0.666667 -5.38317 -12.5947 -0.140114 -34 7 73 1
0.378125 0.733333 3.26079 -4.95808 0.287909 -34 8 72 1
0.242 0.7 6.6304 -2.47904 0.230327 -34 8 72 1
0.492928 0.666667 -21.6848 -26.2395 -0.0157385 -34 8 72 1
0.394342 0.633333 -4.91291 -16.4851 -1.41259 -34 8 72 1
0.551427 0.633333 -27.4565 -33.2426 0.269927 -34 8 72 1
0.441142 0.633333 -5.39489 -18.0102 0.215942 -34 8 72 1
0.569399 0.633333 -27.6974 -34.0051 0.572753 -34 8 72 1
0.455519 0.566667 2.45562 -19.8558 0.0582028 -35 7 73 1
0.291532 0.6 8.01379 -11.1184 -0.153438 -35 6 73 1
0.291532 0.533333 4.00689 -5.55919 -0.153438 -35 6 73 1
0.186581 0.633333 6.17011 -2.40081 0.67725 -35 7 73 1
0.119412 0.6 -0.155684 -2.24207 0.3418 -35 7 73 1
0.0764234 0.6 -2.81222 -0.496035 0.87344 -35 6 73 1
0.0764234 0.566667 -1.40611 -0.248018 0.87344 -35 6 73 1
0.429347 0.666667 -25.7031 -25.124 -0.301248 -35 7 72 1
0.343477 0.633333 -6.2109 -14.2665 0.159001 -35 6 73 1
0.343477 0.633333 -3.10545 -7.13327 0.159001 -35 6 73 1
0.219825 0.666667 -5.58498 -7.21247 0.127201 -35 6 73 1
0.140688 0.633333 -5.52687 -10.2729 -2.69824 -35 6 73 1
0.0900405 0.6 2.59371 -5.9429 -2.35859 -35 6 73 1
0.434576 0.6 -23.7031 -27.9715 -2.08687 -35 6 73 1
0.34766 0.6 -16.1373 -21.1286 1.5305 -35 6 73 1
0.222503 0.6 -19.0061 -11.606 0.624401 -35 6 73 1
0.222503 0.633333 -9.50307 -5.80298 0.624401 -35 6 73 1
0.142402 0.666667 -5.37654 -3.49673 1.09952 -35 6 73 1
0.142402 0.6 -2.68827 -1.74836 1.09952 -35 6 73 1
0.454682 0.666667 -26.3441 -25.8742 0.479617 -35 6 73 1
0.803686 0.6 -38.1721 -37.9371 0.583693 -35 6 73 1
0.642949 0.6 -13.6173 -22.7185 0.0669548 -35 6 73 1
0.642949 0.6 -6.80864 -11.3593 0.0669548 -35 6 73 1
0.411487 0.633333 0.501929 -9.25106 -0.146436 -35 6 73 1
0.411487 0.6 0.250965 -4.62553 -0.146436 -35 6 73 1
0.263352 0.633333 -19.7784 -3.94738 0.682851 -35 6 73 1
0.526409 0.6 -4.33363 -2.32091 0.146281 -35 6 73 1
0.336902 0.6 -7.10102 -4.73189 0.717025 -35 6 73 1
0.52937 0.566667 -28.5505 -27.3659 -0.82638 -35 6 73 1
0.52937 0.6 -14.2753 -13.683 -0.82638 -35 6 73 1
0.654098 0.633333 -32.1376 -31.8415 0.738896 -35 6 73 1
0.792459 0.633333 -21.1614 -18.6985 0.591117 -35 6 73 1
0.507173 0.6 -1.98695 -11.135 -3.12711 -35 6 73 1
0.507173 0.566667 -0.993477 -5.56749 -3.12711 -35 6 73 1
0.786066 0.633333 -25.4967 -27.7837 0.898315 -35 6 73 1
0.922984 0.566667 -37.7484 -38.8919 1.31865 -35 6 73 1
0.972274 0.6 -43.8742 -44.4459 0.454921 -36 6 73 1
0.990019 0.533333 -46.9371 -47.223 0.363937 -36 7 75 1
0.792015 0.6 -22.3574 -18.1948 0.0911497 -36 6 73 1
0.780167 0.533333 -4.03586 -2.40098 0.0729197 -36 6 73 1
0.499307 0.6 -0.26793 4.40296 -0.341664 -36 5 73 1
0.639667 0.533333 1.81048 3.45148 0.126669 -36 6 73 1
0.645632 0.6 -24.0948 -23.2743 -5.69867 -36 6 73 1
0.645632 0.533333 -12.0474 -11.6371 -5.69867 -36 6 73 1
0.787379 0.633333 -4.66499 -3.39921 1.24107 -36 6 73 1
0.777942 0.6 1.74359 3.1391 0.992854 -36 6 73 1
0.773412 0.633333 -7.55212 8.26598 0.594283 -36 6 73 1
0.771238 0.566667 -2.10939 9.54966 0.875427 -36 5 73 1
0.493592 0.633333 1.6627 8.80709 0.500341 -36 6 73 1
0.636924 0.633333 8.71178 8.4358 0.200273 -36 6 73 1
0.705724 0.633333 10.3218 7.13457 -1.83978 -36 6 73 1
0.738747 0.633333 11.6826 5.65062 0.728175 -36 6 73 1
0.754599 0.666667 11.3646 7.56669 -0.0174602 -36 5 73 1
0.482943 0.6 10.4045 2.95001 0.786032 -36 6 73 1
0.58545 0.6 -19.7977 -23.525 -0.771174 -36 6 73 1
0.46836 0.566667 -0.361113 -13.6375 -1.21694 -36 6 73 1
0.46836 0.6 -0.180557 -6.81875 -1.21694 -36 6 73 1
0.57985 0.633333 -25.0903 -28.4094 0.826448 -36 6 73 1
0.46388 0.633333 3.64534 -18.9666 -0.738841 -36 6 73 1
0.46388 0.6 1.82267 -9.4833 -0.738841 -36 6 73 1
0.296883 0.666667 4.5878 -6.21224 0.608927 -36 6 73 1
0.514003 0.633333 -22.7061 -28.1061 1.08714 -36 6 73 1
0.514003 0.633333 -11.353 -14.0531 1.08714 -36 6 73 1
0.411203 0.7 -13.8015 -8.33335 -4.93029 -36 6 73 1
0.411203 0.633333 -6.90076 -4.16667 -4.93029 -36 6 73 1
0.597377 0.633333 10.4482 1.72101 -2.54423 -36 6 73 1
0.597377 0.633333 5.22411 0.860506 -2.54423 -36 6 73 1
0.686741 0.6 13.3263 4.2346 -4.03538 -36 6 73 1
0.686741 0.566667 6.66317 2.1173 -4.03538 -36 6 73 1
0.439514 0.633333 -21.6684 6.68365 0.571693 -36 6 73 1
0.439514 0.6 -10.8342 3.34183 0.571693 -36 6 73 1
0.281289 0.666667 3.58827 -1.45409 1.05735 -36 6 73 1
0.281289 0.6 1.79414 -0.727044 1.05735 -36 6 73 1
0.535019 0.666667 -4.14325 9.41909 -0.154116 -37 6 73 1
0.535019 0.6 -2.07163 4.70954 -0.154116 -37 6 73 1
0.656809 0.666667 4.26722 12.1374 1.87671 -37 6 73 1
0.656809 0.633333 2.13361 6.06869 1.87671 -37 6 73 1
0.420358 0.633333 8.26377 8.46913 -1.09863 -63 -56 46 1
0.420358 0.633333 4.13189 4.23456 -1.09863 -63 -56 46 1
0.761063 0.7 -22.9341 -22.8827 -0.278908 -64 -58 46 1
0.761063 0.633333 -11.467 -11.4414 -0.278908 -64 -58 46 1
0.856638 0.7 -12.1137 -0.285897 -1.62313 -63 -55 46 1
0.856638 0.666667 -6.05686 -0.142948 -1.62313 -63 -55 46 1
0.811186 0.7 -8.10656 6.74671 -0.0985008 -63 -55 46 1
0.811186 0.666667 -4.05328 3.37335 -0.0985008 -63 -55 46 1
0.789369 0.7 6.56711 2.87715 -0.678801 -63 -55 46 1
0.789369 0.666667 3.28356 1.43858 -0.678801 -63 -55 46 1
0.505196 0.733333 6.7199 1.96929 1.65696 -63 -55 46 1
0.505196 0.666667 3.35995 0.984644 1.65696 -63 -55 46 1
0.323326 0.7 12.0172 4.06375 0.125568 -64 -58 46 1
0.323326 0.666667 6.00861 2.03188 0.125568 -64 -58 46 1
0.206928 0.666667 -18.7219 -1.66263 0.700454 -37 6 73 1
0.206928 0.633333 -9.36094 -0.831317 0.700454 -37 6 73 1
0.132434 0.666667 -15.1643 -1.60613 -1.03964 -37 6 73 1
0.132434 0.6 -7.58217 -0.803067 -1.03964 -37 6 73 1
0.0847579 0.666667 3.06375 -2.10608 1.36829 -37 6 73 1
0.0847579 0.633333 1.53188 -1.05304 1.36829 -37 6 73 1
0.054245 0.666667 4.76594 -0.52652 1.49463 -37 6 73 1
0.054245 0.633333 2.38297 -0.26326 1.49463 -37 6 73 1
0.0347168 0.7 10.1969 -4.50663 -3.40429 -37 6 73 1
0.0347168 0.666667 5.09843 -2.25331 -3.40429 -37 6 73 1
0.0222188 0.733333 11.4202 -1.12666 -0.123435 -38 5 73 1
0.0222188 0.666667 5.71009 -0.563329 -0.123435 -38 5 73 1
0.01422 0.666667 16.9957 -3.12257 0.101252 -63 -56 46 1
0.01422 0.633333 8.49784 -1.56129 0.101252 -63 -56 46 1
0.00910081 0.666667 -5.18657 -2.80445 -0.318999 -38 5 73 1
0.00910081 0.633333 -2.59328 -1.40223 -0.318999 -38 5 73 1
0.00582452 0.666667 -10.5708 -2.57611 1.7448 -34 33 90 1
0.00582452 0.6 -5.28542 -1.28806 1.7448 -34 33 90 1
