9 8 2
0.418304 0.8 -0.0568855 0 0.199123 0.338893 0.18191 -0.0144718 0 0
0.267715 0.6 -0.0520656 0 0.173584 0.327781 0.162195 -0.0235774 0 0
0.171337 0.5 -0.0506197 0 0.153962 0.325558 0.126423 -0.0121953 0 0
0.109656 0.6 -0.0501859 0 0.137848 0.320446 0.0978047 -0.0217562 0 0
0.452635 0.7 -0.195889 0 0.120535 0.283024 0.0949105 -0.0540716 0 0
0.289686 0.5 -0.2396 0 0.168809 0.319752 0.0559284 -0.00192398 0 0
0.185399 0.4 -0.252713 0 0.145392 0.242469 0.0547427 0.163794 0 0
0.693395 0.4 -0.256647 0 0.145392 0.242469 0.0547427 0.163794 0 0
0.816037 0.4 -0.257828 0 0.228509 0.193975 0.0437942 0.0350353 0 0
