923 8 2
0.875019 0.4 -0.258182 0 0.228509 0.193975 0.0437942 0.0350353 0 0
0.875019 0.4 -0.258288 0 0.228509 0.193975 0.0437942 0.0350353 0 0
0.875019 0.3 -0.25832 0 0.228509 0.193975 0.0437942 0.0350353 0 0
0.955007 0.4 -0.258329 0 0.228509 0.193975 0.0437942 0.0350353 0 0
0.955007 0.5 -0.258332 0 0.228509 0.193975 0.0437942 0.0350353 0 0
0.983802 0.4 -0.258333 0 0.228509 0.193975 0.0437942 0.0350353 0 0
0.983802 0.4 -0.258333 0 0.228509 0.193975 0.0437942 0.0350353 0 0
0.983802 0.4 -0.258333 0 0.228509 0.193975 0.0437942 0.0350353 0 0
0.983802 0.3 -0.258333 0 0.228509 0.193975 0.0437942 0.0350353 0 0
0.994169 0.1 -0.258333 0 0.228509 0.193975 0.0437942 0.0350353 0 0
0.994169 0.1 -0.258333 0 0.228509 0.193975 0.0437942 0.0350353 0 0
0.994169 0.1 -0.258333 0 0.228509 0.193975 0.0437942 0.0350353 0 0
0.997901 0.2 -0.258333 0 0.228509 0.193975 0.0437942 0.0350353 0 0
0.997901 0.2 -0.258333 0 0.228509 0.193975 0.0437942 0.0350353 0 0
0.997901 0.3 -0.258333 0 0.228509 0.193975 0.0437942 0.0350353 0 0
0.997901 0.2 -0.258333 0 0.228509 0.193975 0.0437942 0.0350353 0 0
0.997901 0.2 -0.258333 0 0.228509 0.193975 0.0437942 0.0350353 0 0
0.999244 0.3 -0.258333 0 0.228509 0.193975 0.0437942 0.0350353 0 0
0.999244 0.4 -0.258333 0 0.228509 0.193975 0.0437942 0.0350353 0 0
0.999728 0.3 -0.258333 0 0.228509 0.193975 0.0437942 0.0350353 0 0
0.999728 0.3 -0.258333 0 0.228509 0.193975 0.0437942 0.0350353 0 0
0.999902 0.1 -0.258333 0 0.228509 0.193975 0.0437942 0.0350353 0 0
0.999902 0.2 -0.258333 0 0.228509 0.193975 0.0437942 0.0350353 0 0
0.999965 0.3 -0.258333 0 0.228509 0.193975 0.0437942 0.0350353 0 0
0.999965 0.4 -0.258333 0 0.228509 0.193975 0.0437942 0.0350353 0 0
0.999965 0.5 -0.258333 0 0.228509 0.193975 0.0437942 0.0350353 0 0
0.999965 0.6 -0.258333 0 0.228509 0.193975 0.0437942 0.0350353 0 0
0.999965 0.6 -0.258333 0 0.228509 0.193975 0.0437942 0.0350353 0 0
0.999965 0.7 -0.258333 0 0.228509 0.193975 0.0437942 0.0350353 0 0
0.999965 0.8 -0.258333 0 0.228509 0.193975 0.0437942 0.0350353 0 0
0.999987 0.9 -0.258333 0 0.228509 0.193975 0.0437942 0.0350353 0 0
0.999987 1 -0.258333 0 0.228509 0.193975 0.0437942 0.0350353 0 0
0.999987 0.8 -0.258333 0 0.228509 0.193975 0.0437942 0.0350353 0 0
0.999987 0.7 -0.258333 0 0.228509 0.193975 0.0437942 0.0350353 0 0
0.999987 0.4 -0.258333 0 0.228509 0.193975 0.0437942 0.0350353 0 0
0.999987 0.4 -0.258333 0 0.228509 0.193975 0.0437942 0.0350353 0 0
0.999987 0.4 -0.258333 0 0.228509 0.193975 0.0437942 0.0350353 0 0
0.999987 0.3 -0.258333 0 0.228509 0.193975 0.0437942 0.0350353 0 0
0.999987 0.2 -0.258333 0 0.228509 0.193975 0.0437942 0.0350353 0 0
0.999987 0.1 -0.258333 0 0.228509 0.193975 0.0437942 0.0350353 0 0
0.999995 0.1 -0.258333 0 0.228509 0.193975 0.0437942 0.0350353 0 0
0.999995 0.2 -0.258333 0 0.228509 0.193975 0.0437942 0.0350353 0 0
0.999998 0.3 -0.258333 0 0.228509 0.193975 0.0437942 0.0350353 0 0
0.999998 0.4 -0.258333 0 0.228509 0.193975 0.0437942 0.0350353 0 0
0.999999 0.3 -0.258333 0 0.228509 0.193975 0.0437942 0.0350353 0 0
0.999999 0.3 -0.258333 0 0.228509 0.193975 0.0437942 0.0350353 0 0
0.999999 0.3 -0.258333 0 0.228509 0.193975 0.0437942 0.0350353 0 0
0.999999 0.3 -0.258333 0 0.228509 0.193975 0.0437942 0.0350353 0 0
0.999999 0.3 -0.258333 0 0.228509 0.193975 0.0437942 0.0350353 0 0
0.999999 0.3 -0.258333 0 0.228509 0.193975 0.0437942 0.0350353 0 0
1 0.3 -0.258333 0 0.228509 0.193975 0.0437942 0.0350353 0 0
1 0.3 -0.258333 0 0.228509 0.193975 0.0437942 0.0350353 0 0
1 0.3 -0.258333 0 0.228509 0.193975 0.0437942 0.0350353 0 0
1 0.4 -0.258333 0 0.228509 0.193975 0.0437942 0.0350353 0 0
1 0.5 -0.258333 0 0.228509 0.193975 0.0437942 0.0350353 0 0
1 0.4 -0.258333 0 0.228509 0.193975 0.0437942 0.0350353 0 0
1 0.5 -0.258333 0 0.228509 0.193975 0.0437942 0.0350353 0 0
1 0.6 -0.258333 0 0.228509 0.193975 0.0437942 0.0350353 0 0
1 0.5 -0.258333 0 0.228509 0.193975 0.0437942 0.0350353 0 0
1 0.5 -0.258333 0 0.228509 0.193975 0.0437942 0.0350353 0 0
1 0.4 -0.258333 0 0.228509 0.193975 0.0437942 0.0350353 0 0
1 0.3 -0.258333 0 0.228509 0.193975 0.0437942 0.0350353 0 0
1 0.4 -0.258333 0 0.228509 0.193975 0.0437942 0.0350353 0 0
1 0.5 -0.258333 0 0.228509 0.193975 0.0437942 0.0350353 0 0
1 0.6 -0.258333 0 0.228509 0.193975 0.0437942 0.0350353 0 0
1 0.7 -0.258333 0 0.228509 0.193975 0.0437942 0.0350353 0 0
0.88 0.7 0.198611 0 0.228509 0.193975 0.0437942 0.0350353 0 0
0.88 0.8 0.335694 0 0.228509 0.193975 0.0437942 0.0350353 0 0
0.9568 0.9 0.376819 0 0.228509 0.193975 0.0437942 0.0350353 0 0
0.984448 0.8 0.389157 0 0.228509 0.193975 0.0437942 0.0350353 0 0
0.994401 0.9 0.392858 0 0.228509 0.193975 0.0437942 0.0350353 0 0
0.997984 0.8 0.393969 0 0.228509 0.193975 0.0437942 0.0350353 0 0
0.999274 0.9 0.394302 0 0.228509 0.193975 0.0437942 0.0350353 1 0
0.999739 1 0.394402 0 0.228509 0.193975 0.0437942 0.0350353 1 0
0.999739 0.9 0.394432 0 0.228509 0.193975 0.0437942 0.0350353 1 0
0.999906 0.8 0.394441 0 0.228509 0.193975 0.0437942 0.0350353 1 0
0.999906 0.9 0.394443 0 0.228509 0.193975 0.0437942 0.0350353 1 0
0.999906 1 0.394444 0 0.228509 0.193975 0.0437942 0.0350353 1 0
0.999906 0.7 0.394444 0 0.228509 0.193975 0.0437942 0.0350353 1 0
0.999906 0.8 0.394444 0 0.228509 0.193975 0.0437942 0.0350353 1 0
0.999906 0.8 0.394444 0 0.228509 0.193975 0.0437942 0.0350353 1 0
0.999906 0.8 0.394444 0 0.228509 0.193975 0.0437942 0.0350353 1 0
0.999906 0.4 0.394444 0 0.228509 0.193975 0.0437942 0.0350353 1 0
0.999966 0.5 0.394444 0 0.228509 0.193975 0.0437942 0.0350353 1 0
0.999988 0.6 0.394444 0 0.228509 0.193975 0.0437942 0.0350353 1 0
0.879994 0.5 0.394444 0 0.228509 0.193975 0.0437942 0.0350353 1 0
0.822397 0.6 0.394444 0 0.228509 0.193975 0.0437942 0.0350353 1 0
0.822397 0.5 0.394444 0 0.228509 0.193975 0.0437942 0.0350353 1 0
0.794751 0.4 0.394444 0 0.228509 0.193975 0.0437942 0.0350353 1 0
0.92611 0.5 -0.192778 0 0.228509 0.193975 0.0437942 0.0350353 1 0
0.92611 0.6 -0.368944 0 0.228509 0.193975 0.0437942 0.0350353 1 0
0.92611 0.5 -0.421794 0 0.228509 0.193975 0.0437942 0.0350353 1 0
0.92611 0.5 -0.437649 0 0.228509 0.193975 0.0437942 0.0350353 1 0
0.92611 0.4 -0.442406 0 0.228509 0.193975 0.0437942 0.0350353 1 0
0.92611 0.3 -0.443833 0 0.228509 0.193975 0.0437942 0.0350353 0 0
0.92611 0.2 -0.444261 0 0.228509 0.193975 0.0437942 0.0350353 0 0
0.92611 0.2 -0.444389 0 0.228509 0.193975 0.0437942 0.0350353 0 0
0.9734 0.3 -0.444428 0 0.228509 0.193975 0.0437942 0.0350353 0 0
0.9734 0.2 -0.444439 0 0.228509 0.193975 0.0437942 0.0350353 0 0
0.9734 0.3 -0.444443 0 0.228509 0.193975 0.0437942 0.0350353 0 0
0.9734 0.4 -0.444444 0 0.228509 0.193975 0.0437942 0.0350353 0 0
0.9734 0.5 -0.444444 0 0.228509 0.193975 0.0437942 0.0350353 0 0
0.9734 0.6 -0.444444 0 0.228509 0.193975 0.0437942 0.0350353 0 0
0.9734 0.7 -0.444444 0 0.228509 0.193975 0.0437942 0.0350353 0 0
0.9734 0.8 -0.444444 0 0.228509 0.193975 0.0437942 0.0350353 0 0
0.990424 0.9 -0.444444 0 0.228509 0.193975 0.0437942 0.0350353 0 0
0.990424 1 -0.444444 0 0.228509 0.193975 0.0437942 0.0350353 0 0
0.990424 0.8 -0.444444 0 0.228509 0.193975 0.0437942 0.0350353 0 0
0.990424 0.7 -0.444444 0 0.228509 0.193975 0.0437942 0.0350353 0 0
0.990424 0.6 -0.444444 0 0.228509 0.193975 0.0437942 0.0350353 0 0
0.996553 0.4 -0.444444 0 0.228509 0.193975 0.0437942 0.0350353 0 0
0.996553 0.5 -0.444444 0 0.228509 0.193975 0.0437942 0.0350353 0 0
0.998759 0.4 -0.444444 0 0.228509 0.193975 0.0437942 0.0350353 0 0
0.998759 0.4 -0.444444 0 0.228509 0.193975 0.0437942 0.0350353 0 0
0.999553 0.4 -0.444444 0 0.228509 0.193975 0.0437942 0.0350353 0 0
0.999839 0.4 -0.444444 0 0.228509 0.193975 0.0437942 0.0350353 1 0
0.999839 0.5 -0.444444 0 0.228509 0.193975 0.0437942 0.0350353 1 0
0.999839 0.4 -0.444444 0 0.228509 0.193975 0.0437942 0.0350353 1 0
0.999839 0.4 -0.444444 0 0.228509 0.193975 0.0437942 0.0350353 1 0
0.999839 0.4 -0.444444 0 0.228509 0.193975 0.0437942 0.0350353 1 0
0.999839 0.3 -0.444444 0 0.228509 0.193975 0.0437942 0.0350353 1 0
0.999839 0.3 -0.444444 0 0.228509 0.193975 0.0437942 0.0350353 1 0
0.999839 0.3 -0.444444 0 0.228509 0.193975 0.0437942 0.0350353 1 0
0.879923 0.3 -0.444444 0 0.228509 0.193975 0.0437942 0.0350353 1 0
0.822363 0.2 -0.444444 0 0.228509 0.193975 0.0437942 0.0350353 1 0
0.936051 0.3 -0.444444 0 0.228509 0.193975 0.0437942 0.0350353 1 0
0.936051 0.4 -0.444444 0 0.228509 0.193975 0.0437942 0.0350353 1 0
0.849304 0.5 -0.444444 0 0.228509 0.193975 0.0437942 0.0350353 1 0
0.94575 0.6 -0.444444 0 0.228509 0.193975 0.0437942 0.0350353 1 0
0.94575 0.7 -0.444444 0 0.228509 0.193975 0.0437942 0.0350353 1 0
0.96745 0.8 -0.223851 0 0.228509 0.193975 0.0437942 0.0350353 1 0
0.864376 0.9 -0.145603 0 0.228509 0.193975 0.0437942 0.0350353 1 0
0.553201 0.8 -0.156181 0 0.228509 0.193975 0.0437942 0.0350353 1 0
0.799322 0.8 -0.159354 0 0.228509 0.193975 0.0437942 0.0350353 1 0
0.639457 0.7 -0.122049 0 0.228509 0.193975 0.0437942 0.0350353 1 0
0.639457 0.8 -0.110857 0 0.228509 0.193975 0.0437942 0.0350353 1 0
0.824164 0.8 -0.1075 0 0.228509 0.193975 0.0437942 0.0350353 1 0
0.824164 0.8 -0.106492 0 0.228509 0.193975 0.0437942 0.0350353 1 0
0.936699 0.8 -0.10619 0 0.228509 0.193975 0.0437942 0.0350353 1 0
0.936699 0.8 -0.106099 0 0.228509 0.193975 0.0437942 0.0350353 1 0
0.977212 0.6 -0.106072 0 0.228509 0.193975 0.0437942 0.0350353 1 0
0.977212 0.6 -0.106064 0 0.228509 0.193975 0.0437942 0.0350353 1 0
0.991796 0.6 -0.106062 0 0.228509 0.193975 0.0437942 0.0350353 1 0
0.991796 0.5 -0.106061 0 0.228509 0.193975 0.0437942 0.0350353 1 0
0.997047 0.3 -0.106061 0 0.228509 0.193975 0.0437942 0.0350353 1 0
0.997047 0.3 -0.106061 0 0.228509 0.193975 0.0437942 0.0350353 1 0
0.998937 0.1 -0.106061 0 0.228509 0.193975 0.0437942 0.0350353 1 0
0.998937 0.2 -0.106061 0 0.228509 0.193975 0.0437942 0.0350353 1 0
0.999617 0.3 -0.106061 0 0.228509 0.193975 0.0437942 0.0350353 1 0
0.999617 0.4 -0.106061 0 0.228509 0.193975 0.0437942 0.0350353 1 0
0.999617 0.5 -0.106061 0 0.228509 0.193975 0.0437942 0.0350353 0 0
0.999862 0.6 -0.106061 0 0.228509 0.193975 0.0437942 0.0350353 0 0
0.999862 0.5 -0.106061 0 0.228509 0.193975 0.0437942 0.0350353 0 0
0.999862 0.5 -0.106061 0 0.228509 0.193975 0.0437942 0.0350353 0 0
0.99995 0.5 -0.106061 0 0.228509 0.193975 0.0437942 0.0350353 0 0
0.99995 0.5 -0.106061 0 0.228509 0.193975 0.0437942 0.0350353 0 0
0.99995 0 -0.106061 0 0.228509 0.193975 0.0437942 0.0350353 0 0
0.99995 0 -0.106061 0 0.228509 0.193975 0.0437942 0.0350353 0 0
0.99995 0 -0.106061 0 0.228509 0.193975 0.0437942 0.0350353 0 0
0.99995 0.1 -0.106061 0 0.228509 0.193975 0.0437942 0.0350353 0 0
0.99995 0.2 -0.106061 0 0.228509 0.193975 0.0437942 0.0350353 0 0
0.879976 0.3 -0.0587413 0 0.228509 0.193975 0.0437942 0.0350353 0 0
0.822389 0.4 -0.0613724 0 0.228509 0.193975 0.0437942 0.0350353 0 0
0.794747 0 -0.0715763 0 0.228509 0.193975 0.0437942 0.0350353 0 0
0.794747 0 -0.0746374 0 0.228509 0.193975 0.0437942 0.0350353 0 0
0.794747 0 -0.0755558 0 0.228509 0.193975 0.0437942 0.0350353 0 0
0.794747 0 -0.0758313 0 0.228509 0.193975 0.0437942 0.0350353 0 0
0.794747 0 -0.0759139 0 0.228509 0.193975 0.0437942 0.0350353 0 0
0.794747 0 -0.0759387 0 0.228509 0.193975 0.0437942 0.0350353 0 0
0.794747 0 -0.0759462 0 0.228509 0.193975 0.0437942 0.0350353 0 0
0.794747 0 -0.0759484 0 0.228509 0.193975 0.0437942 0.0350353 0 0
0.794747 0 -0.0759491 0 0.228509 0.193975 0.0437942 0.0350353 0 0
0.794747 0.1 -0.0759493 0 0.228509 0.193975 0.0437942 0.0350353 0 0
0.794747 0.2 -0.0759493 0 0.228509 0.193975 0.0437942 0.0350353 0 0
0.794747 0.3 -0.0759494 0 0.228509 0.193975 0.0437942 0.0350353 0 0
0.926109 0.4 -0.0759494 0 0.228509 0.193975 0.0437942 0.0350353 0 0
0.926109 0.5 -0.0759494 0 0.228509 0.193975 0.0437942 0.0350353 0 0
0.973399 0.6 -0.0759494 0 0.228509 0.193975 0.0437942 0.0350353 0 0
0.990424 0.7 -0.0759494 0 0.228509 0.193975 0.0437942 0.0350353 0 0
0.996553 0.8 -0.0759494 0 0.228509 0.193975 0.0437942 0.0350353 0 0
0.998759 0.9 -0.0759494 0 0.228509 0.193975 0.0437942 0.0350353 1 0
0.999553 1 -0.0759494 0 0.228509 0.193975 0.0437942 0.0350353 1 0
0.999553 0.8 -0.0759494 0 0.228509 0.193975 0.0437942 0.0350353 1 0
0.999839 0.7 -0.0759494 0 0.228509 0.193975 0.0437942 0.0350353 1 0
0.999839 0.7 -0.0759494 0 0.228509 0.193975 0.0437942 0.0350353 1 0
0.999942 0.6 -0.0759494 0 0.228509 0.193975 0.0437942 0.0350353 1 0
0.999942 0.7 -0.0759494 0 0.228509 0.193975 0.0437942 0.0350353 1 0
0.879972 0.7 -0.0759494 0 0.228509 0.193975 0.0437942 0.0350353 1 0
0.95679 0.7 -0.0759494 0 0.228509 0.193975 0.0437942 0.0350353 1 0
0.95679 0.5 -0.0759494 0 0.228509 0.193975 0.0437942 0.0350353 1 0
0.984444 0.4 -0.0759494 0 0.228509 0.193975 0.0437942 0.0350353 1 0
0.984444 0.4 -0.0759494 0 0.228509 0.193975 0.0437942 0.0350353 1 0
0.9944 0.5 -0.0759494 0 0.228509 0.193975 0.0437942 0.0350353 1 0
0.9944 0.6 -0.0759494 0 0.228509 0.193975 0.0437942 0.0350353 1 0
0.997984 0.3 -0.0759494 0 0.228509 0.193975 0.0437942 0.0350353 1 0
0.999274 0.3 -0.0759494 0 0.228509 0.193975 0.0437942 0.0350353 1 0
0.999739 0.3 -0.0759494 0 0.228509 0.193975 0.0437942 0.0350353 1 0
0.999843 0.3 -0.0759494 0 0.228509 0.193975 0.0437942 0.0350353 1 0
0.999843 0.4 -0.0759494 0 0.228509 0.193975 0.0437942 0.0350353 1 0
0.927955 0.5 -0.0759494 0 0.228509 0.193975 0.0437942 0.0350353 1 0
0.974064 0.6 -0.0759494 0 0.228509 0.193975 0.0437942 0.0350353 1 0
0.990663 0.6 -0.0759494 0 0.228509 0.193975 0.0437942 0.0350353 1 0
0.996639 0.6 -0.0759494 0 0.228509 0.193975 0.0437942 0.0350353 1 0
0.996639 0.7 -0.0759494 0 0.228509 0.193975 0.0437942 0.0350353 1 0
0.996639 0.8 -0.0759494 0 0.228509 0.193975 0.0437942 0.0350353 1 0
0.996639 0.7 -0.0759494 0 0.228509 0.193975 0.0437942 0.0350353 1 0
0.996639 0.7 -0.0759494 0 0.228509 0.193975 0.0437942 0.0350353 1 0
0.996639 0.6 -0.0759494 0 0.228509 0.193975 0.0437942 0.0350353 1 0
0.996639 0.5 -0.0759494 0 0.228509 0.193975 0.0437942 0.0350353 1 0
0.996639 0.3 -0.0759494 0 0.228509 0.193975 0.0437942 0.0350353 1 0
0.99879 0.4 -0.0759494 0 0.228509 0.193975 0.0437942 0.0350353 1 0
0.99879 0.5 -0.0759494 0 0.228509 0.193975 0.0437942 0.0350353 1 0
0.999564 0.4 -0.0759494 0 0.228509 0.193975 0.0437942 0.0350353 1 0
0.999564 0.5 -0.0759494 0 0.228509 0.193975 0.0437942 0.0350353 1 0
0.999843 0.4 -0.0759494 0 0.228509 0.193975 0.0437942 0.0350353 1 0
0.999843 0.4 -0.0759494 0 0.228509 0.193975 0.0437942 0.0350353 0 0
0.999843 0.5 -0.0759494 0 0.228509 0.193975 0.0437942 0.0350353 0 0
0.999843 0.6 -0.0759494 0 0.228509 0.193975 0.0437942 0.0350353 0 0
0.999843 0.4 -0.0759494 0 0.228509 0.193975 0.0437942 0.0350353 0 0
0.999843 0.3 -0.0759494 0 0.228509 0.193975 0.0437942 0.0350353 0 0
0.999843 0.2 -0.0759494 0 0.228509 0.193975 0.0437942 0.0350353 0 0
0.999843 0.1 -0.0759494 0 0.228509 0.193975 0.0437942 0.0350353 0 0
0.999843 0.1 -0.0759494 0 0.228509 0.193975 0.0437942 0.0350353 0 0
0.999843 0.2 -0.0759494 0 0.228509 0.193975 0.0437942 0.0350353 0 0
0.999843 0 -0.0759494 0 0.228509 0.193975 0.0437942 0.0350353 0 0
0.999944 0.1 -0.0759494 0 0.228509 0.193975 0.0437942 0.0350353 0 0
0.99998 0.2 -0.0759494 0 0.228509 0.193975 0.0437942 0.0350353 0 0
0.99998 0.3 -0.0759494 0 0.228509 0.193975 0.0437942 0.0350353 0 0
0.999993 0.4 -0.0759494 0 0.228509 0.193975 0.0437942 0.0350353 0 0
0.999997 0.5 -0.0759494 0 0.228509 0.193975 0.0437942 0.0350353 0 0
0.999999 0.6 -0.0759494 0 0.228509 0.193975 0.0437942 0.0350353 0 0
0.999999 0.7 -0.0759494 0 0.228509 0.193975 0.0437942 0.0350353 0 0
1 0.8 -0.0759494 0 0.228509 0.193975 0.0437942 0.0350353 0 0
0.88 0.9 -0.0759494 0 0.228509 0.193975 0.0437942 0.0350353 0 0
0.8224 1 -0.222394 0 0.228509 0.193975 0.0437942 0.0350353 0 0
0.8224 1 -0.266328 0 0.228509 0.193975 0.0437942 0.0350353 0 0
0.794752 1 -0.279508 0 0.228509 0.193975 0.0437942 0.0350353 0 0
0.794752 1 -0.283462 0 0.228509 0.193975 0.0437942 0.0350353 0 0
0.781481 1 -0.284648 0 0.228509 0.193975 0.0437942 0.0350353 1 0
0.775111 1 -0.285004 0 0.228509 0.193975 0.0437942 0.0350353 1 0
0.775111 0.9 -0.28511 0 0.228509 0.193975 0.0437942 0.0350353 1 0
0.91904 1 -0.285143 0 0.228509 0.193975 0.0437942 0.0350353 1 0
0.841139 1 -0.285152 0 0.228509 0.193975 0.0437942 0.0350353 1 0
0.841139 1 -0.285155 0 0.228509 0.193975 0.0437942 0.0350353 1 0
0.94281 1 -0.285156 0 0.228509 0.193975 0.0437942 0.0350353 1 0
0.94281 0.8 -0.285156 0 0.228509 0.193975 0.0437942 0.0350353 1 0
0.979412 0.7 -0.285156 0 0.228509 0.193975 0.0437942 0.0350353 1 0
0.979412 0.7 -0.285156 0 0.228509 0.193975 0.0437942 0.0350353 1 0
0.992588 0.5 -0.285156 0 0.228509 0.193975 0.0437942 0.0350353 1 0
0.992588 0.6 -0.285156 0 0.228509 0.193975 0.0437942 0.0350353 1 0
0.997332 0.5 -0.285156 0 0.228509 0.193975 0.0437942 0.0350353 1 0
0.997332 0.1 -0.285156 0 0.228509 0.193975 0.0437942 0.0350353 1 0
0.997332 0.1 -0.285156 0 0.228509 0.193975 0.0437942 0.0350353 1 0
0.999039 0.2 -0.285156 0 0.228509 0.193975 0.0437942 0.0350353 1 0
0.999039 0.3 -0.285156 0 0.228509 0.193975 0.0437942 0.0350353 1 0
0.999039 0.1 -0.285156 0 0.228509 0.193975 0.0437942 0.0350353 1 0
0.999039 0.1 -0.285156 0 0.228509 0.193975 0.0437942 0.0350353 1 0
0.999039 0.1 -0.285156 0 0.228509 0.193975 0.0437942 0.0350353 1 0
0.999039 0 -0.285156 0 0.228509 0.193975 0.0437942 0.0350353 1 0
0.999039 0 -0.285156 0 0.228509 0.193975 0.0437942 0.0350353 1 0
0.999654 0.1 -0.285156 0 0.228509 0.193975 0.0437942 0.0350353 1 0
0.999654 0.2 -0.285156 0 0.228509 0.193975 0.0437942 0.0350353 1 0
0.999875 0.3 -0.285156 0 0.228509 0.193975 0.0437942 0.0350353 1 0
0.999875 0.4 -0.285156 0 0.228509 0.193975 0.0437942 0.0350353 1 0
0.999875 0.3 -0.285156 0 0.228509 0.193975 0.0437942 0.0350353 1 0
0.999875 0.4 -0.285156 0 0.228509 0.193975 0.0437942 0.0350353 1 0
0.999875 0.5 -0.285156 0 0.228509 0.193975 0.0437942 0.0350353 1 0
0.999875 0.6 -0.285156 0 0.228509 0.193975 0.0437942 0.0350353 1 0
0.999875 0.7 -0.285156 0 0.228509 0.193975 0.0437942 0.0350353 1 0
0.999875 0.8 -0.285156 0 0.228509 0.193975 0.0437942 0.0350353 1 0
0.999875 0.6 -0.285156 0 0.228509 0.193975 0.0437942 0.0350353 0 0
0.999875 0.7 -0.285156 0 0.228509 0.193975 0.0437942 0.0350353 0 0
0.999875 0.6 -0.285156 0 0.228509 0.193975 0.0437942 0.0350353 0 0
0.999875 0.7 -0.285156 0 0.228509 0.193975 0.0437942 0.0350353 0 0
0.999875 0.6 -0.285156 0 0.228509 0.193975 0.0437942 0.0350353 0 0
0.87994 0.7 -0.0674434 0 0.228509 0.193975 0.0437942 0.0350353 0 0
0.87994 0.6 -0.00212958 0 0.228509 0.193975 0.0437942 0.0350353 0 0
0.87994 0.5 0.0174646 0 0.228509 0.193975 0.0437942 0.0350353 0 0
0.87994 0.3 0.0233428 0 0.228509 0.193975 0.0437942 0.0350353 0 0
0.87994 0.3 0.0251063 0 0.228509 0.193975 0.0437942 0.0350353 0 0
0.956778 0.4 0.0256353 0 0.228509 0.193975 0.0437942 0.0350353 0 0
0.956778 0.5 0.025794 0 0.228509 0.193975 0.0437942 0.0350353 0 0
0.956778 0.4 0.0258417 0 0.228509 0.193975 0.0437942 0.0350353 0 0
0.956778 0.5 0.0258559 0 0.228509 0.193975 0.0437942 0.0350353 0 0
0.956778 0.4 0.0258602 0 0.228509 0.193975 0.0437942 0.0350353 0 0
0.956778 0.4 0.0258615 0 0.228509 0.193975 0.0437942 0.0350353 0 0
0.956778 0.5 0.0258619 0 0.228509 0.193975 0.0437942 0.0350353 0 0
0.956778 0.3 0.025862 0 0.228509 0.193975 0.0437942 0.0350353 0 0
0.98444 0.3 0.0258621 0 0.228509 0.193975 0.0437942 0.0350353 0 0
0.98444 0.3 0.0258621 0 0.228509 0.193975 0.0437942 0.0350353 0 0
0.994399 0.1 0.0258621 0 0.228509 0.193975 0.0437942 0.0350353 0 0
0.994399 0.2 0.0258621 0 0.228509 0.193975 0.0437942 0.0350353 0 0
0.994399 0 0.0258621 0 0.228509 0.193975 0.0437942 0.0350353 0 0
0.994399 0 0.0258621 0 0.228509 0.193975 0.0437942 0.0350353 0 0
0.994399 0 0.0258621 0 0.228509 0.193975 0.0437942 0.0350353 0 0
0.994399 0 0.0258621 0 0.228509 0.193975 0.0437942 0.0350353 1 0
0.994399 0 0.0258621 0 0.228509 0.193975 0.0437942 0.0350353 1 0
0.994399 0.1 0.0258621 0 0.228509 0.193975 0.0437942 0.0350353 1 0
0.994399 0.2 0.0258621 0 0.228509 0.193975 0.0437942 0.0350353 1 0
0.994399 0.3 0.0258621 0 0.228509 0.193975 0.0437942 0.0350353 1 0
0.994399 0.2 0.0258621 0 0.228509 0.193975 0.0437942 0.0350353 1 0
0.994399 0.2 0.0258621 0 0.228509 0.193975 0.0437942 0.0350353 1 0
0.994399 0.2 0.0258621 0 0.228509 0.193975 0.0437942 0.0350353 1 0
0.994399 0.2 0.0258621 0 0.228509 0.193975 0.0437942 0.0350353 1 0
0.994399 0.3 0.0258621 0 0.228509 0.193975 0.0437942 0.0350353 1 0
0.994399 0.4 0.0258621 0 0.228509 0.193975 0.0437942 0.0350353 1 0
0.994399 0.3 0.0258621 0 0.228509 0.193975 0.0437942 0.0350353 1 0
0.994399 0.2 0.0258621 0 0.228509 0.193975 0.0437942 0.0350353 1 0
0.994399 0.2 0.0258621 0 0.228509 0.193975 0.0437942 0.0350353 1 0
0.994399 0.2 0.0258621 0 0.228509 0.193975 0.0437942 0.0350353 1 0
0.994399 0.2 0.0258621 0 0.228509 0.193975 0.0437942 0.0350353 1 0
0.997983 0.3 0.0258621 0 0.228509 0.193975 0.0437942 0.0350353 1 0
0.997983 0.4 0.0258621 0 0.228509 0.193975 0.0437942 0.0350353 1 0
0.997983 0.3 0.0258621 0 0.228509 0.193975 0.0437942 0.0350353 1 0
0.997983 0.4 0.0258621 0 0.228509 0.193975 0.0437942 0.0350353 1 0
0.997983 0.5 0.0258621 0 0.228509 0.193975 0.0437942 0.0350353 1 0
0.997983 0.6 0.0258621 0 0.228509 0.193975 0.0437942 0.0350353 1 0
0.997983 0.7 0.0258621 0 0.228509 0.193975 0.0437942 0.0350353 1 0
0.997983 0.6 0.0258621 0 0.228509 0.193975 0.0437942 0.0350353 1 0
0.997983 0.6 0.0258621 0 0.228509 0.193975 0.0437942 0.0350353 1 0
0.999274 0.7 0.0258621 0 0.228509 0.193975 0.0437942 0.0350353 1 0
0.999739 0.6 0.0258621 0 0.228509 0.193975 0.0437942 0.0350353 1 0
0.999739 0.5 0.0258621 0 0.228509 0.193975 0.0437942 0.0350353 1 0
0.999739 0.6 0.0258621 0 0.228509 0.193975 0.0437942 0.0350353 1 0
0.999739 0 0.0258621 0 0.228509 0.193975 0.0437942 0.0350353 1 0
0.999906 0 0.0258621 0 0.228509 0.193975 0.0437942 0.0350353 1 0
0.999906 0.1 0.0258621 0 0.228509 0.193975 0.0437942 0.0350353 1 0
0.999906 0.2 0.0258621 0 0.228509 0.193975 0.0437942 0.0350353 1 0
0.999906 0.3 0.0258621 0 0.228509 0.193975 0.0437942 0.0350353 1 0
0.999906 0.4 0.0258621 0 0.228509 0.193975 0.0437942 0.0350353 1 0
0.999906 0.5 0.0258621 0 0.228509 0.193975 0.0437942 0.0350353 1 0
0.999906 0.6 0.0258621 0 0.228509 0.193975 0.0437942 0.0350353 1 0
0.999906 0.5 0.0258621 0 0.228509 0.193975 0.0437942 0.0350353 1 0
0.999906 0.5 0.0258621 0 0.228509 0.193975 0.0437942 0.0350353 1 0
0.999906 0.5 0.0258621 0 0.228509 0.193975 0.0437942 0.0350353 1 0
0.999906 0.3 0.0258621 0 0.228509 0.193975 0.0437942 0.0350353 1 0
0.999906 0.3 0.0258621 0 0.228509 0.193975 0.0437942 0.0350353 1 0
0.999906 0.4 0.0258621 0 0.228509 0.193975 0.0437942 0.0350353 1 0
0.799925 0.2 0.0162952 0 0.31501 0.193975 0.0437942 0.0350353 1 0
0.511952 0.3 0.0280503 0 0.435937 0.501847 0.381702 0.652028 1 0
0.327649 0.4 0.0290033 0 0.492825 0.748144 0.652028 0.868289 1 0
0.734363 0.5 0.0292892 0 0.492825 0.748144 0.652028 0.868289 1 0
0.734363 0.6 0.029375 0 0.492825 0.748144 0.652028 0.868289 1 0
0.58749 0.7 -0.201187 0 0.481533 0.945182 0.868289 1.0413 1 0
0.58749 0.8 -0.270356 0 0.481533 0.945182 0.868289 1.0413 1 0
0.681995 0.9 -0.020861 0 0.498231 1.10281 1.0413 1.17971 0 0
0.727358 1 0.101236 0 0.518585 1.22892 1.17971 1.29043 0 0
0.679305 1 0.137865 0 0.514868 1.3298 1.29043 1.37901 0 0
0.543444 0.7 0.0771577 0 0.462803 1.41051 1.37901 1.44988 0 0
0.608683 0.8 0.0589456 0 0.464687 1.47507 1.44988 1.50657 0 0
0.486946 0.6 0.0535811 0 0.37741 1.52672 1.50657 1.55192 0 0
0.586987 0.7 0.0519718 0 0.343512 1.56805 1.55192 1.5882 0 0
0.46959 0.8 -0.0258558 0 0.308641 1.6011 1.5882 1.61723 0 0
0.300538 0.5 -0.0646318 0 0.280912 1.62755 1.61723 1.64045 0 0
0.192344 0.5 -0.0890654 0 0.264931 1.64871 1.64045 1.65903 0 0
0.1231 0.5 0.0712647 0 0.220026 1.66563 1.65903 1.67389 0 0
0.44727 0.5 -0.0276206 0 0.220026 1.66563 1.65903 1.67389 0 0
0.61469 0.6 -0.0706775 0 0.220026 1.66563 1.65903 1.67389 0 0
0.768814 0.7 0.114091 0 0.220026 1.66563 1.65903 1.67389 0 0
0.769031 0.6 0.0575606 0 0.220026 1.66563 1.65903 1.67389 0 0
0.769135 0.7 0.198303 0 0.220026 1.66563 1.65903 1.67389 0 0
0.769135 0.5 0.240525 0 0.220026 1.66563 1.65903 1.67389 0 0
0.861511 0.5 0.253192 0 0.220026 1.66563 1.65903 1.67389 0 0
0.861511 0.5 0.256992 0 0.220026 1.66563 1.65903 1.67389 0 0
0.813525 0.5 0.258132 0 0.205551 1.67917 1.67389 1.68578 0 0
0.813525 0.2 0.258474 0 0.205551 1.67917 1.67389 1.68578 0 0
0.932869 0.3 0.258577 0 0.205551 1.67917 1.67389 1.68578 0 0
0.932869 0.4 0.258607 0 0.205551 1.67917 1.67389 1.68578 0 0
0.975833 0.4 0.258617 0 0.205551 1.67917 1.67389 1.68578 0 0
0.975833 0.4 0.25862 0 0.205551 1.67917 1.67389 1.68578 0 0
0.9913 0.3 0.25862 0 0.205551 1.67917 1.67389 1.68578 0 0
0.996868 0.3 0.258621 0 0.205551 1.67917 1.67389 1.68578 0 0
0.996868 0.4 0.258621 0 0.205551 1.67917 1.67389 1.68578 0 0
0.996868 0.5 0.258621 0 0.205551 1.67917 1.67389 1.68578 0 0
0.996868 0.3 0.258621 0 0.205551 1.67917 1.67389 1.68578 0 0
0.998872 0.4 0.258621 0 0.205551 1.67917 1.67389 1.68578 0 0
0.998872 0.4 0.258621 0 0.205551 1.67917 1.67389 1.68578 0 0
0.998872 0.4 0.258621 0 0.205551 1.67917 1.67389 1.68578 0 0
0.999594 0.4 0.258621 0 0.205551 1.67917 1.67389 1.68578 0 0
0.999594 0.5 0.258621 0 0.205551 1.67917 1.67389 1.68578 0 0
0.999594 0.4 0.258621 0 0.205551 1.67917 1.67389 1.68578 0 0
0.999756 0.5 -0.0390805 0 0.183692 1.67917 1.67389 1.68578 0 0
0.879883 0.6 -0.128391 0 0.183692 1.67917 1.67389 1.68578 0 0
0.879883 0.7 -0.155184 0 0.183692 1.67917 1.67389 1.68578 0 0
0.879883 0.6 -0.163222 0 0.183692 1.67917 1.67389 1.68578 0 0
0.879883 0.4 -0.165633 0 0.183692 1.67917 1.67389 1.68578 0 0
0.893406 0.3 0.111848 0 0.183692 1.67917 1.67389 1.68578 0 0
0.893406 0.4 0.195093 0 0.183692 1.67917 1.67389 1.68578 0 0
0.893406 0.5 0.220066 0 0.183692 1.67917 1.67389 1.68578 0 0
0.893406 0.4 0.227558 0 0.183692 1.67917 1.67389 1.68578 0 0
0.893406 0.5 0.229806 0 0.183692 1.67917 1.67389 1.68578 0 0
0.893406 0.4 0.23048 0 0.183692 1.67917 1.67389 1.68578 0 0
0.893406 0.2 0.230683 0 0.183692 1.67917 1.67389 1.68578 0 0
0.714725 0.3 -0.260795 0 0.183692 1.67917 1.67389 1.68578 0 0
0.714725 0.4 -0.408239 0 0.183692 1.67917 1.67389 1.68578 0 0
0.714725 0.3 -0.452472 0 0.183692 1.67917 1.67389 1.68578 0 0
0.714725 0.2 -0.465741 0 0.183692 1.67917 1.67389 1.68578 0 0
0.714725 0.2 -0.469722 0 0.183692 1.67917 1.67389 1.68578 0 0
0.714725 0.3 -0.470917 0 0.183692 1.67917 1.67389 1.68578 0 0
0.714725 0.4 -0.471275 0 0.183692 1.67917 1.67389 1.68578 0 0
0.714725 0.2 -0.471383 0 0.183692 1.67917 1.67389 1.68578 0 0
0.714725 0.3 -0.471415 0 0.183692 1.67917 1.67389 1.68578 0 0
0.714725 0.4 -0.471424 0 0.183692 1.67917 1.67389 1.68578 0 0
0.714725 0 -0.471427 0 0.183692 1.67917 1.67389 1.68578 0 0
0.714725 0.1 -0.471428 0 0.183692 1.67917 1.67389 1.68578 0 0
0.714725 0.2 -0.471428 0 0.183692 1.67917 1.67389 1.68578 0 0
0.674454 0.3 -0.351429 0 0.183692 1.67917 1.67389 1.68578 0 0
0.674454 0.4 -0.315429 0 0.183692 1.67917 1.67389 1.68578 0 0
0.882804 0 -0.0585992 0 0.183692 1.67917 1.67389 1.68578 0 0
0.882804 0.1 0.0184497 0 0.183692 1.67917 1.67389 1.68578 0 0
0.823746 0.2 0.0532622 0 0.183692 1.67917 1.67389 1.68578 0 0
0.823746 0.3 0.0637059 0 0.183692 1.67917 1.67389 1.68578 0 0
0.823746 0.2 0.0668391 0 0.183692 1.67917 1.67389 1.68578 0 0
0.823746 0.2 0.067779 0 0.183692 1.67917 1.67389 1.68578 0 0
0.823746 0.2 0.068061 0 0.183692 1.67917 1.67389 1.68578 0 0
0.823746 0.2 0.0681456 0 0.183692 1.67917 1.67389 1.68578 0 0
0.936548 0.3 0.0681709 0 0.183692 1.67917 1.67389 1.68578 0 0
0.936548 0.4 0.0681786 0 0.183692 1.67917 1.67389 1.68578 0 0
0.849543 0.5 0.0410418 0 0.183692 1.67917 1.67389 1.68578 0 0
0.849543 0.5 0.0329008 0 0.183692 1.67917 1.67389 1.68578 0 0
0.945836 0.5 -0.201159 0 0.183692 1.67917 1.67389 1.68578 0 0
0.945836 0.6 -0.271377 0 0.183692 1.67917 1.67389 1.68578 0 0
0.945836 0.7 -0.292443 0 0.183692 1.67917 1.67389 1.68578 0 0
0.945836 0.8 -0.298762 0 0.183692 1.67917 1.67389 1.68578 0 0
0.945836 0.9 -0.300658 0 0.183692 1.67917 1.67389 1.68578 0 0
0.945836 1 -0.301227 0 0.183692 1.67917 1.67389 1.68578 0 0
0.945836 0.7 -0.301397 0 0.183692 1.67917 1.67389 1.68578 1 0
0.945836 0.6 -0.301449 0 0.183692 1.67917 1.67389 1.68578 1 0
0.945836 0.7 -0.301464 0 0.183692 1.67917 1.67389 1.68578 1 0
0.945836 0.3 -0.301469 0 0.183692 1.67917 1.67389 1.68578 1 0
0.945836 0.2 -0.30147 0 0.183692 1.67917 1.67389 1.68578 1 0
0.945836 0.2 -0.30147 0 0.183692 1.67917 1.67389 1.68578 1 0
0.945836 0.3 -0.301471 0 0.183692 1.67917 1.67389 1.68578 1 0
0.945836 0.4 -0.301471 0 0.183692 1.67917 1.67389 1.68578 1 0
0.945836 0.2 -0.301471 0 0.183692 1.67917 1.67389 1.68578 1 0
0.945836 0.3 -0.301471 0 0.183692 1.67917 1.67389 1.68578 1 0
0.945836 0.2 -0.301471 0 0.183692 1.67917 1.67389 1.68578 1 0
0.945836 0 -0.301471 0 0.183692 1.67917 1.67389 1.68578 1 0
0.980501 0.1 -0.00559269 0 0.183692 1.67917 1.67389 1.68578 1 0
0.980501 0.2 0.0831707 0 0.183692 1.67917 1.67389 1.68578 1 0
0.87064 0.1 0.101514 0 0.183692 1.67917 1.67389 1.68578 1 0
0.87064 0.1 0.107017 0 0.183692 1.67917 1.67389 1.68578 1 0
0.87064 0.1 0.108667 0 0.183692 1.67917 1.67389 1.68578 1 0
0.87064 0.2 0.109163 0 0.183692 1.67917 1.67389 1.68578 1 0
0.87064 0.3 0.109311 0 0.183692 1.67917 1.67389 1.68578 1 0
0.953431 0.4 0.0710746 0 0.183692 1.67917 1.67389 1.68578 1 0
0.953431 0.5 0.0596036 0 0.183692 1.67917 1.67389 1.68578 1 0
0.983235 0.6 0.0561623 0 0.183692 1.67917 1.67389 1.68578 1 0
0.983235 0.6 0.05513 0 0.183692 1.67917 1.67389 1.68578 1 0
0.983235 0.7 0.0548202 0 0.183692 1.67917 1.67389 1.68578 1 0
0.871953 0.8 0.0547273 0 0.183692 1.67917 1.67389 1.68578 1 0
0.871953 0.9 0.0546994 0 0.183692 1.67917 1.67389 1.68578 1 0
0.871953 0.6 0.0546911 0 0.183692 1.67917 1.67389 1.68578 1 0
0.871953 0.6 0.0546886 0 0.183692 1.67917 1.67389 1.68578 1 0
0.953903 0.7 0.0546878 0 0.183692 1.67917 1.67389 1.68578 1 0
0.953903 0.6 0.0546876 0 0.183692 1.67917 1.67389 1.68578 1 0
0.953903 0.4 0.0546875 0 0.183692 1.67917 1.67389 1.68578 1 0
0.953903 0.2 0.0546875 0 0.183692 1.67917 1.67389 1.68578 1 0
0.857873 0.1 -0.151866 0 0.183692 1.67917 1.67389 1.68578 1 0
0.857873 0.2 -0.213831 0 0.183692 1.67917 1.67389 1.68578 1 0
0.857873 0.1 -0.232421 0 0.183692 1.67917 1.67389 1.68578 1 0
0.857873 0.1 -0.237998 0 0.183692 1.67917 1.67389 1.68578 1 0
0.857873 0.2 -0.239671 0 0.183692 1.67917 1.67389 1.68578 1 0
0.857873 0.3 -0.240173 0 0.183692 1.67917 1.67389 1.68578 1 0
0.857873 0.4 -0.240324 0 0.183692 1.67917 1.67389 1.68578 0 0
0.948834 0.5 -0.240369 0 0.183692 1.67917 1.67389 1.68578 0 0
0.98158 0.6 -0.00519892 0 0.183692 1.67917 1.67389 1.68578 0 0
0.993369 0.7 0.0653521 0 0.183692 1.67917 1.67389 1.68578 0 0
0.997613 0.5 -0.161644 0 0.183692 1.67917 1.67389 1.68578 0 0
0.997613 0.5 -0.229743 0 0.183692 1.67917 1.67389 1.68578 0 0
0.878854 0.6 -0.250173 0 0.183692 1.67917 1.67389 1.68578 0 0
0.956388 0.7 -0.256302 0 0.183692 1.67917 1.67389 1.68578 0 0
0.956388 0.7 -0.258141 0 0.183692 1.67917 1.67389 1.68578 0 0
0.984299 0.7 -0.258692 0 0.183692 1.67917 1.67389 1.68578 0 0
0.872464 0.7 -0.412608 0 0.183692 1.67917 1.67389 1.68578 0 0
0.818783 0.6 -0.458782 0 0.183692 1.67917 1.67389 1.68578 0 0
0.934762 0.7 -0.472635 0 0.183692 1.67917 1.67389 1.68578 0 0
0.976514 0.8 -0.47679 0 0.183692 1.67917 1.67389 1.68578 0 0
0.976514 0.9 -0.478037 0 0.183692 1.67917 1.67389 1.68578 0 0
0.976514 0.8 -0.478411 0 0.183692 1.67917 1.67389 1.68578 0 0
0.991545 0.8 -0.478523 0 0.183692 1.67917 1.67389 1.68578 0 0
0.996956 0.8 -0.478557 0 0.183692 1.67917 1.67389 1.68578 0 0
0.996956 0.8 -0.478567 0 0.183692 1.67917 1.67389 1.68578 0 0
0.998904 0.8 -0.47857 0 0.183692 1.67917 1.67389 1.68578 0 0
0.999606 0.8 -0.478571 0 0.183692 1.67917 1.67389 1.68578 0 0
0.999606 0.8 -0.478571 0 0.183692 1.67917 1.67389 1.68578 0 0
0.999606 0.6 -0.478571 0 0.183692 1.67917 1.67389 1.68578 0 0
0.999606 0.6 -0.478571 0 0.183692 1.67917 1.67389 1.68578 0 0
0.999606 0.7 -0.478571 0 0.183692 1.67917 1.67389 1.68578 0 0
0.999606 0.5 -0.478571 0 0.183692 1.67917 1.67389 1.68578 0 0
0.999606 0.4 -0.478571 0 0.183692 1.67917 1.67389 1.68578 0 0
0.999606 0.2 -0.478571 0 0.183692 1.67917 1.67389 1.68578 0 0
0.999606 0.1 -0.478571 0 0.183692 1.67917 1.67389 1.68578 0 0
0.999606 0.2 -0.478571 0 0.183692 1.67917 1.67389 1.68578 0 0
0.999606 0.3 -0.478571 0 0.183692 1.67917 1.67389 1.68578 0 0
0.999606 0.2 -0.478571 0 0.183692 1.67917 1.67389 1.68578 0 0
0.999606 0.2 -0.478571 0 0.183692 1.67917 1.67389 1.68578 0 0
0.999606 0.2 -0.478571 0 0.183692 1.67917 1.67389 1.68578 0 0
0.999606 0.2 -0.478571 0 0.183692 1.67917 1.67389 1.68578 0 0
0.999606 0.2 -0.478571 0 0.183692 1.67917 1.67389 1.68578 0 0
0.999606 0.3 -0.478571 0 0.183692 1.67917 1.67389 1.68578 0 0
0.999606 0.2 -0.478571 0 0.183692 1.67917 1.67389 1.68578 0 0
0.999858 0.3 -0.478571 0 0.183692 1.67917 1.67389 1.68578 0 0
0.879932 0.4 -0.233315 0 0.183692 1.67917 1.67389 1.68578 0 0
0.879932 0.5 -0.159738 0 0.183692 1.67917 1.67389 1.68578 0 0
0.879932 0.6 -0.137665 0 0.183692 1.67917 1.67389 1.68578 0 0
0.879932 0.7 -0.131043 0 0.183692 1.67917 1.67389 1.68578 0 0
0.879932 0.8 -0.129057 0 0.183692 1.67917 1.67389 1.68578 0 0
0.956775 0.9 -0.128461 0 0.183692 1.67917 1.67389 1.68578 0 0
0.984439 0.8 -0.128282 0 0.149093 1.67917 1.67389 1.68578 0 0
0.984439 0.9 -0.128228 0 0.149093 1.67917 1.67389 1.68578 0 0
0.990663 1 -0.128212 0 0.149093 1.67917 1.67389 1.68578 0 0
0.925311 0.8 -0.128207 0 0.149093 1.67917 1.67389 1.68578 0 0
0.973112 0.9 -0.128206 0 0.149093 1.67917 1.67389 1.68578 1 0
0.973112 1 -0.128205 0 0.149093 1.67917 1.67389 1.68578 1 0
0.99032 1 -0.128205 0 0.149093 1.67917 1.67389 1.68578 1 0
0.875354 1 0.0271634 0 0.149093 1.67917 1.67389 1.68578 1 0
0.875354 1 0.073774 0 0.149093 1.67917 1.67389 1.68578 1 0
0.875354 1 0.0877572 0 0.149093 1.67917 1.67389 1.68578 1 0
0.925212 1 0.0919522 0 0.149093 1.67917 1.67389 1.68578 1 0
0.906461 1 0.0932106 0 0.149093 1.67917 1.67389 1.68578 1 0
0.906461 0.9 0.0935882 0 0.149093 1.67917 1.67389 1.68578 1 0
0.906461 0.8 0.0937015 0 0.149093 1.67917 1.67389 1.68578 1 0
0.966326 0.6 0.0937354 0 0.149093 1.67917 1.67389 1.68578 0 0
0.966326 0.7 0.0937456 0 0.149093 1.67917 1.67389 1.68578 0 0
0.863836 0.6 0.0937487 0 0.149093 1.67917 1.67389 1.68578 0 0
0.863836 0.3 0.0937496 0 0.149093 1.67917 1.67389 1.68578 0 0
0.863836 0.3 0.0937499 0 0.149093 1.67917 1.67389 1.68578 0 0
0.863836 0.3 0.09375 0 0.149093 1.67917 1.67389 1.68578 0 0
0.950981 0.2 0.09375 0 0.149093 1.67917 1.67389 1.68578 0 0
0.950981 0.3 0.09375 0 0.149093 1.67917 1.67389 1.68578 0 0
0.950981 0.4 0.09375 0 0.149093 1.67917 1.67389 1.68578 0 0
0.950981 0.5 0.09375 0 0.149093 1.67917 1.67389 1.68578 0 0
0.950981 0 0.09375 0 0.149093 1.67917 1.67389 1.68578 0 0
0.982353 0.1 0.09375 0 0.149093 1.67917 1.67389 1.68578 0 0
0.993647 0.2 0.09375 0 0.149093 1.67917 1.67389 1.68578 0 0
0.997713 0.3 0.09375 0 0.149093 1.67917 1.67389 1.68578 0 0
0.997713 0.2 0.09375 0 0.149093 1.67917 1.67389 1.68578 0 0
0.997713 0.2 0.09375 0 0.149093 1.67917 1.67389 1.68578 0 0
0.999177 0.3 0.09375 0 0.149093 1.67917 1.67389 1.68578 0 0
0.999177 0.4 0.09375 0 0.149093 1.67917 1.67389 1.68578 0 0
0.999177 0.2 0.09375 0 0.149093 1.67917 1.67389 1.68578 0 0
0.999704 0.3 0.09375 0 0.149093 1.67917 1.67389 1.68578 0 0
0.999704 0.4 0.09375 0 0.149093 1.67917 1.67389 1.68578 0 0
0.879858 0.4 0.09375 0 0.149093 1.67917 1.67389 1.68578 0 0
0.879858 0.4 0.09375 0 0.149093 1.67917 1.67389 1.68578 0 0
0.927915 0.5 0.09375 0 0.206454 1.67917 1.67389 1.68578 0 0
0.907239 0.6 0.09375 0 0.206454 1.67917 1.67389 1.68578 0 0
0.966606 0.7 0.09375 0 0.206454 1.67917 1.67389 1.68578 0 0
0.987978 0.8 0.09375 0 0.206454 1.67917 1.67389 1.68578 0 0
0.995672 0.9 -0.076875 0 0.206454 1.67917 1.67389 1.68578 0 0
0.998442 1 -0.128063 0 0.206454 1.67917 1.67389 1.68578 0 0
0.999439 1 -0.143419 0 0.206454 1.67917 1.67389 1.68578 0 0
0.999663 1 -0.148026 0 0.206454 1.67917 1.67389 1.68578 0 0
0.927903 0.9 -0.149408 0 0.206454 1.67917 1.67389 1.68578 0 0
0.974045 1 -0.149822 0 0.206454 1.67917 1.67389 1.68578 0 0
0.990656 1 -0.149947 0 0.206454 1.67917 1.67389 1.68578 0 0
0.994394 1 -0.20509 0 0.206454 1.67917 1.67389 1.68578 0 0
0.926385 1 -0.221634 0 0.206454 1.67917 1.67389 1.68578 0 0
0.844665 1 -0.226596 0 0.274967 1.69 1.68578 1.69529 0 0
0.944079 1 -0.228085 0 0.274967 1.69 1.68578 1.69529 0 0
0.979869 1 -0.228532 0 0.338892 1.69867 1.69529 1.7029 0 0
0.783895 1 -0.170643 0 0.405085 1.7056 1.7029 1.70898 0 0
0.865762 1 -0.153276 0 0.440941 1.71115 1.70898 1.71385 0 0
0.951674 1 -0.148066 0 0.486086 1.71559 1.71385 1.71775 0 0
0.982603 1 -0.146503 0 0.511535 1.71914 1.71775 1.72087 0 0
0.989562 0.8 -0.0167287 0 0.545269 1.72197 1.72087 1.72336 0 0
0.924994 0.5 0.0222036 0 0.572479 1.72425 1.72336 1.72535 0 0
0.954996 0.5 -0.0848162 0 0.562695 1.72606 1.72535 1.72695 0 0
0.858398 0.6 -0.273701 0 0.58779 1.72606 1.72535 1.72695 0 0
0.549375 0.4 -0.282885 0 0.477549 1.72752 1.72695 1.72823 0 0
0.6637 0.5 -0.121324 0 0.387893 1.72752 1.72695 1.72823 0 0
0.654861 0.6 -0.0728555 0 0.44644 1.72868 1.72823 1.72925 0 0
0.523889 0.6 0.0373659 0 0.363338 1.72961 1.72925 1.73007 0 0
0.651467 0.6 0.122573 0 0.431723 1.73036 1.73007 1.73072 0 0
0.712704 0.7 -0.050728 0 0.391939 1.73095 1.73072 1.73124 0 0
0.845259 0.8 -0.102718 0 0.35685 1.73143 1.73124 1.73166 0 0
0.944293 0.9 -0.118316 0 0.35685 1.73143 1.73124 1.73166 0 0
0.755435 1 -0.0821613 0 0.417607 1.73181 1.73166 1.73199 0 0
0.857565 1 -0.0857595 0 0.417607 1.73181 1.73166 1.73199 0 0
0.948723 1 -0.086839 0 0.369502 1.73211 1.73199 1.73226 0 0
0.98154 1 -0.0871628 0 0.302053 1.73236 1.73226 1.73248 0 0
0.988924 1 0.0108704 0 0.256076 1.73255 1.73248 1.73265 0 0
0.779747 1 0.0402803 0 0.213066 1.73271 1.73265 1.73279 0 0
0.774279 1 0.0491033 0 0.180354 1.73283 1.73279 1.73289 0 0
0.619423 1 -0.179291 0 0.179234 1.73293 1.73289 1.73298 0 0
0.818394 0.8 -0.247809 0 0.151231 1.73301 1.73298 1.73305 0 0
0.891036 0.8 -0.245697 0 0.15307 1.73308 1.73305 1.73311 0 0
0.827697 0.8 -0.148177 0 0.146577 1.73313 1.73311 1.73315 0 0
0.878377 0.8 -0.118921 0 0.14438 1.73317 1.73315 1.73319 0 0
0.927026 0.8 -0.105676 0 0.135112 1.7332 1.73319 1.73322 0 0
0.593297 0.8 -0.204711 0 0.145012 1.73323 1.73322 1.73324 0 0
0.37971 0.8 -0.0232316 0 0.124091 1.73325 1.73324 1.73326 0 0
0.545809 0.8 0.0312123 0 0.105458 1.73327 1.73326 1.73327 0 0
0.436647 0.8 -0.184555 0 0.12126 1.73328 1.73327 1.73329 0 0
0.60959 0.9 -0.237813 0 0.212472 1.73329 1.73329 1.7333 0 0
0.692603 0.8 -0.160379 0 0.28142 1.7333 1.7333 1.7333 0 0
0.443266 0.9 -0.274421 0 0.245441 1.73331 1.7333 1.73331 0 0
0.612768 1 -0.192652 0 0.324996 1.73331 1.73331 1.73331 0 0
0.694129 1 -0.340884 0 0.409364 1.73332 1.73331 1.73332 0 0
0.666545 1 -0.385353 0 0.365994 1.73332 1.73332 1.73332 0 0
0.879956 1 -0.398694 0 0.430295 1.73332 1.73332 1.73332 0 0
0.822379 1 -0.402697 0 0.53554 1.73332 1.73332 1.73333 0 0
0.936056 1 -0.403897 0 0.578697 1.73333 1.73333 1.73333 0 0
0.849307 1 -0.404257 0 0.501876 1.73333 1.73333 1.73333 0 0
0.945751 1 -0.404365 0 0.403248 1.73333 1.73333 1.73333 0 0
0.98047 1 -0.404398 0 0.346479 1.73333 1.73333 1.73333 0 0
0.992969 1 -0.404408 0 0.406536 1.73333 1.73333 1.73333 0 0
0.997469 1 -0.404411 0 0.351316 1.73333 1.73333 1.73333 0 0
0.797975 1 -0.153881 0 0.287113 1.73333 1.73333 1.73333 0 0
0.783028 1 -0.245448 0 0.391181 1.73333 1.73333 1.73333 0 0
0.775854 1 -0.312973 0 0.485848 1.73333 1.73333 1.73333 0 0
0.496546 1 -0.36231 0 0.395864 1.73333 1.73333 1.73333 0 0
0.638342 1 -0.10036 0 0.470702 1.73333 1.73333 1.73333 0 0
0.823843 1 -0.0217745 0 0.470702 1.73333 1.73333 1.73333 0 0
0.795444 1 -0.190992 0 0.470702 1.73333 1.73333 1.73333 0 0
0.781813 1 -0.241757 0 0.470702 1.73333 1.73333 1.73333 0 0
0.77527 0.8 -0.114951 0 0.470702 1.73333 1.73333 1.73333 0 0
0.77213 0.7 -0.0445408 0 0.470702 1.73333 1.73333 1.73333 0 0
0.770622 0.5 -0.0234177 0 0.470702 1.73333 1.73333 1.73333 0 0
0.769899 0.5 0.0695372 0 0.470702 1.73333 1.73333 1.73333 0 0
0.917164 0.4 0.0974237 0 0.443577 1.73333 1.73333 1.73333 0 0
0.950298 0.5 0.0255037 0 0.451769 1.73333 1.73333 1.73333 0 0
0.608191 0.3 0.0229413 0 0.367601 1.73333 1.73333 1.73333 0 0
0.691932 0.2 0.0356201 0 0.395112 1.73333 1.73333 1.73333 0 0
0.732127 0.2 0.117059 0 0.321859 1.73333 1.73333 1.73333 0 0
0.468561 0.3 -0.0691377 0 0.26408 1.73333 1.73333 1.73333 0 0
0.624909 0.4 -0.219075 0 0.213369 1.73333 1.73333 1.73333 0 0
0.819974 0.5 -0.111093 0 0.213369 1.73333 1.73333 1.73333 0 0
0.891984 0.6 -0.0786982 0 0.243423 1.73333 1.73333 1.73333 0 0
0.57087 0.7 -0.0689798 0 0.312977 1.73333 1.73333 1.73333 0 0
0.365357 0.7 -0.0660643 0 0.366412 1.73333 1.73333 1.73333 0 0
0.540297 0.8 -0.0651897 0 0.366412 1.73333 1.73333 1.73333 0 0
0.659343 0.9 -0.0649273 0 0.366412 1.73333 1.73333 1.73333 0 0
0.716484 1 -0.0648486 0 0.366412 1.73333 1.73333 1.73333 0 0
0.743913 1 -0.0648249 0 0.366412 1.73333 1.73333 1.73333 0 0
0.757078 1 -0.0648179 0 0.366412 1.73333 1.73333 1.73333 1 0
0.605662 1 0.0042643 0 0.325388 1.73333 1.73333 1.73333 1 0
0.814431 1 0.024989 0 0.325388 1.73333 1.73333 1.73333 1 0
0.814431 1 0.0312063 0 0.325388 1.73333 1.73333 1.73333 1 0
0.933195 0.9 0.0330716 0 0.325388 1.73333 1.73333 1.73333 1 0
0.97595 1 0.0336311 0 0.325388 1.73333 1.73333 1.73333 1 0
0.97595 1 0.033799 0 0.325388 1.73333 1.73333 1.73333 1 0
0.991342 1 0.0338494 0 0.325388 1.73333 1.73333 1.73333 1 0
0.996883 0.8 0.0338645 0 0.325388 1.73333 1.73333 1.73333 1 0
0.996883 0.9 0.033869 0 0.325388 1.73333 1.73333 1.73333 1 0
0.996883 0.8 0.0338704 0 0.325388 1.73333 1.73333 1.73333 1 0
0.797507 0.6 0.148636 0 0.267518 1.73333 1.73333 1.73333 1 0
0.797507 0.7 0.183066 0 0.267518 1.73333 1.73333 1.73333 1 0
0.510404 0.8 -0.12008 0 0.296065 1.73333 1.73333 1.73333 1 0
0.644994 0.6 0.0468707 0 0.296065 1.73333 1.73333 1.73333 1 0
0.647678 0.7 0.0969559 0 0.296111 1.73333 1.73333 1.73333 1 0
0.710885 0.8 0.111982 0 0.296111 1.73333 1.73333 1.73333 1 0
0.826531 0.8 -0.0400898 0 0.296111 1.73333 1.73333 1.73333 1 0
0.878041 0.8 -0.0857111 0 0.296111 1.73333 1.73333 1.73333 1 0
0.926825 0.7 0.0177142 0 0.255351 1.73333 1.73333 1.73333 1 0
0.844876 0.8 0.120314 0 0.293389 1.73333 1.73333 1.73333 1 0
0.883324 0.7 0.151094 0 0.244864 1.73333 1.73333 1.73333 1 0
0.929995 0.6 -0.065198 0 0.248523 1.73333 1.73333 1.73333 1 0
0.757118 0.7 -0.130086 0 0.248523 1.73333 1.73333 1.73333 1 0
0.605694 0.8 -0.0353799 0 0.248016 1.73333 1.73333 1.73333 1 0
0.690733 0.6 0.119514 0 0.203968 1.73333 1.73333 1.73333 1 0
0.731552 0.7 0.216439 0 0.24354 1.73333 1.73333 1.73333 1 0
0.751145 0.6 0.0932651 0 0.285921 1.73333 1.73333 1.73333 1 0
0.76055 0.6 0.0774361 0 0.24164 1.73333 1.73333 1.73333 0 0
0.765064 0.7 0.103122 0 0.201434 1.73333 1.73333 1.73333 0 0
0.693785 0.7 0.110828 0 0.190467 1.73333 1.73333 1.73333 0 0
0.816271 0.5 0.132161 0 0.190467 1.73333 1.73333 1.73333 0 0
0.522413 0.6 0.12945 0 0.282648 1.73333 1.73333 1.73333 0 0
0.790455 0.5 0.128636 0 0.254985 1.73333 1.73333 1.73333 0 0
0.924564 0.6 0.128392 0 0.392999 1.73333 1.73333 1.73333 0 0
0.972843 0.7 0.128319 0 0.442059 1.73333 1.73333 1.73333 0 0
0.866965 0.8 0.128297 0 0.473819 1.73333 1.73333 1.73333 0 0
0.920179 0.9 0.249947 0 0.473819 1.73333 1.73333 1.73333 0 0
0.588914 1 0.147901 0 0.504943 1.73333 1.73333 1.73333 0 0
0.809607 1 0.117287 0 0.410972 1.73333 1.73333 1.73333 0 0
0.788612 1 0.108103 0 0.351562 1.73333 1.73333 1.73333 0 0
0.873167 1 0.11221 0 0.30194 1.73333 1.73333 1.73333 0 0
0.81912 0.8 0.113442 0 0.26522 1.73333 1.73333 1.73333 0 0
0.875907 0.8 0.113812 0 0.26522 1.73333 1.73333 1.73333 0 0
0.955326 0.8 0.113923 0 0.231307 1.73333 1.73333 1.73333 1 0
0.983918 0.8 0.113956 0 0.192888 1.73333 1.73333 1.73333 1 0
0.99421 0.5 0.113966 0 0.174187 1.73333 1.73333 1.73333 1 0
0.997916 0.5 0.113969 0 0.158743 1.73333 1.73333 1.73333 1 0
0.879 0.2 0.11397 0 0.140612 1.73333 1.73333 1.73333 1 0
0.82192 0.2 0.11397 0 0.134347 1.73333 1.73333 1.73333 1 0
0.657536 0.3 -0.145539 0 0.136049 1.73333 1.73333 1.73333 1 0
0.420823 0.4 -0.0771722 0 0.126839 1.73333 1.73333 1.73333 1 0
0.601995 0.5 -0.0481517 0 0.139719 1.73333 1.73333 1.73333 1 0
0.813375 0.5 -0.0394455 0 0.129091 1.73333 1.73333 1.73333 1 0
0.888025 0.5 -0.0604448 0 0.146473 1.73333 1.73333 1.73333 1 0
0.826252 0.6 -0.0473001 0 0.155578 1.73333 1.73333 1.73333 1 0
0.796601 0.7 0.00525442 0 0.163988 1.73333 1.73333 1.73333 1 0
0.509825 0.8 -0.124962 0 0.153939 1.73333 1.73333 1.73333 1 0
0.595773 0.9 -0.164027 0 0.164858 1.73333 1.73333 1.73333 1 0
0.685971 1 -0.175747 0 0.190366 1.73333 1.73333 1.73333 1 0
0.886949 1 -0.179262 0 0.1719 1.73333 1.73333 1.73333 1 0
0.825736 0.7 -0.180317 0 0.206568 1.73333 1.73333 1.73333 1 0
0.796353 0.8 -0.180634 0 0.223633 1.73333 1.73333 1.73333 1 0
0.637083 0.6 -0.180729 0 0.32506 1.73333 1.73333 1.73333 1 0
0.64464 0.7 -0.180757 0 0.267149 1.73333 1.73333 1.73333 1 0
0.515712 0.8 -0.180766 0 0.337696 1.73333 1.73333 1.73333 1 0
0.598033 0.8 -0.180768 0 0.35383 1.73333 1.73333 1.73333 1 0
0.687056 0.8 -0.180769 0 0.297223 1.73333 1.73333 1.73333 1 0
0.812234 0.8 -0.180769 0 0.380988 1.73333 1.73333 1.73333 1 0
0.789872 0.8 -0.180769 0 0.416183 1.73333 1.73333 1.73333 1 0
0.779139 0.9 -0.180769 0 0.461152 1.73333 1.73333 1.73333 1 0
0.699189 1 -0.180769 0 0.461152 1.73333 1.73333 1.73333 1 0
0.819514 1 -0.180769 0 0.41443 1.73333 1.73333 1.73333 1 0
0.793366 1 -0.180769 0 0.426544 1.73333 1.73333 1.73333 1 0
0.793366 1 -0.180769 0 0.426544 1.73333 1.73333 1.73333 1 0
0.507755 1 -0.180769 0 0.471297 1.73333 1.73333 1.73333 1 0
0.786233 1 -0.180769 0 0.471297 1.73333 1.73333 1.73333 1 0
0.923044 1 -0.180769 0 0.471297 1.73333 1.73333 1.73333 1 0
0.923044 1 -0.180769 0 0.471297 1.73333 1.73333 1.73333 1 0
0.972296 1 -0.180769 0 0.471297 1.73333 1.73333 1.73333 1 0
0.990027 1 -0.180769 0 0.471297 1.73333 1.73333 1.73333 1 0
0.875213 1 -0.180769 0 0.471297 1.73333 1.73333 1.73333 1 0
0.875213 0.8 -0.180769 0 0.471297 1.73333 1.73333 1.73333 1 0
0.875213 0.9 -0.180769 0 0.471297 1.73333 1.73333 1.73333 1 0
0.875213 1 -0.180769 0 0.471297 1.73333 1.73333 1.73333 1 0
0.875213 0.8 -0.180769 0 0.471297 1.73333 1.73333 1.73333 1 0
0.875213 0.7 -0.180769 0 0.471297 1.73333 1.73333 1.73333 1 0
0.875213 0.6 -0.180769 0 0.471297 1.73333 1.73333 1.73333 1 0
0.875213 0.7 -0.180769 0 0.471297 1.73333 1.73333 1.73333 1 0
0.955077 0.7 -0.180769 0 0.471297 1.73333 1.73333 1.73333 1 0
0.955077 0.7 -0.180769 0 0.471297 1.73333 1.73333 1.73333 1 0
0.858437 0.5 -0.180769 0 0.471297 1.73333 1.73333 1.73333 1 0
0.949037 0.6 -0.180769 0 0.471297 1.73333 1.73333 1.73333 1 0
0.981653 0.7 -0.180769 0 0.471297 1.73333 1.73333 1.73333 1 0
0.981653 0.8 -0.180769 0 0.471297 1.73333 1.73333 1.73333 1 0
0.988992 0.9 -0.180769 0 0.471297 1.73333 1.73333 1.73333 1 0
0.874716 0.8 -0.180769 0 0.471297 1.73333 1.73333 1.73333 1 0
0.819864 0.9 -0.180769 0 0.471297 1.73333 1.73333 1.73333 1 0
0.714828 0.8 -0.180769 0 0.471297 1.73333 1.73333 1.73333 1 0
0.828897 0.9 -0.180769 0 0.471297 1.73333 1.73333 1.73333 1 0
0.878722 1 -0.0372953 0 0.471297 1.73333 1.73333 1.73333 1 0
0.95634 1 0.0057469 0 0.471297 1.73333 1.73333 1.73333 1 0
0.984282 1 0.0359038 0 0.471297 1.73333 1.73333 1.73333 1 0
0.984282 1 0.0449508 0 0.471297 1.73333 1.73333 1.73333 1 0
0.990569 1 0.0476649 0 0.488839 1.73333 1.73333 1.73333 1 0
0.925284 0.8 0.0199446 0 0.488839 1.73333 1.73333 1.73333 1 0
0.973102 0.9 0.0116286 0 0.488839 1.73333 1.73333 1.73333 1 0
0.867089 1 0.00913373 0 0.488839 1.73333 1.73333 1.73333 1 0
0.867089 1 0.00838528 0 0.488839 1.73333 1.73333 1.73333 1 0
0.816203 1 0.00816075 0 0.488839 1.73333 1.73333 1.73333 1 0
0.889722 1 0.22269 0 0.488839 1.73333 1.73333 1.73333 1 0
0.827066 0.8 0.287048 0 0.527717 1.73333 1.73333 1.73333 1 0
0.878195 0.9 0.306356 0 0.527717 1.73333 1.73333 1.73333 1 0
0.95615 1 0.312148 0 0.438254 1.73333 1.73333 1.73333 1 0
0.97369 0.8 0.266362 0 0.457007 1.73333 1.73333 1.73333 1 0
0.920423 0.9 0.252626 0 0.457007 1.73333 1.73333 1.73333 1 0
0.971352 0.8 0.248505 0 0.384258 1.73333 1.73333 1.73333 1 0
0.989687 0.9 0.247269 0 0.430936 1.73333 1.73333 1.73333 1 0
0.791749 1 0.0294132 0 0.452117 1.73333 1.73333 1.73333 1 0
0.50672 1 0.137679 0 0.431082 1.73333 1.73333 1.73333 1 0
0.785935 1 0.170159 0 0.431082 1.73333 1.73333 1.73333 1 0
0.922937 1 0.179903 0 0.431082 1.73333 1.73333 1.73333 1 0
0.972257 0.8 0.182827 0 0.431082 1.73333 1.73333 1.73333 0 0
0.866683 0.8 0.183703 0 0.35668 1.73333 1.73333 1.73333 0 0
0.952006 0.7 0.183967 0 0.306734 1.73333 1.73333 1.73333 0 0
0.971204 0.8 0.153908 0 0.264167 1.73333 1.73333 1.73333 0 0
0.62157 0.8 0.145497 0 0.228156 1.73333 1.73333 1.73333 0 0
0.819012 0.8 0.142973 0 0.200986 1.73333 1.73333 1.73333 0 0
0.65521 0.8 0.132757 0 0.17777 1.73333 1.73333 1.73333 0 0
0.419334 0.8 0.0145259 0 0.16478 1.73333 1.73333 1.73333 0 0
0.268374 0.6 -0.0378109 0 0.154861 1.73333 1.73333 1.73333 0 0
0.171759 0.6 -0.0523927 0 0.144614 1.73333 1.73333 1.73333 0 0
0.109926 0.6 -0.0578865 0 0.138489 1.73333 1.73333 1.73333 0 0
0.452764 0.6 0.155253 0 0.235647 1.73333 1.73333 1.73333 0 0
0.617327 0.4 0.219195 0 0.372238 1.73333 1.73333 1.73333 0 0
0.81779 0.5 0.0498494 0 0.372238 1.73333 1.73333 1.73333 0 0
0.792539 0.6 -0.000954272 0 0.372238 1.73333 1.73333 1.73333 0 0
0.780419 0.3 -0.0161954 0 0.372238 1.73333 1.73333 1.73333 0 0
0.774601 0.3 -0.0207677 0 0.372238 1.73333 1.73333 1.73333 0 0
0.771809 0.3 -0.0221394 0 0.372238 1.73333 1.73333 1.73333 0 0
0.770468 0.3 0.0224525 0 0.372238 1.73333 1.73333 1.73333 0 0
0.769825 0.3 -0.00967051 0 0.372238 1.73333 1.73333 1.73333 0 0
0.769516 0.4 0.0535505 0 0.372238 1.73333 1.73333 1.73333 1 0
0.769516 0.2 0.0725168 0 0.372238 1.73333 1.73333 1.73333 1 0
0.917026 0.3 0.0782066 0 0.431124 1.73333 1.73333 1.73333 1 0
0.970129 0.4 0.0799136 0 0.431124 1.73333 1.73333 1.73333 1 0
0.989247 0.5 0.0804257 0 0.431124 1.73333 1.73333 1.73333 1 0
0.993548 0.6 -0.022539 0 0.431124 1.73333 1.73333 1.73333 1 0
0.926142 0.7 -0.0534284 0 0.431124 1.73333 1.73333 1.73333 1 0
0.955685 0.8 0.215589 0 0.361566 1.73333 1.73333 1.73333 1 0
0.915237 0.9 0.296294 0 0.361566 1.73333 1.73333 1.73333 1 0
0.969485 1 0.320506 0 0.361566 1.73333 1.73333 1.73333 1 0
0.865353 0.7 0.327769 0 0.361566 1.73333 1.73333 1.73333 1 0
0.815369 0.7 0.329948 0 0.361566 1.73333 1.73333 1.73333 1 0
0.791377 0.6 0.330602 0 0.361566 1.73333 1.73333 1.73333 1 0
0.779861 0.4 0.121056 0 0.361566 1.73333 1.73333 1.73333 1 0
0.774333 0.4 -0.00319943 0 0.361566 1.73333 1.73333 1.73333 1 0
0.91876 0.4 -0.040476 0 0.361566 1.73333 1.73333 1.73333 1 0
0.91876 0.4 -0.0516589 0 0.361566 1.73333 1.73333 1.73333 1 0
0.841005 0.3 -0.0550138 0 0.291538 1.73333 1.73333 1.73333 1 0
0.942762 0.4 -0.0560203 0 0.354047 1.73333 1.73333 1.73333 1 0
0.979394 0.5 -0.0563222 0 0.424864 1.73333 1.73333 1.73333 1 0
0.987637 0.6 0.132583 0 0.484446 1.73333 1.73333 1.73333 0 0
0.924439 0.7 0.258525 0 0.484446 1.73333 1.73333 1.73333 0 0
0.972798 0.8 0.296307 0 0.484446 1.73333 1.73333 1.73333 0 0
0.866943 0.9 0.307642 0 0.484446 1.73333 1.73333 1.73333 0 0
0.9521 1 0.311043 0 0.484446 1.73333 1.73333 1.73333 0 0
0.982756 0.9 0.312063 0 0.484446 1.73333 1.73333 1.73333 0 0
0.871723 1 0.312369 0 0.404488 1.73333 1.73333 1.73333 0 0
0.95382 1 0.312461 0 0.404488 1.73333 1.73333 1.73333 0 0
0.983375 0.8 0.210405 0 0.404488 1.73333 1.73333 1.73333 0 0
0.994015 0.9 0.179788 0 0.340572 1.73333 1.73333 1.73333 0 0
0.997845 1 0.170603 0 0.340572 1.73333 1.73333 1.73333 0 0
0.999224 1 0.167848 0 0.340572 1.73333 1.73333 1.73333 0 0
0.999721 1 0.167021 0 0.340572 1.73333 1.73333 1.73333 0 0
0.999899 1 0.166773 0 0.340572 1.73333 1.73333 1.73333 0 0
0.999964 1 0.166699 0 0.340572 1.73333 1.73333 1.73333 0 0
0.999987 1 0.166676 0 0.340572 1.73333 1.73333 1.73333 0 0
0.999995 1 0.16667 0 0.340572 1.73333 1.73333 1.73333 0 0
0.999998 1 0.166668 0 0.340572 1.73333 1.73333 1.73333 0 0
0.999999 1 0.166667 0 0.340572 1.73333 1.73333 1.73333 0 0
0.999999 1 0.166667 0 0.340572 1.73333 1.73333 1.73333 0 0
1 1 0.166667 0 0.274077 1.73333 1.73333 1.73333 0 0
1 1 0.166667 0 0.274077 1.73333 1.73333 1.73333 0 0
0.88 1 0.166667 0 0.223657 1.73333 1.73333 1.73333 0 0
0.9568 1 0.283876 0 0.223657 1.73333 1.73333 1.73333 0 0
0.97408 1 0.233532 0 0.231451 1.73333 1.73333 1.73333 0 0
0.920535 1 0.218429 0 0.231451 1.73333 1.73333 1.73333 0 0
0.971393 1 0.297322 0 0.231451 1.73333 1.73333 1.73333 0 0
0.866268 1 0.32099 0 0.218356 1.73333 1.73333 1.73333 0 0
0.919761 0.9 0.271297 0 0.27895 1.73333 1.73333 1.73333 0 0
0.588647 1 0.223577 0 0.309758 1.73333 1.73333 1.73333 0 0
0.80953 1 0.20926 0 0.309758 1.73333 1.73333 1.73333 0 0
0.788575 1 0.204966 0 0.353221 1.73333 1.73333 1.73333 0 0
0.923887 1 0.203677 0 0.441976 1.73333 1.73333 1.73333 0 0
0.739109 1 0.218107 0 0.4412 1.73333 1.73333 1.73333 0 0
0.683818 0.8 0.222436 0 0.4412 1.73333 1.73333 1.73333 0 0
0.886174 0.9 0.223734 0 0.4412 1.73333 1.73333 1.73333 0 0
0.959023 1 0.224124 0 0.4412 1.73333 1.73333 1.73333 0 0
0.860331 0.8 0.224241 0 0.4412 1.73333 1.73333 1.73333 0 0
0.860331 0.9 0.224276 0 0.4412 1.73333 1.73333 1.73333 0 0
0.949719 1 0.224286 0 0.4412 1.73333 1.73333 1.73333 0 0
0.981899 0.9 0.244846 0 0.4412 1.73333 1.73333 1.73333 0 0
0.993484 1 0.251014 0 0.4412 1.73333 1.73333 1.73333 0 0
0.997654 1 0.252864 0 0.4412 1.73333 1.73333 1.73333 0 0
0.878874 1 0.253419 0 0.4412 1.73333 1.73333 1.73333 0 0
0.703099 1 -0.135224 0 0.4412 1.73333 1.73333 1.73333 0 0
0.737488 1 -0.254538 0 0.4412 1.73333 1.73333 1.73333 0 0
0.852396 1 -0.290332 0 0.4412 1.73333 1.73333 1.73333 0 0
0.852396 0.9 -0.30107 0 0.4412 1.73333 1.73333 1.73333 0 0
0.911438 1 0.0584106 0 0.387442 1.73333 1.73333 1.73333 0 0
0.58332 1 -0.122477 0 0.387442 1.73333 1.73333 1.73333 0 0
0.807996 0.9 -0.176743 0 0.387442 1.73333 1.73333 1.73333 0 0
0.930879 1 -0.193023 0 0.387442 1.73333 1.73333 1.73333 0 0
0.744703 0.9 -0.16005 0 0.387442 1.73333 1.73333 1.73333 0 0
0.685966 1 -0.150158 0 0.387442 1.73333 1.73333 1.73333 0 0
0.886948 0.9 0.0986477 0 0.387442 1.73333 1.73333 1.73333 0 0
0.709558 0.8 -0.0891557 0 0.387442 1.73333 1.73333 1.73333 0 0
0.67247 0.9 -0.185247 0 0.387442 1.73333 1.73333 1.73333 0 0
0.882089 1 -0.214074 0 0.387442 1.73333 1.73333 1.73333 0 0
0.957552 1 -0.213487 0 0.387442 1.73333 1.73333 1.73333 0 0
0.957552 1 -0.213311 0 0.387442 1.73333 1.73333 1.73333 0 0
0.859625 1 -0.213258 0 0.387442 1.73333 1.73333 1.73333 0 0
0.6877 1 -0.360644 0 0.387442 1.73333 1.73333 1.73333 0 0
0.440128 0.8 -0.245607 0 0.387442 1.73333 1.73333 1.73333 0 0
0.766757 0.7 -0.211096 0 0.387442 1.73333 1.73333 1.73333 0 0
0.916032 0.7 -0.200743 0 0.387442 1.73333 1.73333 1.73333 0 0
0.969772 0.7 -0.197637 0 0.387442 1.73333 1.73333 1.73333 0 0
0.86549 0.7 -0.196705 0 0.387442 1.73333 1.73333 1.73333 0 0
0.815435 0.5 -0.196425 0 0.387442 1.73333 1.73333 1.73333 0 0
0.791409 0.6 -0.196341 0 0.387442 1.73333 1.73333 1.73333 0 0
0.874845 0.7 -0.293902 0 0.387442 1.73333 1.73333 1.73333 0 0
0.735941 0.5 -0.323171 0 0.387442 1.73333 1.73333 1.73333 0 0
0.904939 0.6 -0.331951 0 0.387442 1.73333 1.73333 1.73333 0 0
0.834371 0.7 -0.334585 0 0.387442 1.73333 1.73333 1.73333 0 0
0.940373 0.8 -0.335376 0 0.387442 1.73333 1.73333 1.73333 0 0
0.940373 0.8 -0.335613 0 0.387442 1.73333 1.73333 1.73333 0 0
0.851379 0.6 -0.335684 0 0.387442 1.73333 1.73333 1.73333 0 0
0.946496 0.7 -0.335705 0 0.387442 1.73333 1.73333 1.73333 0 0
0.946496 0.8 -0.335712 0 0.387442 1.73333 1.73333 1.73333 0 0
0.946496 0.6 -0.335713 0 0.387442 1.73333 1.73333 1.73333 0 0
0.946496 0.6 -0.335714 0 0.387442 1.73333 1.73333 1.73333 0 0
0.757197 0.7 -0.420714 0 0.387442 1.73333 1.73333 1.73333 0 0
0.757197 0.7 -0.446214 0 0.387442 1.73333 1.73333 1.73333 0 0
0.757197 0.5 -0.453864 0 0.387442 1.73333 1.73333 1.73333 0 0
0.858073 0.6 -0.456159 0 0.387442 1.73333 1.73333 1.73333 0 0
0.686458 0.7 -0.471407 0 0.387442 1.73333 1.73333 1.73333 0 0
0.686458 0.4 -0.475981 0 0.387442 1.73333 1.73333 1.73333 0 0
0.6636 0.5 -0.477353 0 0.332518 1.73333 1.73333 1.73333 0 0
0.878896 0.6 -0.477765 0 0.332518 1.73333 1.73333 1.73333 0 0
0.956403 0.7 -0.477888 0 0.332518 1.73333 1.73333 1.73333 0 0
0.956403 0.8 -0.477925 0 0.332518 1.73333 1.73333 1.73333 0 0
0.984305 0.7 -0.477936 0 0.332518 1.73333 1.73333 1.73333 0 0
0.990583 0.8 -0.408381 0 0.332518 1.73333 1.73333 1.73333 0 0
0.925288 0.8 -0.387514 0 0.332518 1.73333 1.73333 1.73333 0 0
0.973104 0.8 -0.381254 0 0.332518 1.73333 1.73333 1.73333 0 0
0.973104 0.9 -0.379376 0 0.332518 1.73333 1.73333 1.73333 0 0
0.86709 1 -0.378813 0 0.332518 1.73333 1.73333 1.73333 0 0
0.952152 1 -0.378644 0 0.332518 1.73333 1.73333 1.73333 0 0
0.761722 0.8 -0.398593 0 0.332518 1.73333 1.73333 1.73333 0 0
0.765626 0.7 0.0061755 0 0.332518 1.73333 1.73333 1.73333 0 0
0.8605 0.8 0.127606 0 0.332518 1.73333 1.73333 1.73333 0 0
0.9163 0.7 0.222706 0 0.332518 1.73333 1.73333 1.73333 0 0
0.839824 0.6 0.248999 0 0.332518 1.73333 1.73333 1.73333 0 0
0.537487 0.5 -0.0262787 0 0.332518 1.73333 1.73333 1.73333 0 0
0.537487 0.6 -0.108862 0 0.332518 1.73333 1.73333 1.73333 0 0
0.537487 0.6 -0.133637 0 0.332518 1.73333 1.73333 1.73333 0 0
0.537487 0.2 -0.141069 0 0.332518 1.73333 1.73333 1.73333 0 0
0.794796 0.2 -0.143299 0 0.332518 1.73333 1.73333 1.73333 0 0
0.926127 0.3 -0.143968 0 0.332518 1.73333 1.73333 1.73333 0 0
0.844541 0.4 -0.144169 0 0.332518 1.73333 1.73333 1.73333 0 0
0.906725 0.4 -0.228251 0 0.332518 1.73333 1.73333 1.73333 0 0
0.580304 0.4 -0.397887 0 0.332518 1.73333 1.73333 1.73333 0 0
0.807127 0.5 -0.448778 0 0.332518 1.73333 1.73333 1.73333 0 0
0.930566 0.6 -0.464045 0 0.332518 1.73333 1.73333 1.73333 0 0
0.975004 0.7 -0.468625 0 0.332518 1.73333 1.73333 1.73333 0 0
0.975004 0.8 -0.469999 0 0.332518 1.73333 1.73333 1.73333 0 0
0.991001 0.9 -0.470412 0 0.404651 1.73333 1.73333 1.73333 0 0
0.875681 1 -0.470535 0 0.326033 1.73333 1.73333 1.73333 0 0
0.875681 0.8 -0.470572 0 0.326033 1.73333 1.73333 1.73333 0 0
0.955245 0.6 -0.470583 0 0.326033 1.73333 1.73333 1.73333 0 0
0.983888 0.6 -0.470587 0 0.326033 1.73333 1.73333 1.73333 0 0
0.9942 0.5 -0.470588 0 0.326033 1.73333 1.73333 1.73333 0 0
0.877216 0.6 -0.480882 0 0.326033 1.73333 1.73333 1.73333 0 0
0.877216 0.3 -0.483971 0 0.326033 1.73333 1.73333 1.73333 0 0
0.955798 0.2 -0.484897 0 0.326033 1.73333 1.73333 1.73333 0 0
0.955798 0.3 -0.485175 0 0.326033 1.73333 1.73333 1.73333 0 0
