0.229547 0.7 -23.8667 -2.38237 0.0738756 0 0 0 0
0.510183 0.6 -7.97305 1.15432 0.0738756 0 0 0 0
0.326517 0.7 -0.126707 1.57093 0.0738756 0 0 0 0
0.208971 0.666667 -6.08187 3.98808 0.0738756 0 0 0 0
0.133741 0.666667 4.01035 4.39401 0.0738756 0 0 0 0
0.0855944 0.666667 -13.5397 7.72585 2.6591 0 0 0 0
0.664651 0.666667 -31.7698 -21.1371 2.6591 0 0 0 0
0.798791 0.566667 -34.3508 -9.22925 1.32728 0 0 0 0
0.706736 0.6 -42.1754 -29.6146 1.46182 0 0 0 0
0.824041 0.633333 -18.5862 -7.03451 1.56946 0 0 0 0
0.527386 0.6 -8.1303 4.96489 2.25557 0 0 0 0
0.337527 0.566667 1.02744 6.9932 2.25557 0 0 0 0
0.216017 0.666667 3.13 12.1173 2.25557 0 0 0 0
0.482951 0.633333 -23.435 -18.9414 2.25557 0 0 0 0
0.386361 0.7 -26.6323 -1.0655 2.60445 0 0 0 0
0.247271 0.733333 -8.7328 0.717248 1.88356 0 0 0 0
0.158253 0.666667 0.875534 0.358624 1.70685 0 0 0 0
0.101282 0.666667 4.98322 1.31568 0.965481 0 0 0 0
0.0648205 0.666667 5.39859 7.55439 0.972384 0 0 0 0
0.424891 0.666667 -22.3007 -21.2228 0.577908 0 0 0 0
0.603948 0.7 -36.1504 -35.6114 0.577908 0 0 0 0
0.762369 0.6 -43.0752 -17.8057 0.577908 0 0 0 0
0.609895 0.6 -36.9222 -2.47428 0.577908 0 0 0 0
0.390333 0.633333 -13.1581 6.71741 0.577908 0 0 0 0
0.58736 0.633333 1.14155 14.1542 -3.93767 0 0 0 0
0.37591 0.566667 7.60203 14.8152 -2.95014 0 0 0 0
0.580437 0.6 11.3768 14.2258 -2.56011 0 0 0 0
0.67861 0.566667 -2.52523 15.6356 -2.56011 0 0 0 0
0.43431 0.6 -19.2388 16.3323 -2.44809 0 0 0 0
0.765081 0.566667 -34.6194 -16.8339 -4.35847 0 0 0 0
0.915429 0.6 -42.3097 -33.4169 1.51322 0 0 0 0
0.732343 0.533333 -13.2977 -7.46933 1.41058 0 0 0 0
0.751525 0.6 -0.00822902 -3.13943 1.41058 0 0 0 0
0.480976 0.566667 6.66255 1.86096 1.41058 0 0 0 0
0.630868 0.6 10.7532 2.71619 -3.47154 0 0 0 0
0.403756 0.6 12.1948 7.6081 -2.57723 0 0 0 0
0.555042 0.533333 -18.9026 -21.196 -2.86178 0 0 0 0
0.839815 0.6 -34.4513 -35.598 -2.86178 0 0 0 0
0.671852 0.6 -12.7902 -17.3958 -2.86178 0 0 0 0
0.429985 0.566667 -9.01039 -6.97374 -2.86178 0 0 0 0
0.275191 0.6 1.37716 -3.48687 -2.86178 0 0 0 0
0.176122 0.633333 5.68858 -0.493436 -2.86178 0 0 0 0
0.484539 0.633333 7.21929 3.63259 -2.86178 0 0 0 0
0.632578 0.6 6.42214 5.18168 -2.86178 0 0 0 0
0.40485 0.666667 -15.9854 6.29651 -2.86178 0 0 0 0
0.756597 0.6 -32.9927 -21.8517 -2.86178 0 0 0 0
0.605277 0.6 -12.5329 -6.29624 -2.86178 0 0 0 0
0.387378 0.6 -1.13826 2.14034 -2.86178 0 0 0 0
0.548753 0.633333 -25.5691 -23.9298 -2.86178 0 0 0 0
0.729252 0.6 -27.7236 -7.79825 -2.86178 0 0 0 0
0.680033 0.633333 -38.8618 -28.8991 -2.86178 0 0 0 0
0.884812 0.666667 -44.4309 -39.4496 -2.86178 0 0 0 0
0.707849 0.7 -37.5029 -15.1613 -2.86178 0 0 0 0
0.453024 0.733333 -9.10029 -7.58064 -2.86178 0 0 0 0
0.573961 0.766667 -29.5501 -28.7903 -2.86178 0 0 0 0
0.675501 0.666667 -39.7751 -39.3952 -2.86178 0 0 0 0
0.724241 0.733333 -44.8875 -44.6976 -2.86178 0 0 0 0
0.579392 0.766667 -18.032 -21.0095 -2.86178 0 0 0 0
0.370811 0.766667 -9.90886 -10.0583 -2.86178 0 0 0 0
0.542391 0.766667 -29.9544 -30.0292 -2.86178 0 0 0 0
0.660348 0.766667 -39.9772 -40.0146 -2.86178 0 0 0 0
0.716967 0.7 -44.9886 -45.0073 3.11057 0 0 0 0
0.83018 0.733333 -17.911 -17.7089 2.68846 0 0 0 0
0.531315 0.7 -5.10933 -3.25098 1.95077 0 0 0 0
0.340042 0.666667 1.01676 3.54692 1.36061 0 0 0 0
0.217627 0.633333 -2.35406 5.86169 1.08849 0 0 0 0
0.139281 0.6 5.67781 7.78965 0.670792 0 0 0 0
0.466855 0.633333 6.2764 14.3115 1.93663 0 0 0 0
0.298787 0.6 7.30487 23.5843 0.349307 0 0 0 0
0.191224 0.633333 2.41292 28.4588 1.27945 0 0 0 0
0.491787 0.6 3.82274 27.1758 1.42356 0 0 0 0
0.314744 0.633333 -12.0309 14.3022 1.42356 0 0 0 0
0.520862 0.6 -31.0155 -17.8489 -0.261155 0 0 0 0
0.416689 0.633333 -11.8492 0.318277 -0.608924 0 0 0 0
0.600011 0.566667 -9.92592 6.40914 -0.608924 0 0 0 0
0.630404 0.6 -29.963 -21.7954 -5.28714 0 0 0 0
0.702594 0.6 -39.9815 -35.8977 -2.82971 0 0 0 0
0.821556 0.633333 -14.3089 -13.4034 -2.82971 0 0 0 0
0.715478 0.566667 -32.1545 -31.7017 -3.66377 0 0 0 0
0.572382 0.6 -9.09194 -6.19176 -3.66377 0 0 0 0
0.366325 0.6 -18.8842 4.29048 -3.66377 0 0 0 0
0.540669 0.633333 -34.4421 -22.8548 -2.93102 0 0 0 0
0.432535 0.633333 -37.6756 -7.08975 1.85519 0 0 0 0
0.276822 0.633333 -12.3984 2.13694 1.48415 0 0 0 0
0.177166 0.7 -12.7252 10.3076 1.48415 0 0 0 0
0.468032 0.666667 -31.3626 -19.8462 1.48415 0 0 0 0
0.624655 0.666667 -40.6813 -34.9231 0.58732 0 0 0 0
0.499724 0.666667 -17.0318 -11.7797 -3.13014 0 0 0 0
0.591894 0.633333 -33.5159 -30.8899 -2.50412 0 0 0 0
0.473515 0.633333 -19.2047 -10.0289 2.19671 0 0 0 0
0.30305 0.666667 -6.29353 2.9401 0.757366 0 0 0 0
0.516371 0.633333 -28.1468 -23.5299 -0.394107 0 0 0 0
0.709823 0.633333 -16.8122 -11.8191 -2.31529 0 0 0 0
0.740715 0.6 3.91009 1.42741 -2.05223 0 0 0 0
0.853326 0.6 -23.045 -24.2863 1.95822 0 0 0 0
0.853326 0.533333 -11.5225 -12.1431 1.95822 0 0 0 0
0.911996 0.633333 -0.344572 -6.07157 1.95822 0 0 0 0
0.911996 0.566667 -0.172286 -3.03579 1.95822 0 0 0 0
0.911996 0.633333 -0.0861431 -1.51789 1.95822 0 0 0 0
0.911996 0.633333 -0.0430715 -0.758947 1.95822 0 0 0 0
0.911996 0.733333 -0.0215358 -0.379473 1.95822 0 0 0 0
0.911996 0.733333 -0.0107679 -0.189737 1.95822 0 0 0 0
0.911996 0.833333 -0.00538394 -0.0948683 1.95822 0 0 0 0
0.911996 0.833333 -0.00269197 -0.0474342 1.95822 0 0 0 0
0.911996 0.9 -0.00134599 -0.0237171 1.95822 0 0 0 0
0.911996 0.9 -0.000672993 -0.0118585 1.95822 0 0 0 0
0.911996 0.9 -0.000336496 -0.00592927 1.95822 0 0 0 0
0.837758 0.9 -25.0002 -25.003 1.95822 0 0 0 0
0.837758 0.8 -12.5001 -12.5015 1.95822 0 0 0 0
0.837758 0.8 -6.25004 -6.25074 1.95822 0 0 0 0
0.837758 0.8 -3.12502 -3.12537 1.95822 0 0 0 0
0.670206 0.8 -12.3958 5.85269 1.95822 0 0 0 0
0.428932 0.7 -10.9393 2.71417 -1.63343 0 0 0 1
0.605887 0.7 -2.07669 4.72552 -1.63343 0 0 0 1
0.763532 0.6 -8.63638 -0.0565943 0.0932591 0 0 0 1
0.766496 0.7 2.93181 -0.785873 -0.925393 0 0 0 1
0.490557 0.6 3.85994 11.3258 -0.940314 0 0 0 1
0.588374 0.6 -23.07 -19.3371 -0.952251 0 0 0 1
0.753024 0.566667 -36.535 -9.66855 -0.952251 0 0 0 1
0.602419 0.566667 -43.2675 -4.83427 -0.952251 0 0 0 1
0.856871 0.566667 -46.6338 -27.4171 3.0382 0 0 0 1
0.914123 0.566667 -20.3121 -3.55232 2.43056 0 0 0 1
0.838779 0.633333 -35.156 -0.0869712 2.43056 0 0 0 1
0.536818 0.533333 -14.6525 14.0694 2.43056 0 0 0 1
0.606138 0.6 -32.3262 -17.9653 2.43056 0 0 0 1
0.85821 0.6 -41.1631 -33.9826 2.43056 0 0 0 1
0.686568 0.566667 -45.5816 -41.9913 2.43056 0 0 0 1
0.686568 0.6 -22.7908 -20.9957 2.43056 0 0 0 1
0.686568 0.633333 -11.3954 -10.4978 2.43056 0 0 0 1
0.686568 0.666667 -5.6977 -5.24892 2.43056 0 0 0 1
0.686568 0.7 -2.84885 -2.62446 2.43056 0 0 0 1
0.686568 0.733333 -1.42442 -1.31223 2.43056 0 0 0 1
0.686568 0.8 -0.712212 -0.656114 2.43056 0 0 0 1
0.686568 0.8 -0.356106 -0.328057 2.43056 0 0 0 1
0.686568 0.9 -0.178053 -0.164029 2.43056 0 0 0 1
0.729553 0.9 -25.089 -0.0820143 2.43056 0 0 0 1
0.837732 0.8 -37.5445 -0.0410072 2.43056 0 0 0 1
0.837732 0.8 -18.7723 -0.0205036 2.43056 0 0 0 1
0.837732 0.7 -9.38613 -0.0102518 2.43056 0 0 0 1
0.837732 0.7 -4.69306 -0.00512589 2.43056 0 0 0 1
0.670185 0.7 -27.3465 -0.00256295 2.43056 0 0 0 1
0.670185 0.6 -13.6733 -0.00128147 2.43056 0 0 0 1
0.670185 0.6 -6.83663 -0.000640737 2.43056 0 0 0 1
0.670185 0.7 -3.41832 -0.000320368 2.43056 0 0 0 1
0.670185 0.7 -1.70916 -0.000160184 2.43056 0 0 0 1
0.670185 0.766667 -0.854579 -8.00921e-005 2.43056 0 0 0 1
0.670185 0.8 -0.42729 -4.0046e-005 2.43056 0 0 0 1
0.670185 0.8 -0.213645 -2.0023e-005 2.43056 0 0 0 1
0.670185 0.9 -0.106822 -1.00115e-005 2.43056 0 0 0 1
0.670185 0.9 -0.0534112 -5.00576e-006 2.43056 0 0 0 1
0.802111 0.9 12.838 -0.390628 2.43056 0 0 0 1
0.802111 0.8 6.41901 -0.195314 2.43056 0 0 0 1
0.785013 0.8 -1.25478 0.7952 2.43056 0 0 0 1
0.871008 0.7 -3.24367 0.3976 2.43056 0 0 0 1
0.696806 0.7 -4.52881 9.12737 2.43056 0 0 0 1
0.557445 0.633333 -27.2644 4.56369 2.43056 0 0 0 1
0.667574 0.633333 -38.6322 -1.88482 -2.25555 0 0 0 1
0.534059 0.566667 -21.3994 -0.942412 -2.25555 0 0 0 1
0.656348 0.633333 -10.2172 1.90975 1.39556 0 0 0 1
0.829028 0.6 -30.1086 -24.0451 1.91645 0 0 0 1
0.93845 0.533333 -40.0543 -37.0226 1.73316 0 0 0 1
0.96307 0.6 -24.4021 -21.6363 1.98653 0 0 0 1
0.862274 0.566667 -37.2011 -10.8181 1.98653 0 0 0 0
0.917364 0.6 -0.267204 2.09093 1.98653 0 0 0 0
0.733891 0.6 -2.80956 3.69698 1.38922 0 0 0 0
0.752268 0.633333 -18.4881 12.4735 1.38922 0 0 0 0
0.856653 0.633333 -34.2441 -18.7633 0.711376 0 0 0 0
0.685323 0.666667 -20.9682 1.41383 -0.630899 0 0 0 0
0.438606 0.633333 -15.4841 -3.04309 -0.630899 0 0 0 0
