0.765681 0.9 3.19767 -1.72414 -23.0589 0 0 0 0 0
0.860516 0.8 -23.4012 -25.8621 -12.2236 0 0 0 0 0
0.91631 0.8 -3.5705 -12.6224 -4.88942 0 0 0 0 0
0.839829 0.7 -3.09207 -5.84823 2.84423 0 0 0 0 0
0.803118 0.7 0.588112 0.149893 -0.0623079 0 0 0 0 0
0.785497 0.666667 4.32631 0.276559 55.1751 0 0 0 0 0
0.866223 0.6 -22.8368 -24.8617 19.67 0 0 0 0 0
0.919734 0.566667 -36.4184 -14.6103 -29.932 0 0 0 0 0
0.841472 0.6 -14.1651 -7.30517 -13.1728 0 0 0 0 0
0.723125 0.566667 -32.0825 -28.6526 19.3309 0 0 0 0 0
0.833875 0.666667 -14.9075 -8.70848 20.3324 0 0 0 0 0
0.53368 0.666667 -5.02318 -1.57646 9.33294 0 0 0 0 0
0.341555 0.566667 1.07297 1.32574 4.33318 0 0 0 0 0
0.531157 0.6 -24.4635 -24.3371 -58.2667 0 0 0 0 0
0.531157 0.533333 -12.2318 -12.1686 -58.2667 0 0 0 1 0
0.531157 0.6 -6.11588 -6.08428 -58.2667 0 0 0 1 0
0.718694 0.633333 -28.0579 -3.04214 -58.2667 0 0 0 1 0
0.718694 0.6 -14.029 -1.52107 -58.2667 0 0 0 1 0
0.718694 0.6 -7.01448 -0.760535 -58.2667 0 0 0 1 0
0.831217 0.7 -2.69203 3.53016 22.2933 0 0 0 1 0
0.798984 0.6 10.5858 2.19611 -21.0827 0 0 0 1 0
0.783512 0.7 18.6452 6.95743 13.7669 0 0 0 1 0
0.776086 0.6 22.6559 9.5271 -17.8932 0 0 0 1 0
0.772521 0.6 9.82796 11.9064 -17.9573 0 0 0 1 0
0.494414 0.633333 -20.086 -19.0468 4.81708 0 0 0 1 0
0.494414 0.6 -10.043 -9.5234 4.81708 0 0 0 1 0
0.494414 0.6 -5.0215 -4.7617 4.81708 0 0 0 1 0
0.494414 0.633333 -2.51075 -2.38085 4.81708 0 0 0 1 0
0.494414 0.7 -1.25538 -1.19042 4.81708 0 0 0 1 0
0.494414 0.733333 -0.627688 -0.595212 4.81708 0 0 0 1 0
0.494414 0.8 -0.313844 -0.297606 4.81708 0 0 0 1 0
0.494414 0.8 -0.156922 -0.148803 4.81708 0 0 0 1 0
0.494414 0.9 -0.078461 -0.0744015 4.81708 0 0 0 1 0
0.494414 0.9 -0.0392305 -0.0372008 4.81708 0 0 0 1 0
0.494414 0.9 -0.0196153 -0.0186004 4.81708 0 0 0 1 0
0.494414 0.9 -0.00980763 -0.00930019 4.81708 0 0 0 1 1
0.494414 0.9 -0.00490381 -0.0046501 4.81708 0 0 0 1 1
0.494414 0.9 -0.00245191 -0.00232505 4.81708 0 0 0 1 1
0.494414 0.9 -0.00122595 -0.00116252 4.81708 0 0 0 1 1
0.494414 0.9 -0.000612977 -0.000581262 4.81708 0 0 0 1 1
0.494414 0.9 -0.000306488 -0.000290631 4.81708 0 0 0 1 1
0.494414 0.9 -0.000153244 -0.000145316 4.81708 0 0 0 1 1
0.494414 0.9 -7.66221e-005 -7.26578e-005 4.81708 0 0 0 1 1
0.494414 0.9 -3.8311e-005 -3.63289e-005 4.81708 0 0 0 1 1
0.494414 0.9 -1.91555e-005 -1.81644e-005 4.81708 0 0 0 1 1
0.494414 0.9 -9.57776e-006 -9.08222e-006 4.81708 0 0 0 1 1
0.494414 0.9 -4.78888e-006 -4.54111e-006 4.81708 0 0 0 1 1
0.494414 0.9 -2.39444e-006 -2.27055e-006 4.81708 0 0 0 1 1
0.494414 0.9 -1.19722e-006 -1.13528e-006 4.81708 0 0 0 1 1
0.494414 0.9 -5.9861e-007 -5.67639e-007 4.81708 0 0 0 1 1
0.494414 0.9 -2.99305e-007 -2.83819e-007 4.81708 0 0 0 1 1
0.494414 0.9 -1.49653e-007 -1.4191e-007 4.81708 0 0 0 1 1
0.494414 0.9 -7.48263e-008 -7.09548e-008 4.81708 0 0 0 1 1
0.494414 0.9 -3.74131e-008 -3.54774e-008 4.81708 0 0 0 1 1
0.494414 0.9 -1.87066e-008 -1.77387e-008 4.81708 0 0 0 0 0
0.494414 0.9 -9.35328e-009 -8.86936e-009 4.81708 0 0 0 0 0
0.494414 0.9 -4.67664e-009 -4.43468e-009 4.81708 0 0 0 0 0
0.395531 0.9 -2.33832e-009 -2.21734e-009 4.81708 0 0 0 0 1
0.637319 0.8 -25 -1.10867e-009 4.81708 0 0 0 0 1
0.637319 0.8 -12.5 -5.54335e-010 4.81708 0 0 0 0 1
0.782391 0.8 -3.92442 -2.77167e-010 4.81708 0 0 0 0 1
0.782391 0.7 -1.96221 -1.38584e-010 4.81708 0 0 0 0 1
0.782391 0.7 -0.981105 -6.92918e-011 4.81708 0 0 0 0 1
0.782391 0.7 -0.490552 -3.46459e-011 4.81708 0 0 0 0 1
0.869435 0.7 3.07105 -1.7323e-011 4.81708 0 0 0 0 1
0.695548 0.6 2.3878 2.15517 -12.4732 0 0 0 0 1
0.445151 0.7 5.10015 1.85884 30.4107 0 0 0 0 1
0.284896 0.633333 7.75841 4.44504 13.9643 0 0 0 0 1
0.182334 0.7 9.59349 5.0451 -26.8143 0 0 0 0 1
0.116694 0.633333 11.7116 7.9913 -12.5257 0 0 0 0 1
0.44481 0.6 -19.1442 -21.0043 9.38972 0 0 0 0 1
0.355848 0.6 -24.8183 -1.5736 -14.2441 0 0 0 0 1
0.227743 0.6 -37.4092 -4.80466 20.7024 0 0 0 0 1
0.145755 0.6 -43.7046 -5.97376 8.88094 0 0 0 0 1
0.0932835 0.6 -46.8523 -2.98688 -9.04762 0 0 0 0 1
0.0597014 0.6 -21.69 0.242672 -4.21905 0 0 0 0 1
0.428657 0.6 -1.37532 -4.42412 7.31238 0 0 0 0 1
