0.598279 0.9 -1.19211e-005 -6.94353e-011 0.0767395 -19 1 -14 0
0.598279 0.9 -5.96054e-006 -3.47176e-011 0.0767395 -19 1 -14 0
0.598279 0.9 -2.98027e-006 -1.73588e-011 0.0767395 -19 1 -14 0
0.598279 0.9 -1.49014e-006 -8.67941e-012 0.0767395 -19 1 -14 0
0.598279 0.9 -7.45068e-007 -4.3397e-012 0.0767395 -19 1 -14 0
0.598279 0.9 -3.72534e-007 -2.16985e-012 0.0767395 -19 1 -14 0
0.598279 0.8 -1.86267e-007 -1.08493e-012 0.0767395 -19 1 -14 0
0.598279 0.8 -9.31335e-008 -5.42463e-013 0.0767395 -19 1 -14 0
0.598279 0.8 -4.65668e-008 -2.71232e-013 0.0767395 -19 1 -14 0
0.598279 0.8 -2.32834e-008 -1.35616e-013 0.0767395 -19 1 -14 0
0.598279 0.8 -1.16417e-008 -6.78079e-014 0.0767395 -19 1 -14 0
0.598279 0.8 -5.82084e-009 -3.39039e-014 0.0767395 -19 1 -14 0
0.598279 0.8 -2.91042e-009 -1.6952e-014 0.0767395 -19 1 -14 0
0.598279 0.9 -1.45521e-009 -8.47599e-015 0.0767395 -19 1 -14 0
0.758968 0.9 5.85937 1.51515 4.66139 -4 -1 -5 0
0.764304 0.8 15.4629 -0.273009 5.12911 -4 -1 -5 0
0.764304 0.8 7.73147 -0.136505 5.12911 -4 -1 -5 0
0.764304 0.8 3.86573 -0.0682523 5.12911 -4 -1 -5 0
0.489155 0.8 9.49636 4.13968 5.12911 -4 -1 -5 0
0.391324 0.7 5.95786 3.31984 5.12911 -4 -1 -5 0
0.391324 0.7 2.97893 1.65992 5.12911 -4 -1 -5 0
0.391324 0.7 1.48946 0.82996 5.12911 -4 -1 -5 0
0.391324 0.7 0.744732 0.41498 5.12911 -4 -1 -5 0
0.391324 0.8 0.372366 0.20749 5.12911 -4 -1 -5 0
0.391324 0.8 0.186183 0.103745 5.12911 -4 -1 -5 0
0.391324 0.8 0.0930915 0.0518725 5.12911 -4 -1 -5 0
0.313059 0.8 -10.891 3.59736 2.50329 -4 -1 -5 0
0.520215 0.8 -30.4455 -23.2013 2.50329 -4 -1 -5 0
0.520215 0.8 -15.2227 -11.6007 2.50329 -4 -1 -5 0
0.520215 0.8 -7.61137 -5.80033 2.50329 -4 -1 -5 0
0.520215 0.8 -3.80568 -2.90016 2.50329 -4 -1 -5 0
0.520215 0.8 -1.90284 -1.45008 2.50329 -4 -1 -5 0
0.520215 0.8 -0.951421 -0.725041 2.50329 -4 -1 -5 0
0.520215 0.8 -0.475711 -0.362521 2.50329 -4 -1 -5 0
0.520215 0.833333 -0.237855 -0.18126 2.50329 -4 -1 -5 0
0.520215 0.9 -0.118928 -0.0906301 2.50329 -4 -1 -5 0
0.520215 0.9 -0.0594638 -0.0453151 2.50329 -4 -1 -5 0
0.520215 0.9 -0.0297319 -0.0226575 2.50329 -4 -1 -5 0
0.520215 0.9 -0.014866 -0.0113288 2.50329 -4 -1 -5 0
0.520215 0.9 -0.00743298 -0.00566438 2.50329 -4 -1 -5 0
0.520215 0.9 -0.00371649 -0.00283219 2.50329 -4 -1 -5 0
0.520215 0.9 -0.00185824 -0.0014161 2.50329 -4 -1 -5 0
0.416172 0.9 -25.0009 -0.000708048 2.50329 -4 -1 -5 0
0.332937 0.8 -37.5005 0.861715 2.50329 -4 -1 -5 0
0.21308 0.8 -19.0053 5.50898 2.50329 -4 -1 -5 0
0.21308 0.7 -9.50267 2.75449 2.50329 -4 -1 -5 0
0.21308 0.7 -4.75133 1.37725 2.50329 -4 -1 -5 0
0.21308 0.7 -2.37567 0.688623 2.50329 -4 -1 -5 0
0.21308 0.7 -1.18783 0.344311 2.50329 -4 -1 -5 0
0.21308 0.7 -0.593917 0.172156 2.50329 -4 -1 -5 0
0.21308 0.8 -0.296958 0.0860779 2.50329 -4 -1 -5 0
0.21308 0.8 -0.148479 0.0430389 2.50329 -4 -1 -5 0
0.21308 0.9 -0.0742396 0.0215195 2.50329 -4 -1 -5 0
0.21308 0.9 -0.0371198 0.0107597 2.50329 -4 -1 -5 0
0.21308 0.9 -0.0185599 0.00537987 2.50329 -4 -1 -5 0
0.21308 0.9 -0.00927995 0.00268993 2.50329 -4 -1 -5 0
0.21308 0.9 -0.00463997 0.00134497 2.50329 -4 -1 -5 0
0.21308 0.9 -0.00231999 0.000672483 2.50329 -4 -1 -5 0
0.21308 0.9 -0.00115999 0.000336242 2.50329 -4 -1 -5 0
0.21308 0.9 -0.000579997 0.000168121 2.50329 -4 -1 -5 0
0.21308 0.9 -0.000289998 8.40604e-005 2.50329 -4 -1 -5 0
0.21308 0.9 -0.000144999 4.20302e-005 2.50329 -4 -1 -5 0
0.21308 0.8 -7.24996e-005 2.10151e-005 2.50329 -4 -1 -5 0
0.21308 0.8 -3.62498e-005 1.05076e-005 2.50329 -4 -1 -5 0
0.21308 0.8 -1.81249e-005 5.25378e-006 2.50329 -4 -1 -5 0
0.21308 0.8 -9.06245e-006 2.62689e-006 2.50329 -4 -1 -5 0
0.21308 0.8 -4.53122e-006 1.31344e-006 2.50329 -4 -1 -5 0
0.21308 0.8 -2.26561e-006 6.56722e-007 2.50329 -4 -1 -5 0
0.21308 0.8 -1.13281e-006 3.28361e-007 2.50329 -4 -1 -5 0
0.21308 0.9 -5.66403e-007 1.6418e-007 2.50329 -4 -1 -5 0
0.21308 0.9 -2.83202e-007 8.20902e-008 2.50329 -4 -1 -5 0
0.21308 0.9 -1.41601e-007 4.10451e-008 2.50329 -4 -1 -5 0
0.21308 0.9 -7.08004e-008 2.05226e-008 2.50329 -4 -1 -5 0
0.21308 0.9 -3.54002e-008 1.02613e-008 2.50329 -4 -1 -5 0
0.21308 0.9 -1.77001e-008 5.13064e-009 2.50329 -4 -1 -5 0
0.21308 0.9 -8.85005e-009 2.56532e-009 2.50329 -4 -1 -5 0
0.21308 0.9 -4.42502e-009 1.28266e-009 2.50329 -4 -1 -5 0
0.21308 0.9 -2.21251e-009 6.4133e-010 2.50329 -4 -1 -5 0
0.21308 0.9 -1.10626e-009 3.20665e-010 2.50329 -4 -1 -5 0
0.21308 0.9 -5.53128e-010 1.60332e-010 2.50329 -4 -1 -5 0
0.21308 0.9 -2.76564e-010 8.01662e-011 2.50329 -4 -1 -5 0
0.21308 0.9 -1.38282e-010 4.00831e-011 2.50329 -4 -1 -5 0
0.21308 0.9 -6.9141e-011 2.00416e-011 2.50329 -4 -1 -5 0
0.21308 0.9 -3.45705e-011 1.00208e-011 2.50329 -4 -1 -5 0
0.21308 0.9 -1.72853e-011 5.01039e-012 2.50329 -4 -1 -5 0
0.21308 0.9 -8.64263e-012 2.5052e-012 2.50329 -4 -1 -5 0
0.21308 0.9 -4.32131e-012 1.2526e-012 2.50329 -4 -1 -5 0
0.21308 0.9 -2.16066e-012 6.26299e-013 2.50329 -4 -1 -5 0
0.21308 0.9 -1.08033e-012 3.13149e-013 2.50329 -4 -1 -5 0
0.21308 0.9 -5.40164e-013 1.56575e-013 2.50329 -4 -1 -5 0
0.21308 0.9 -2.70082e-013 7.82873e-014 2.50329 -4 -1 -5 0
0.21308 0.9 -1.35041e-013 3.91437e-014 2.50329 -4 -1 -5 0
0.21308 0.9 -6.75205e-014 1.95718e-014 2.50329 -4 -1 -5 0
0.21308 0.9 -3.37603e-014 9.78592e-015 2.50329 -4 -1 -5 0
0.21308 0.9 -1.68801e-014 4.89296e-015 2.50329 -4 -1 -5 0
0.21308 0.9 -8.44006e-015 2.44648e-015 2.50329 -4 -1 -5 0
0.21308 0.9 -4.22003e-015 1.22324e-015 2.50329 -4 -1 -5 0
0.21308 0.9 -2.11002e-015 6.1162e-016 2.50329 -4 -1 -5 0
0.21308 0.9 -1.05501e-015 3.0581e-016 2.50329 -4 -1 -5 0
0.21308 0.9 -5.27504e-016 1.52905e-016 2.50329 -4 -1 -5 0
0.21308 0.9 -2.63752e-016 7.64525e-017 2.50329 -4 -1 -5 0
0.21308 0.9 -1.31876e-016 3.82262e-017 2.50329 -4 -1 -5 0
0.21308 0.9 -6.5938e-017 1.91131e-017 2.50329 -4 -1 -5 0
0.21308 0.9 -3.2969e-017 9.55656e-018 2.50329 -4 -1 -5 0
0.21308 0.9 -1.64845e-017 4.77828e-018 2.50329 -4 -1 -5 0
0.21308 0.9 -8.24225e-018 2.38914e-018 2.50329 -4 -1 -5 0
0.21308 0.9 -4.12112e-018 1.19457e-018 2.50329 -4 -1 -5 0
0.21308 0.9 -2.06056e-018 5.97285e-019 2.50329 -4 -1 -5 0
0.21308 0.9 -1.03028e-018 2.98643e-019 2.50329 -4 -1 -5 0
0.21308 0.9 -5.15141e-019 1.49321e-019 2.50329 -4 -1 -5 0
0.21308 0.8 -2.5757e-019 7.46606e-020 2.50329 -4 -1 -5 0
0.21308 0.8 -1.28785e-019 3.73303e-020 2.50329 -4 -1 -5 0
0.21308 0.8 -6.43926e-020 1.86652e-020 2.50329 -4 -1 -5 0
0.21308 0.8 -3.21963e-020 9.33258e-021 2.50329 -4 -1 -5 0
0.21308 0.8 -1.60981e-020 4.66629e-021 2.50329 -4 -1 -5 0
0.21308 0.8 -8.04907e-021 2.33314e-021 2.50329 -4 -1 -5 0
0.21308 0.8 -4.02454e-021 1.16657e-021 2.50329 -4 -1 -5 0
0.527848 0.9 -25 5.83286e-022 2.50329 -4 -1 -5 0
0.527848 0.8 -12.5 2.91643e-022 2.50329 -4 -1 -5 0
0.716709 0.8 -31.25 1.45822e-022 2.50329 -4 -1 -5 0
0.716709 0.8 -15.625 7.29108e-023 2.50329 -4 -1 -5 0
0.573367 0.8 -4.18347 0.625 2.50329 -4 -1 -5 0
0.573367 0.766667 -2.09173 0.3125 2.50329 -4 -1 -5 0
0.573367 0.766667 -1.04587 0.15625 2.50329 -4 -1 -5 0
0.573367 0.766667 -0.522933 0.078125 2.50329 -4 -1 -5 0
0.573367 0.866667 -0.261467 0.0390625 2.50329 -4 -1 -5 0
0.573367 0.866667 -0.130733 0.0195312 2.50329 -4 -1 -5 0
0.573367 0.866667 -0.0653667 0.00976562 2.50329 -4 -1 -5 0
0.573367 0.866667 -0.0326833 0.00488281 2.50329 -4 -1 -5 0
0.458694 0.9 -25.0163 -24.9976 2.50329 -4 -1 -5 0
0.366955 0.8 -12.5082 -12.4988 2.50329 -4 -1 -5 0
0.366955 0.8 -6.25409 -6.24939 2.50329 -4 -1 -5 0
0.366955 0.8 -3.12704 -3.12469 2.50329 -4 -1 -5 0
0.366955 0.8 -1.56352 -1.56235 2.50329 -4 -1 -5 0
0.366955 0.7 -0.781761 -0.781174 2.50329 -4 -1 -5 0
0.293564 0.7 -4.95819 -0.390587 2.50329 -4 -1 -5 0
0.293564 0.6 -2.47909 -0.195293 2.50329 -4 -1 -5 0
0.293564 0.6 -1.23955 -0.0976467 2.50329 -4 -1 -5 0
0.293564 0.7 -0.619774 -0.0488234 2.50329 -4 -1 -5 0
0.293564 0.7 -0.309887 -0.0244117 2.50329 -4 -1 -5 0
0.293564 0.666667 -0.154943 -0.0122058 2.50329 -4 -1 -5 0
0.293564 0.7 -0.0774717 -0.00610292 2.50329 -4 -1 -5 0
0.293564 0.666667 -0.0387358 -0.00305146 2.50329 -4 -1 -5 0
0.293564 0.766667 -0.0193679 -0.00152573 2.50329 -4 -1 -5 0
0.293564 0.666667 -0.00968396 -0.000762865 2.50329 -4 -1 -5 0
0.293564 0.666667 -0.00484198 -0.000381432 2.50329 -4 -1 -5 0
0.293564 0.666667 -0.00242099 -0.000190716 2.50329 -4 -1 -5 0
0.293564 0.6 -0.0012105 -9.53581e-005 2.50329 -4 -1 -5 0
0.234851 0.6 -25.0006 -4.76791e-005 2.50329 -4 -1 -5 0
0.234851 0.6 -12.5003 -2.38395e-005 2.50329 -4 -1 -5 0
0.234851 0.6 -6.25015 -1.19198e-005 2.50329 -4 -1 -5 0
0.234851 0.7 -3.12508 -5.95988e-006 2.50329 -4 -1 -5 0
0.234851 0.7 -1.56254 -2.97994e-006 2.50329 -4 -1 -5 0
0.234851 0.7 -0.781269 -1.48997e-006 2.50329 -4 -1 -5 0
0.234851 0.8 -0.390634 -7.44985e-007 2.50329 -4 -1 -5 0
0.234851 0.8 -0.195317 -3.72493e-007 2.50329 -4 -1 -5 0
0.234851 0.8 -0.0976586 -1.86246e-007 2.50329 -4 -1 -5 0
0.234851 0.8 -0.0488293 -9.31232e-008 2.50329 -4 -1 -5 0
0.234851 0.8 -0.0244147 -4.65616e-008 2.50329 -4 -1 -5 0
0.234851 0.8 -0.0122073 -2.32808e-008 2.50329 -4 -1 -5 0
0.187881 0.8 -25.0061 -1.16404e-008 2.50329 -4 -1 -5 0
0.187881 0.7 -12.5031 -5.8202e-009 2.50329 -4 -1 -5 0
0.187881 0.7 -6.25153 -2.9101e-009 2.50329 -4 -1 -5 0
0.187881 0.7 -3.12576 -1.45505e-009 2.50329 -4 -1 -5 0
0.187881 0.7 -1.56288 -7.27525e-010 2.50329 -4 -1 -5 0
0.512729 0.7 0.952895 -3.63762e-010 2.50329 -4 -1 -5 0
0.512729 0.6 0.476447 -1.81881e-010 2.50329 -4 -1 -5 0
0.512729 0.6 0.238224 -9.09406e-011 2.50329 -4 -1 -5 0
0.512729 0.6 0.119112 -4.54703e-011 2.50329 -4 -1 -5 0
0.512729 0.6 0.0595559 -2.27351e-011 2.50329 -4 -1 -5 0
0.512729 0.6 0.029778 -1.13676e-011 2.50329 -4 -1 -5 0
0.512729 0.7 0.014889 -5.68379e-012 2.50329 -4 -1 -5 0
0.512729 0.7 0.00744449 -2.84189e-012 2.50329 -4 -1 -5 0
0.512729 0.8 0.00372224 -1.42095e-012 2.50329 -4 -1 -5 0
0.512729 0.8 0.00186112 -7.10473e-013 2.50329 -4 -1 -5 0
0.512729 0.8 0.000930561 -3.55237e-013 2.50329 -4 -1 -5 0
0.512729 0.8 0.000465281 -1.77618e-013 2.50329 -4 -1 -5 0
0.512729 0.8 0.00023264 -8.88092e-014 2.50329 -4 -1 -5 0
0.512729 0.8 0.00011632 -4.44046e-014 2.50329 -4 -1 -5 0
0.512729 0.8 5.81601e-005 -2.22023e-014 2.50329 -4 -1 -5 0
0.512729 0.8 2.908e-005 -1.11011e-014 2.50329 -4 -1 -5 0
0.512729 0.7 1.454e-005 -5.55057e-015 2.50329 -4 -1 -5 0
0.512729 0.8 7.27001e-006 -2.77529e-015 2.50329 -4 -1 -5 0
0.512729 0.8 3.635e-006 -1.38764e-015 2.50329 -4 -1 -5 0
0.512729 0.8 1.8175e-006 -6.93822e-016 2.50329 -4 -1 -5 0
0.512729 0.8 9.08751e-007 -3.46911e-016 2.50329 -4 -1 -5 0
0.512729 0.8 4.54376e-007 -1.73455e-016 2.50329 -4 -1 -5 0
0.512729 0.8 2.27188e-007 -8.67277e-017 2.50329 -4 -1 -5 0
0.512729 0.9 1.13594e-007 -4.33639e-017 2.50329 -4 -1 -5 0
0.512729 0.9 5.67969e-008 -2.16819e-017 2.50329 -4 -1 -5 0
0.410183 0.9 2.12264 -1.0841e-017 2.50329 -4 -1 -5 0
0.328146 0.8 2.53191 -5.42048e-018 2.50329 -4 -1 -5 0
0.262517 0.8 -23.734 -2.71024e-018 2.50329 -4 -1 -5 0
0.55751 0.8 -8.45591 -1.35512e-018 2.50329 -4 -1 -5 0
0.55751 0.766667 -4.22796 -6.7756e-019 2.50329 -4 -1 -5 0
0.55751 0.766667 -2.11398 -3.3878e-019 2.50329 -4 -1 -5 0
0.55751 0.766667 -1.05699 -1.6939e-019 2.50329 -4 -1 -5 0
0.55751 0.666667 -0.528494 -8.4695e-020 2.50329 -4 -1 -5 0
0.55751 0.766667 -0.264247 -4.23475e-020 2.50329 -4 -1 -5 0
0.55751 0.766667 -0.132124 -2.11738e-020 2.50329 -4 -1 -5 0
0.55751 0.766667 -0.0660618 -1.05869e-020 2.50329 -4 -1 -5 0
0.55751 0.8 -0.0330309 -5.29344e-021 2.50329 -4 -1 -5 0
0.55751 0.8 -0.0165155 -2.64672e-021 2.50329 -4 -1 -5 0
0.55751 0.8 -0.00825773 -1.32336e-021 2.50329 -4 -1 -5 0
0.55751 0.9 -0.00412886 -6.6168e-022 2.50329 -4 -1 -5 0
0.55751 0.9 -0.00206443 -3.3084e-022 2.50329 -4 -1 -5 0
0.734506 0.9 11.249 -1.6542e-022 2.50329 -4 -1 -5 0
0.734506 0.8 5.62448 -8.271e-023 2.50329 -4 -1 -5 0
0.587605 0.8 -22.1878 -4.1355e-023 2.50329 -4 -1 -5 0
0.470084 0.766667 -36.0939 -2.06775e-023 2.50329 -4 -1 -5 0
0.470084 0.7 -18.0469 -1.03387e-023 2.50329 -4 -1 -5 0
0.376067 0.7 -1.43418 3.28947 2.50329 -4 -1 -5 0
0.300854 0.6 12.038 1.64474 2.50329 -4 -1 -5 0
0.300854 0.6 6.01901 0.822368 2.50329 -4 -1 -5 0
0.580512 0.7 4.84774 0.411184 2.50329 -4 -1 -5 0
0.580512 0.7 2.42387 0.205592 2.50329 -4 -1 -5 0
0.580512 0.7 1.21193 0.102796 2.50329 -4 -1 -5 0
0.580512 0.8 0.605967 0.051398 2.50329 -4 -1 -5 0
0.580512 0.8 0.302984 0.025699 2.50329 -4 -1 -5 0
0.580512 0.866667 0.151492 0.0128495 2.50329 -4 -1 -5 0
0.580512 0.9 0.0757459 0.00642475 2.50329 -4 -1 -5 0
0.580512 0.9 0.037873 0.00321238 2.50329 -4 -1 -5 0
0.580512 0.9 0.0189365 0.00160619 2.50329 -4 -1 -5 0
0.580512 0.9 0.00946824 0.000803094 2.50329 -4 -1 -5 0
0.580512 0.9 0.00473412 0.000401547 2.50329 -4 -1 -5 0
0.580512 0.9 0.00236706 0.000200774 2.50329 -4 -1 -5 0
0.580512 0.9 0.00118353 0.000100387 2.50329 -4 -1 -5 0
0.580512 0.9 0.000591765 5.01934e-005 2.50329 -4 -1 -5 0
0.580512 0.9 0.000295882 2.50967e-005 2.50329 -4 -1 -5 0
0.580512 0.9 0.000147941 1.25483e-005 2.50329 -4 -1 -5 0
0.580512 0.9 7.39706e-005 6.27417e-006 2.50329 -4 -1 -5 0
0.580512 0.9 3.69853e-005 3.13709e-006 2.50329 -4 -1 -5 0
0.580512 0.9 1.84927e-005 1.56854e-006 2.50329 -4 -1 -5 0
0.46441 0.9 7.6823 3.51563 2.50329 -4 -1 -5 0
0.46441 0.866667 3.84115 1.75781 2.50329 -4 -1 -5 0
0.46441 0.866667 1.92058 0.878906 2.50329 -4 -1 -5 0
0.46441 0.866667 0.960288 0.439453 2.50329 -4 -1 -5 0
0.46441 0.866667 0.480144 0.219727 2.50329 -4 -1 -5 0
0.46441 0.866667 0.240072 0.109863 2.50329 -4 -1 -5 0
0.46441 0.866667 0.120036 0.0549317 2.50329 -4 -1 -5 0
0.46441 0.866667 0.060018 0.0274658 2.50329 -4 -1 -5 0
0.371528 0.9 -3.42744 0.0137329 2.50329 -4 -1 -5 0
0.371528 0.866667 -1.71372 0.00686646 2.50329 -4 -1 -5 0
0.297222 0.866667 18.2758 0.00343323 2.50329 -4 -1 -5 0
0.297222 0.866667 9.1379 0.00171661 2.50329 -4 -1 -5 0
0.297222 0.866667 4.56895 0.000858307 2.50329 -4 -1 -5 0
0.297222 0.866667 2.28447 0.000429154 2.50329 -4 -1 -5 0
0.297222 0.866667 1.14224 0.000214577 2.50329 -4 -1 -5 0
0.578333 0.866667 14.9004 0.000107288 2.50329 -4 -1 -5 0
0.578333 0.866667 7.45019 5.36442e-005 2.50329 -4 -1 -5 0
0.747 0.866667 5.7897 2.68221e-005 2.50329 -4 -1 -5 0
0.5976 0.766667 5.76811 1.3411e-005 2.50329 -4 -1 -5 0
0.5976 0.766667 2.88405 6.70552e-006 2.50329 -4 -1 -5 0
0.5976 0.766667 1.44203 3.35276e-006 2.50329 -4 -1 -5 0
0.5976 0.766667 0.721013 1.67638e-006 2.50329 -4 -1 -5 0
0.47808 0.766667 2.77986 2.5 2.50329 -4 -1 -5 0
0.47808 0.7 1.38993 1.25 2.50329 -4 -1 -5 0
0.382464 0.7 19.5675 9.89788 2.50329 -4 -1 -5 0
0.382464 0.6 9.78376 4.94894 2.50329 -4 -1 -5 0
0.382464 0.7 4.89188 2.47447 2.50329 -4 -1 -5 0
0.382464 0.7 2.44594 1.23723 2.50329 -4 -1 -5 0
0.382464 0.7 1.22297 0.618617 2.50329 -4 -1 -5 0
0.629478 0.7 -24.3885 0.309309 2.50329 -4 -1 -5 0
0.777687 0.7 -10.4085 2.81423 2.50329 -4 -1 -5 0
0.866612 0.7 -30.2043 1.40711 2.50329 -4 -1 -5 0
0.919967 0.8 -40.1021 0.703557 2.50329 -4 -1 -5 0
0.919967 0.8 -20.0511 0.351779 2.50329 -4 -1 -5 0
0.919967 0.8 -10.0255 0.175889 2.50329 -4 -1 -5 0
0.919967 0.8 -5.01277 0.0879446 2.50329 -4 -1 -5 0
0.919967 0.8 -2.50638 0.0439723 2.50329 -4 -1 -5 0
0.919967 0.9 -1.25319 0.0219862 2.50329 -4 -1 -5 0
0.919967 0.9 -0.626596 0.0109931 2.50329 -4 -1 -5 0
0.95198 0.9 2.26224 0.00549654 2.50329 -4 -1 -5 0
0.95198 0.8 1.13112 0.00274827 2.50329 -4 -1 -5 0
0.95198 0.8 0.56556 0.00137414 2.50329 -4 -1 -5 0
0.95198 0.8 0.28278 0.000687068 2.50329 -4 -1 -5 0
0.95198 0.8 0.14139 0.000343534 2.50329 -4 -1 -5 0
0.95198 0.8 0.070695 0.000171767 2.50329 -4 -1 -5 0
0.95198 0.8 0.0353475 8.58834e-005 2.50329 -4 -1 -5 0
0.95198 0.8 0.0176737 4.29417e-005 2.50329 -4 -1 -5 0
0.95198 0.9 0.00883687 2.14709e-005 2.50329 -4 -1 -5 0
0.95198 0.9 0.00441844 1.07354e-005 2.50329 -4 -1 -5 0
0.761584 0.9 -24.9978 5.36772e-006 2.50329 -4 -1 -5 0
0.761584 0.8 -12.4989 2.68386e-006 2.50329 -4 -1 -5 0
0.761584 0.8 -6.24945 1.34193e-006 2.50329 -4 -1 -5 0
0.761584 0.8 -3.12472 6.70964e-007 2.50329 -4 -1 -5 0
0.761584 0.8 -1.56236 3.35482e-007 2.50329 -4 -1 -5 0
0.609267 0.8 -7.3288 4.01786 2.50329 -4 -1 -5 0
0.609267 0.7 -3.6644 2.00893 2.50329 -4 -1 -5 0
0.609267 0.7 -1.8322 1.00446 2.50329 -4 -1 -5 0
0.609267 0.8 -0.9161 0.502232 2.50329 -4 -1 -5 0
0.389931 0.8 -1.2035 0.78142 4.00263 -4 -1 -5 0
0.549734 0.733333 -25.6017 -24.6093 -3.19789 -4 -1 -5 0
0.549734 0.7 -12.8009 -12.3046 -3.19789 -4 -1 -5 0
0.439787 0.7 -31.4004 -6.15232 -3.19789 -4 -1 -5 0
0.439787 0.7 -15.7002 -3.07616 -3.19789 -4 -1 -5 0
0.439787 0.7 -7.85011 -1.53808 -3.19789 -4 -1 -5 0
0.351829 0.7 -28.9251 -0.76904 -3.19789 -4 -1 -5 0
0.611098 0.6 -39.4625 -0.38452 -3.19789 -4 -1 -5 0
0.766659 0.6 -44.7313 -0.19226 -3.19789 -4 -1 -5 0
0.766659 0.633333 -22.3656 -0.09613 -3.19789 -4 -1 -5 0
0.766659 0.6 -11.1828 -0.048065 -3.19789 -4 -1 -5 0
0.766659 0.533333 -5.59141 -0.0240325 -3.19789 -4 -1 -5 0
0.766659 0.633333 -2.7957 -0.0120163 -3.19789 -4 -1 -5 0
0.766659 0.533333 -1.39785 -0.00600813 -3.19789 -4 -1 -5 0
0.766659 0.6 -0.698926 -0.00300406 -3.19789 -4 -1 -5 0
0.766659 0.633333 -0.349463 -0.00150203 -3.19789 -4 -1 -5 0
0.766659 0.6 -0.174731 -0.000751016 -3.19789 -4 -1 -5 0
0.766659 0.6 -0.0873657 -0.000375508 -3.19789 -4 -1 -5 0
0.766659 0.7 -0.0436829 -0.000187754 -3.19789 -4 -1 -5 0
0.766659 0.7 -0.0218414 -9.3877e-005 -3.19789 -4 -1 -5 0
0.766659 0.7 -0.0109207 -4.69385e-005 -3.19789 -4 -1 -5 0
0.766659 0.8 -0.00546036 -2.34692e-005 -3.19789 -4 -1 -5 0
0.766659 0.8 -0.00273018 -1.17346e-005 -3.19789 -4 -1 -5 0
0.766659 0.9 -0.00136509 -5.86731e-006 -3.19789 -4 -1 -5 0
0.766659 0.9 -0.000682545 -2.93366e-006 -3.19789 -4 -1 -5 0
0.766659 0.9 -0.000341272 -1.46683e-006 -3.19789 -4 -1 -5 0
0.766659 0.9 -0.000170636 -7.33414e-007 -3.19789 -4 -1 -5 0
0.766659 0.9 -8.53181e-005 -3.66707e-007 -3.19789 -4 -1 -5 0
0.766659 0.8 -6.89659 -1.83353e-007 -3.19789 -4 -1 -5 0
0.766659 0.8 -3.4483 -9.16767e-008 -3.19789 -4 -1 -5 0
0.766659 0.8 -1.72415 -4.58384e-008 -3.19789 -4 -1 -5 0
0.766659 0.8 -0.862074 -2.29192e-008 -3.19789 -4 -1 -5 0
0.613327 0.8 -0.431037 -1.14596e-008 -3.19789 -4 -1 -5 0
0.613327 0.7 -0.215519 -5.7298e-009 -3.19789 -4 -1 -5 0
0.613327 0.7 -0.107759 -2.8649e-009 -3.19789 -4 -1 -5 0
0.613327 0.7 -0.0538796 -1.43245e-009 -3.19789 -4 -1 -5 0
0.613327 0.8 -0.0269398 -7.16225e-010 -3.19789 -4 -1 -5 0
0.613327 0.8 -0.0134699 -3.58112e-010 -3.19789 -4 -1 -5 0
0.613327 0.8 -0.00673496 -1.79056e-010 -3.19789 -4 -1 -5 0
0.613327 0.8 -0.00336748 -8.95281e-011 -3.19789 -4 -1 -5 0
0.613327 0.9 -0.00168374 -4.4764e-011 -3.19789 -4 -1 -5 0
0.613327 0.8 -0.000841869 -2.2382e-011 -3.19789 -4 -1 -5 0
0.613327 0.8 -0.000420935 -1.1191e-011 -3.19789 -4 -1 -5 0
0.613327 0.8 -0.000210467 -5.5955e-012 -3.19789 -4 -1 -5 0
0.613327 0.8 -0.000105234 -2.79775e-012 -3.19789 -4 -1 -5 0
0.613327 0.8 -5.26168e-005 -1.39888e-012 -3.19789 -4 -1 -5 0
0.613327 0.8 -2.63084e-005 -6.99438e-013 -3.19789 -4 -1 -5 0
0.613327 0.8 -1.31542e-005 -3.49719e-013 -3.19789 -4 -1 -5 0
0.613327 0.9 -6.5771e-006 -1.7486e-013 -3.19789 -4 -1 -5 0
0.613327 0.9 -3.28855e-006 -8.74298e-014 -3.19789 -4 -1 -5 0
0.613327 0.9 -25 -4.37149e-014 -3.19789 -4 -1 -5 0
0.613327 0.8 -12.5 -2.18574e-014 -3.19789 -4 -1 -5 0
0.613327 0.8 -6.25 -1.09287e-014 -3.19789 -4 -1 -5 0
0.613327 0.8 -3.125 -5.46436e-015 -3.19789 -4 -1 -5 0
0.613327 0.8 -1.5625 -2.73218e-015 -3.19789 -4 -1 -5 0
0.613327 0.8 -0.78125 -1.36609e-015 -3.19789 -4 -1 -5 0
0.613327 0.8 -0.390625 -6.83045e-016 -3.19789 -4 -1 -5 0
0.613327 0.8 -0.195313 -3.41523e-016 -3.19789 -4 -1 -5 0
0.613327 0.9 -0.0976563 -1.70761e-016 -3.19789 -4 -1 -5 0
0.613327 0.9 -0.0488281 -8.53806e-017 -3.19789 -4 -1 -5 0
0.613327 0.9 -0.0244141 -4.26903e-017 -3.19789 -4 -1 -5 0
0.613327 0.9 -0.012207 -2.13452e-017 -3.19789 -4 -1 -5 0
0.490662 0.9 -25.0061 -1.06726e-017 -3.19789 -4 -1 -5 0
0.490662 0.833333 -12.5031 -5.33629e-018 -3.19789 -4 -1 -5 0
0.392529 0.833333 -31.2515 -2.66814e-018 -3.19789 -4 -1 -5 0
0.392529 0.733333 -15.6258 -1.33407e-018 -3.19789 -4 -1 -5 0
0.392529 0.733333 -7.81288 -6.67036e-019 -3.19789 -4 -1 -5 0
0.392529 0.733333 -3.90644 -3.33518e-019 -3.19789 -4 -1 -5 0
0.392529 0.733333 -1.95322 -1.66759e-019 -3.19789 -4 -1 -5 0
0.588414 0.733333 10.4398 -8.33795e-020 -3.19789 -4 -1 -5 0
0.588414 0.7 5.2199 -4.16898e-020 -3.19789 -4 -1 -5 0
0.588414 0.7 2.60995 -2.08449e-020 -3.19789 -4 -1 -5 0
0.588414 0.7 1.30497 -1.04224e-020 -3.19789 -4 -1 -5 0
0.588414 0.7 0.652487 -5.21122e-021 -3.19789 -4 -1 -5 0
0.588414 0.7 0.326244 -2.60561e-021 -3.19789 -4 -1 -5 0
0.588414 0.7 0.163122 -1.3028e-021 -3.19789 -4 -1 -5 0
0.588414 0.7 0.0815609 -6.51402e-022 -3.19789 -4 -1 -5 0
0.588414 0.8 0.0407805 -3.25701e-022 -3.19789 -4 -1 -5 0
0.588414 0.8 0.0203902 -1.62851e-022 -3.19789 -4 -1 -5 0
0.588414 0.9 0.0101951 -8.14253e-023 -3.19789 -4 -1 -5 0
0.588414 0.9 0.00509756 -4.07127e-023 -3.19789 -4 -1 -5 0
0.753048 0.8 -24.9975 -2.03563e-023 -3.19789 -4 -1 -5 0
0.753048 0.8 -12.4987 -1.01782e-023 -3.19789 -4 -1 -5 0
0.602439 0.8 7.33289 -5.08908e-024 -3.19789 -4 -1 -5 0
0.602439 0.7 3.66644 -2.54454e-024 -3.19789 -4 -1 -5 0
0.761463 0.7 6.26871 -1.27227e-024 -3.19789 -4 -1 -5 0
0.761463 0.6 3.13435 -6.36135e-025 -3.19789 -4 -1 -5 0
0.761463 0.6 1.56718 -3.18068e-025 -3.19789 -4 -1 -5 0
0.856878 0.533333 8.20546 -1.59034e-025 -3.19789 -4 -1 -5 0
0.914127 0.6 15.2236 -7.95169e-026 -3.19789 -4 -1 -5 0
0.948476 0.5 17.163 -3.97585e-026 -3.19789 -4 -1 -5 0
0.948476 0.6 8.58148 -1.98792e-026 -3.19789 -4 -1 -5 0
0.948476 0.6 4.29074 -9.93961e-027 -3.19789 -4 -1 -5 0
0.948476 0.7 2.14537 -4.96981e-027 -3.19789 -4 -1 -5 0
0.969086 0.6 11.6271 -2.4849e-027 -3.19789 -4 -1 -5 0
0.969086 0.6 5.81354 -1.24245e-027 -3.19789 -4 -1 -5 0
0.969086 0.7 2.90677 -6.21226e-028 -3.19789 -4 -1 -5 0
0.969086 0.7 1.45338 -3.10613e-028 -3.19789 -4 -1 -5 0
0.969086 0.8 0.726692 -1.55306e-028 -3.19789 -4 -1 -5 0
0.969086 0.8 0.363346 -7.76532e-029 -3.19789 -4 -1 -5 0
0.969086 0.8 0.181673 -3.88266e-029 -3.19789 -4 -1 -5 0
0.969086 0.8 0.0908365 -1.94133e-029 -3.19789 -4 -1 -5 0
0.969086 0.9 0.0454183 -9.70665e-030 -3.19789 -4 -1 -5 0
0.969086 0.8 0.0227091 -4.85333e-030 -3.19789 -4 -1 -5 0
0.969086 0.8 0.0113546 -2.42666e-030 -3.19789 -4 -1 -5 0
0.969086 0.8 0.00567728 -1.21333e-030 -3.19789 -4 -1 -5 0
0.969086 0.8 0.00283864 -6.06666e-031 -3.19789 -4 -1 -5 0
0.981451 0.8 -3.33191 2.5 -3.19789 -4 -1 -5 0
0.988871 0.7 9.75071 1.25 -3.19789 -4 -1 -5 0
0.988871 0.7 4.87536 0.625 -3.19789 -4 -1 -5 0
0.988871 0.8 2.43768 0.3125 -3.19789 -4 -1 -5 0
0.988871 0.8 1.21884 0.15625 -3.19789 -4 -1 -5 0
0.988871 0.8 0.609419 0.078125 -3.19789 -4 -1 -5 0
0.988871 0.8 0.30471 0.0390625 -3.19789 -4 -1 -5 0
0.988871 0.8 0.152355 0.0195313 -3.19789 -4 -1 -5 0
0.993322 0.8 11.2784 0.00976563 -3.19789 -4 -1 -5 0
0.995993 0.8 15.2225 0.00488281 -3.19789 -4 -1 -5 0
0.997596 0.8 19.5368 0.00244141 -3.19789 -4 -1 -5 0
0.998558 0.7 19.3517 0.0012207 -3.19789 -4 -1 -5 0
0.998558 0.7 9.67587 0.000610352 -3.19789 -4 -1 -5 0
0.999135 0.666667 -20.1621 0.000305176 -3.19789 -4 -1 -5 0
0.999135 0.666667 -10.081 0.000152588 -3.19789 -4 -1 -5 0
0.999135 0.633333 -5.04052 7.62939e-005 -3.19789 -4 -1 -5 0
0.799308 0.733333 -27.5203 3.8147e-005 -3.19789 -4 -1 -5 0
0.799308 0.633333 -13.7601 1.90735e-005 -3.19789 -4 -1 -5 0
0.799308 0.666667 -6.88006 9.53674e-006 -3.19789 -4 -1 -5 0
0.879585 0.733333 -28.44 4.76837e-006 -3.19789 -4 -1 -5 0
0.879585 0.7 -14.22 2.38419e-006 -3.19789 -4 -1 -5 0
0.879585 0.7 -7.11001 1.19209e-006 -3.19789 -4 -1 -5 0
0.927751 0.733333 -16.055 5.96046e-007 -3.19789 -4 -1 -5 0
0.927751 0.733333 -8.0275 2.98023e-007 -3.19789 -4 -1 -5 0
0.927751 0.833333 -4.01375 1.49012e-007 -3.19789 -4 -1 -5 0
0.927751 0.733333 -2.00688 7.45058e-008 -3.19789 -4 -1 -5 0
0.742201 0.733333 -26.0034 -6.39741 -3.19789 -24 17 -46 0
0.742201 0.7 -13.0017 -3.1987 -3.19789 -24 17 -46 0
0.59376 0.7 -6.50086 -1.59935 -3.19789 -24 17 -46 0
0.475008 0.6 -28.2504 -0.799676 -3.19789 -24 17 -46 0
0.475008 0.6 -14.1252 -0.399838 -3.19789 -24 17 -46 0
0.475008 0.5 -7.06261 -0.199919 -3.19789 -24 17 -46 0
0.475008 0.6 -3.5313 -0.0999595 -3.19789 -24 17 -46 0
0.475008 0.6 -1.76565 -0.0499797 -3.19789 -24 17 -46 0
0.475008 0.7 -0.882826 -0.0249899 -3.19789 -24 17 -46 0
0.475008 0.7 -0.441413 -0.0124949 -3.19789 -24 17 -46 0
0.475008 0.8 -0.220706 -0.00624747 -3.19789 -24 17 -46 0
0.475008 0.8 -0.110353 -0.00312373 -3.19789 -24 17 -46 0
0.475008 0.9 -0.0551766 -0.00156187 -3.19789 -24 17 -46 0
0.475008 0.9 -0.0275883 -0.000780933 -3.19789 -24 17 -46 0
0.475008 0.9 -0.0137942 -0.000390467 -3.19789 -24 17 -46 0
0.475008 0.9 -0.00689708 -0.000195233 -3.19789 -24 17 -46 0
0.475008 0.9 -0.00344854 -9.76167e-005 -3.19789 -24 17 -46 0
0.475008 0.9 -0.00172427 -4.88083e-005 -3.19789 -24 17 -46 0
0.475008 0.9 -0.000862135 -2.44042e-005 -3.19789 -24 17 -46 0
0.685005 0.9 -25.0004 -1.22021e-005 -3.19789 -24 17 -46 0
0.811003 0.8 -37.5002 -6.10104e-006 -3.19789 -24 17 -46 0
0.811003 0.8 -18.7501 -3.05052e-006 -3.19789 -24 17 -46 0
0.811003 0.8 -9.37505 -1.52526e-006 -3.19789 -24 17 -46 0
0.811003 0.8 -4.68753 -7.6263e-007 -3.19789 -24 17 -46 0
0.811003 0.7 -2.34376 -3.81315e-007 -3.19789 -24 17 -46 0
0.811003 0.7 -1.17188 -1.90658e-007 -3.19789 -24 17 -46 0
0.811003 0.6 -11.3814 1.91116 -3.19789 -24 17 -46 0
0.648802 0.6 -5.6907 0.955578 -3.19789 -24 17 -46 0
0.648802 0.6 -2.84535 0.477789 -3.19789 -24 17 -46 0
0.648802 0.6 -1.42267 0.238895 -3.19789 -24 17 -46 0
0.648802 0.6 -0.711337 0.119447 -3.19789 -24 17 -46 0
0.648802 0.7 -0.355669 0.0597236 -3.19789 -24 17 -46 0
0.648802 0.6 -15.619 2.87077 -3.19789 -24 17 -46 0
0.648802 0.7 -7.80951 1.43539 -3.19789 -24 17 -46 0
0.648802 0.7 -3.90475 0.717693 -3.19789 -24 17 -46 0
0.648802 0.7 -1.95238 0.358846 -3.19789 -24 17 -46 0
0.648802 0.8 -0.976188 0.179423 -3.19789 -24 17 -46 0
0.519042 0.8 -0.488094 0.0897116 -3.19789 -24 17 -46 0
0.519042 0.766667 -0.244047 0.0448558 -3.19789 -24 17 -46 0
0.519042 0.7 -0.122024 0.0224279 -3.19789 -24 17 -46 0
0.519042 0.8 -0.0610118 0.0112139 -3.19789 -24 17 -46 0
0.519042 0.7 -0.0305059 0.00560697 -3.19789 -24 17 -46 0
0.519042 0.7 -0.0152529 0.00280349 -3.19789 -24 17 -46 0
0.519042 0.7 -0.00762647 0.00140174 -3.19789 -24 17 -46 0
0.519042 0.7 -0.00381324 0.000700872 -3.19789 -24 17 -46 0
0.519042 0.6 -0.00190662 0.000350436 -3.19789 -24 17 -46 0
0.519042 0.7 -0.000953309 0.000175218 -3.19789 -24 17 -46 0
0.519042 0.6 -0.000476654 8.7609e-005 -3.19789 -24 17 -46 0
0.519042 0.6 -0.000238327 4.38045e-005 -3.19789 -24 17 -46 0
0.519042 0.7 -0.000119164 2.19022e-005 -3.19789 -24 17 -46 0
0.519042 0.6 -5.95818e-005 1.09511e-005 -3.19789 -24 17 -46 0
0.519042 0.6 -2.97909e-005 5.47556e-006 -3.19789 -24 17 -46 0
0.519042 0.6 -1.48954e-005 2.73778e-006 -3.19789 -24 17 -46 0
0.519042 0.7 -7.44772e-006 1.36889e-006 -3.19789 -24 17 -46 0
0.519042 0.7 -3.72386e-006 6.84445e-007 -3.19789 -24 17 -46 0
0.519042 0.8 -1.86193e-006 3.42223e-007 -3.19789 -24 17 -46 0
0.519042 0.8 -16.1506 1.71111e-007 -3.19789 -24 17 -46 0
0.415234 0.866667 -8.07529 8.55556e-008 -3.19789 -24 17 -46 0
0.415234 0.8 -4.03765 4.27778e-008 -3.19789 -24 17 -46 0
0.415234 0.8 -2.01882 2.13889e-008 -3.19789 -24 17 -46 0
0.415234 0.7 -1.00941 1.06945e-008 -3.19789 -24 17 -46 0
0.415234 0.7 -0.504706 5.34723e-009 -3.19789 -24 17 -46 0
0.415234 0.6 -0.252353 2.67361e-009 -3.19789 -24 17 -46 0
0.332187 0.6 8.76917 1.33681e-009 -3.19789 -24 17 -46 0
0.332187 0.5 4.38459 6.68403e-010 -3.19789 -24 17 -46 0
0.332187 0.6 2.19229 3.34202e-010 -3.19789 -24 17 -46 0
0.332187 0.6 1.09615 1.67101e-010 -3.19789 -24 17 -46 0
0.332187 0.7 0.548073 8.35504e-011 -3.19789 -24 17 -46 0
0.332187 0.7 0.274037 4.17752e-011 -3.19789 -24 17 -46 0
0.332187 0.8 0.137018 2.08876e-011 -3.19789 -24 17 -46 0
0.332187 0.8 0.0685092 1.04438e-011 -3.19789 -24 17 -46 0
0.332187 0.9 0.0342546 5.2219e-012 -3.19789 -24 17 -46 0
0.332187 0.9 0.0171273 2.61095e-012 -3.19789 -24 17 -46 0
0.332187 0.866667 0.00856364 1.30548e-012 -3.19789 -24 17 -46 0
0.332187 0.866667 0.00428182 6.52738e-013 -3.19789 -24 17 -46 0
0.332187 0.866667 0.00214091 3.26369e-013 -3.19789 -24 17 -46 0
0.332187 0.866667 0.00107046 1.63184e-013 -3.19789 -24 17 -46 0
0.332187 0.866667 0.000535228 8.15922e-014 -3.19789 -24 17 -46 0
0.599312 0.866667 -24.9997 4.07961e-014 -3.19789 -24 17 -46 0
0.599312 0.766667 -12.4999 2.03981e-014 -3.19789 -24 17 -46 0
0.759587 0.8 -31.2499 1.0199e-014 -3.19789 -24 17 -46 0
0.759587 0.8 -15.625 5.09951e-015 -3.19789 -24 17 -46 0
0.855752 0.8 -32.8125 2.54976e-015 -3.19789 -24 17 -46 0
0.855752 0.7 -16.4062 1.27488e-015 -3.19789 -24 17 -46 0
0.855752 0.7 -8.20312 6.37439e-016 -3.19789 -24 17 -46 0
0.855752 0.6 -4.10156 3.1872e-016 -3.19789 -24 17 -46 0
0.855752 0.7 -2.05078 1.5936e-016 -3.19789 -24 17 -46 0
0.855752 0.7 -1.02539 7.96799e-017 -3.19789 -24 17 -46 0
0.855752 0.7 -0.512695 3.98399e-017 -3.19789 -24 17 -46 0
0.855752 0.7 -0.256348 1.992e-017 -3.19789 -24 17 -46 0
0.855752 0.8 -0.128174 9.95999e-018 -3.19789 -24 17 -46 0
0.855752 0.8 -0.0640869 4.97999e-018 -3.19789 -24 17 -46 0
0.855752 0.9 -0.0320434 2.49e-018 -3.19789 -24 17 -46 0
0.855752 0.9 -0.0160217 1.245e-018 -3.19789 -24 17 -46 0
0.855752 0.9 -0.00801086 6.22499e-019 -3.19789 -24 17 -46 0
0.855752 0.9 -0.00400543 3.1125e-019 -3.19789 -24 17 -46 0
0.855752 0.9 -0.00200272 1.55625e-019 -3.19789 -24 17 -46 0
0.855752 0.9 -0.00100136 7.78124e-020 -3.19789 -24 17 -46 0
0.855752 0.9 -0.000500679 3.89062e-020 -3.19789 -24 17 -46 0
0.855752 0.9 -0.000250339 1.94531e-020 -3.19789 -24 17 -46 0
0.855752 0.8 -0.00012517 9.72655e-021 -3.19789 -24 17 -46 0
0.855752 0.8 -6.25848e-005 4.86328e-021 -3.19789 -24 17 -46 0
0.855752 0.8 -3.12924e-005 2.43164e-021 -3.19789 -24 17 -46 0
0.855752 0.7 -1.56462e-005 1.21582e-021 -3.19789 -24 17 -46 0
0.855752 0.7 -7.82311e-006 6.07909e-022 -3.19789 -24 17 -46 0
0.913451 0.6 -25 3.03955e-022 -3.19789 -24 17 -46 0
0.913451 0.6 -12.5 1.51977e-022 -3.19789 -24 17 -46 0
0.913451 0.7 -6.25 7.59887e-023 -3.19789 -24 17 -46 0
0.730761 0.7 -28.125 3.79943e-023 -3.19789 -24 17 -46 0
0.584609 0.6 -2.98765 1.89972e-023 -3.19789 -24 17 -46 0
0.584609 0.7 -1.49382 9.49858e-024 -3.19789 -24 17 -46 0
0.584609 0.7 -0.746912 4.74929e-024 -3.19789 -24 17 -46 0
0.584609 0.7 -0.373456 2.37465e-024 -3.19789 -24 17 -46 0
0.584609 0.8 -0.186728 1.18732e-024 -3.19789 -24 17 -46 0
0.584609 0.8 -0.093364 5.93662e-025 -3.19789 -24 17 -46 0
0.584609 0.8 -0.046682 2.96831e-025 -3.19789 -24 17 -46 0
0.584609 0.833333 -0.023341 1.48415e-025 -3.19789 -24 17 -46 0
0.584609 0.9 -0.0116705 7.42077e-026 -3.19789 -24 17 -46 0
0.584609 0.9 -0.00583525 3.71038e-026 -3.19789 -24 17 -46 0
0.584609 0.9 -0.00291763 1.85519e-026 -3.19789 -24 17 -46 0
0.584609 0.8 -0.00145881 9.27596e-027 -3.19789 -24 17 -46 0
0.584609 0.8 -0.000729406 4.63798e-027 -3.19789 -24 17 -46 0
0.584609 0.8 -0.000364703 2.31899e-027 -3.19789 -24 17 -46 0
0.584609 0.8 -0.000182352 1.1595e-027 -3.19789 -24 17 -46 0
0.584609 0.8 -9.11758e-005 5.79748e-028 -3.19789 -24 17 -46 0
0.584609 0.8 -4.55879e-005 2.89874e-028 -3.19789 -24 17 -46 0
0.584609 0.8 -2.2794e-005 1.44937e-028 -3.19789 -24 17 -46 0
0.584609 0.9 -1.1397e-005 7.24684e-029 -3.19789 -24 17 -46 0
0.584609 0.9 -5.69849e-006 3.62342e-029 -3.19789 -24 17 -46 0
0.584609 0.8 -2.84924e-006 1.81171e-029 -3.19789 -24 17 -46 0
0.584609 0.8 -1.42462e-006 9.05856e-030 -3.19789 -24 17 -46 0
0.584609 0.8 -7.12311e-007 4.52928e-030 -3.19789 -24 17 -46 0
0.584609 0.8 -3.56155e-007 2.26464e-030 -3.19789 -24 17 -46 0
0.584609 0.8 -1.78078e-007 1.13232e-030 -3.19789 -24 17 -46 0
0.584609 0.8 -8.90389e-008 5.6616e-031 -3.19789 -24 17 -46 0
0.584609 0.7 -4.45194e-008 2.8308e-031 -3.19789 -24 17 -46 0
0.584609 0.8 -2.22597e-008 1.4154e-031 -3.19789 -24 17 -46 0
0.584609 0.8 -1.11299e-008 7.077e-032 -3.19789 -24 17 -46 0
0.584609 0.8 -5.56493e-009 3.5385e-032 -3.19789 -24 17 -46 0
0.584609 0.7 -2.78246e-009 1.76925e-032 -3.19789 -24 17 -46 0
0.750765 0.7 -25 8.84625e-033 -3.19789 -24 17 -46 0
0.750765 0.6 -12.5 4.42312e-033 -3.19789 -24 17 -46 0
0.750765 0.7 -6.25 2.21156e-033 -3.19789 -24 17 -46 0
0.750765 0.7 -3.125 1.10578e-033 -3.19789 -24 17 -46 0
0.750765 0.7 -1.5625 5.5289e-034 -3.19789 -24 17 -46 0
0.600612 0.7 -25.7813 2.76445e-034 -3.19789 -24 17 -46 0
0.600612 0.7 -12.8906 1.38223e-034 -3.19789 -24 17 -46 0
0.600612 0.7 -6.44531 6.91113e-035 -3.19789 -24 17 -46 0
0.600612 0.766667 -3.22266 3.45556e-035 -3.19789 -24 17 -46 0
0.600612 0.8 -1.61133 1.72778e-035 -3.19789 -24 17 -46 0
0.600612 0.8 -0.805664 8.63891e-036 -3.19789 -24 17 -46 0
0.600612 0.8 -0.402832 4.31946e-036 -3.19789 -24 17 -46 0
0.600612 0.8 -0.201416 2.15973e-036 -3.19789 -24 17 -46 0
0.600612 0.8 -0.100708 1.07986e-036 -3.19789 -24 17 -46 0
0.600612 0.9 -0.050354 5.39932e-037 -3.19789 -24 17 -46 0
0.600612 0.9 -0.025177 2.69966e-037 -3.19789 -24 17 -46 0
0.600612 0.9 -0.0125885 1.34983e-037 -3.19789 -24 17 -46 0
0.600612 0.9 -0.00629425 6.74915e-038 -3.19789 -24 17 -46 0
0.600612 0.9 -0.00314713 3.37457e-038 -3.19789 -24 17 -46 0
0.600612 0.9 -0.00157356 1.68729e-038 -3.19789 -24 17 -46 0
0.600612 0.9 -0.000786781 8.43644e-039 -3.19789 -24 17 -46 0
0.600612 0.9 -0.000393391 4.21822e-039 -3.19789 -24 17 -46 0
