0.591151 0.6 -13.063 -20.7593 -1.5631 -26 3 49 0
0.472921 0.566667 -6.18427 -14.5463 -1.5631 -38 -8 20 0
0.302669 0.6 -8.12686 -10.0113 -1.5631 -38 -8 14 0
0.193708 0.533333 -2.67454 -7.08897 -1.5631 -33 -6 14 0
0.123973 0.6 -2.76584 -4.627 -1.5631 -24 -2 21 0
0.459507 0.5 -4.59721 -4.18376 -1.5631 -16 1 30 0
0.294085 0.6 -5.71295 -6.48377 -1.5631 7 6 -42 0
0.724696 0.5 -27.8565 -28.2419 -1.5631 -18 -1 15 0
0.579757 0.6 -15.9682 -18.6254 -1.5631 -29 -1 -10 0
0.678283 0.6 -12.6269 -13.8506 -1.5631 -24 -1 -6 0
0.835346 0.633333 -31.3135 -31.9253 -1.5631 -15 -1 7 0
0.668276 0.6 -13.752 -19.7722 -1.5631 -24 0 -12 0
0.832464 0.533333 -31.876 -34.8861 -1.5631 -21 0 -10 0
0.665971 0.6 -14.8963 -20.7519 -1.5631 -14 0 -3 0
0.655733 0.533333 -32.4482 -35.3759 -1.5631 -16 0 -8 0
0.876064 0.566667 -41.2241 -42.688 -1.5631 -13 0 -5 0
0.955383 0.533333 -45.612 -46.344 -1.5631 -9 0 -2 0
0.858584 0.6 -47.806 -48.172 -1.5631 -6 0 2 0
0.81212 0.5 -48.903 -49.086 -1.5631 -4 0 2 0
0.789818 0.6 -49.4515 -49.543 -1.5631 -2 0 5 0
0.631854 0.5 -21.3167 -25.1004 -1.5631 -3 0 4 0
0.404387 0.6 -9.85476 -13.9788 -1.5631 -2 0 0 0
0.555285 0.5 -29.9274 -31.9894 -1.5631 -5 0 0 0
0.666537 0.6 -39.9637 -40.9947 -1.5631 0 0 -4 0
0.719938 0.5 -44.9818 -45.4973 -1.5631 -6 0 -3 0
0.57595 0.6 -20.8004 -23.8042 -1.5631 -2 0 0 0
0.621165 0.5 -35.4002 -36.9021 -1.5631 -5 0 -1 0
0.496932 0.6 -15.0699 -17.2618 -1.5631 -2 0 4 0
0.318036 0.6 -5.32004 -6.10869 -1.5631 -8 0 -5 0
0.552657 0.6 5.19351 -4.73364 -2.45048 -13 0 -6 0
0.665276 0.6 4.38968 -3.48635 -2.45048 0 0 0 0
0.655466 0.633333 -22.8052 -26.7432 -2.45048 -2 0 3 0
0.524373 0.6 -9.48264 -14.4911 -2.45048 -2 0 2 0
0.601359 0.633333 -29.7413 -32.2456 -2.45048 -4 0 0 0
0.760816 0.6 -10.1115 -14.8852 -2.45048 -9 0 -6 0
0.692153 0.6 -30.0558 -32.4426 -2.45048 -2 0 3 0
0.889175 0.6 -40.0279 -41.2213 -2.45048 -5 0 -4 0
0.71134 0.6 -17.8517 -22.075 -2.45048 -4 0 0 0
0.741443 0.6 -6.0218 -12.1739 -2.45048 -5 0 -2 0
0.684714 0.666667 -28.0109 -31.0869 -2.45048 -5 0 -1 0
0.547771 0.6 -39.0054 -40.5435 0.239616 -11 0 -3 0
0.66293 0.6 -44.5027 -45.2717 0.239616 -6 0 -1 0
0.830924 0.666667 -47.2514 -47.6359 0.239616 0 0 0 0
0.664739 0.633333 -21.2447 -26.9429 0.239616 -5 0 0 0
0.65526 0.633333 -35.6224 -38.4715 0.239616 0 0 0 0
0.875894 0.633333 -42.8112 -44.2357 0.239616 -4 0 0 0
0.700715 0.633333 -17.7426 -22.1179 0.239616 -7 0 -3 0
0.669074 0.633333 -33.8713 -36.0589 0.239616 -3 0 0 0
0.53526 0.666667 -18.771 -17.1862 0.239616 -2 0 -4 0
0.342566 0.633333 -7.52562 -10.0637 0.239616 -4 0 0 0
0.531545 0.633333 -28.7628 -30.0318 0.239616 -4 0 0 0
0.718927 0.566667 -12.6515 -15.6298 0.239616 -2 0 1 0
0.676068 0.6 -31.3257 -32.8149 0.239616 -3 0 0 0
0.540854 0.6 -13.811 -15.6932 0.239616 -4 0 0 0
0.607688 0.633333 -31.9055 -32.8466 0.239616 -5 0 0 0
0.486151 0.6 -11.0718 -14.6376 0.239616 -10 0 -5 0
0.586682 0.666667 -30.5359 -32.3188 0.239616 -4 0 0 0
0.752009 0.633333 -7.10297 -17.2958 -0.208307 -9 0 -1 0
0.688771 0.666667 -28.5515 -33.6479 -0.208307 -4 0 -2 0
0.813263 0.666667 -5.4121 -17.8467 -2.16665 -9 0 -2 0
0.712293 0.7 -27.7061 -33.9233 -2.16665 -1 0 -2 0
0.569834 0.633333 -8.23368 -17.5358 -2.16665 -6 0 -1 0
0.364694 0.666667 -1.51267 -10.5536 -2.16665 0 0 0 0
0.233404 0.6 1.14696 -5.63395 -2.16665 0 0 0 0
0.149379 0.6 -2.53451 -3.49756 -2.16665 -1 0 -2 0
0.457361 0.633333 -26.2673 -26.7488 -2.16665 -4 0 1 0
0.619533 0.6 -38.1336 -38.3744 -2.16665 -1 0 0 0
0.495627 0.633333 -44.0668 -44.1872 -2.16665 -7 0 0 0
0.637901 0.666667 -47.0334 -47.0936 -2.16665 -7 0 -1 0
0.408257 0.666667 -48.5167 -48.5468 -2.16665 -7 0 1 0
0.595963 0.666667 -49.2584 -49.2734 -2.16665 -6 0 1 0
0.62885 0.6 -49.6292 -49.6367 -2.16665 -5 0 1 0
0.50308 0.666667 -21.9947 -25.3525 -2.16665 -5 0 0 0
0.321971 0.633333 -7.60684 -11.2179 -2.16665 -3 0 1 0
0.523637 0.6 -28.8034 -30.609 -2.16665 -2 0 0 0
0.828509 0.633333 -39.4017 -40.3045 -2.16665 0 0 0 0
0.662807 0.666667 -25.1933 -19.5841 -2.16665 -3 0 0 0
0.830889 0.6 -37.5966 -34.792 -2.16665 0 0 0 0
0.664711 0.633333 -16.2342 -16.4345 -2.16665 -3 0 0 0
0.655249 0.6 -33.1171 -33.2172 -2.16665 -1 0 0 0
0.71452 0.633333 -41.5586 -41.6086 -2.16665 0 0 0 0
0.571616 0.666667 -17.8507 -19.0186 -2.16665 -2 0 0 0
0.365834 0.6 -5.99678 -9.15215 -2.16665 -3 0 0 0
0.234134 0.6 0.308059 -4.47992 -2.16665 0 0 0 0
0.149846 0.633333 -1.63707 -0.882496 -2.16665 0 0 0 0
0.0959012 0.6 2.21177 -2.39437 -2.16665 0 0 0 0
0.0613768 0.533333 -1.0736 -3.12026 -2.16665 -1 0 -2 0
0.0392811 0.6 2.82858 0.120539 -2.16665 0 0 0 0
0.0251399 0.566667 3.68702 -1.07609 -2.16665 0 0 0 0
0.0160895 0.6 -0.117595 0.43164 -2.16665 -2 0 -4 0
0.0102973 0.566667 3.66408 2.50872 -2.16665 -4 0 -2 0
0.00659028 0.633333 2.68989 2.8475 -2.16665 0 0 0 0
0.402531 0.6 -23.6551 -23.5763 -2.16665 0 0 0 0
0.593215 0.633333 -36.8275 -36.7881 -2.16665 -1 0 0 0
0.853557 0.633333 -43.4138 -43.3941 -2.16665 -7 -1 -1 0
0.947281 0.633333 -46.7069 -46.697 -2.16665 -4 -1 0 0
0.968368 0.566667 -48.3534 -48.3485 -2.16665 0 0 0 0
0.864817 0.6 -49.1767 -49.1743 -2.16665 -6 -1 0 0
0.815112 0.6 -49.5884 -49.5871 -2.16665 -4 -1 2 0
0.791254 0.633333 -49.7942 -49.7936 -2.16665 0 0 0 0
0.779802 0.566667 -49.8971 -49.8968 -2.16665 -2 0 0 0
0.774305 0.6 -49.9485 -26.9006 -2.16665 0 0 0 0
0.863 0.6 -49.9743 -38.4503 -2.16665 0 0 0 0
0.9178 0.6 -22.383 -20.5272 -2.16665 0 0 0 0
0.587392 0.633333 -7.02482 -11.2252 -2.16665 0 0 0 0
0.375931 0.533333 2.16941 -7.21514 -2.16665 -3 0 0 0
0.748268 0.6 -23.9153 -28.6076 -2.16665 0 0 0 0
0.598615 0.566667 -9.20124 -13.823 -2.16665 0 0 0 0
0.812401 0.6 -29.6006 -31.9115 -2.16665 0 0 0 0
0.789953 0.566667 -39.8003 -40.9558 -2.16665 0 0 0 0
0.873972 0.633333 -18.3115 -21.6708 -2.16665 0 0 0 0
0.819506 0.533333 -12.0404 -10.9247 -2.16665 -2 0 -4 0
0.793363 0.6 -5.04522 -5.38537 -2.16665 0 0 0 0
0.780814 0.533333 0.379173 -2.69268 -2.16665 -5 0 -1 0
0.499721 0.566667 3.40928 -3.61907 -2.16665 -5 0 0 0
0.639866 0.533333 11.1874 -1.80953 -2.16665 -7 0 -1 0
0.707136 0.6 16.9573 -3.03545 0.266684 -8 0 -1 0
0.739425 0.533333 -16.5213 -26.5177 0.266684 0 0 0 0
0.754924 0.6 -33.2607 -38.2589 0.266684 0 0 0 0
0.762364 0.533333 -41.6303 -44.1294 0.266684 0 0 0 0
0.765934 0.6 -45.8152 -47.0647 0.266684 -7 0 -9 0
0.767649 0.5 -47.9076 -48.5324 0.266684 -3 0 0 0
0.768471 0.6 -48.9538 -49.2662 0.266684 0 0 0 0
0.768866 0.533333 -49.4769 -49.6331 0.266684 -4 0 0 0
0.492074 0.6 -49.7384 -24.8165 0.266684 -4 0 0 0
0.636196 0.566667 -49.8692 -37.4083 0.266684 0 0 0 0
0.705374 0.633333 -49.9346 -43.7041 0.266684 -4 -1 3 0
0.893935 0.566667 -49.9673 -46.8521 0.266684 0 0 0 0
0.961816 0.6 -49.9837 -48.426 0.266684 0 0 0 0
0.986254 0.566667 -49.9918 -49.213 0.266684 -2 0 0 0
0.991752 0.6 -49.9959 -49.6065 0.266684 -3 0 0 0
0.876041 0.633333 -49.998 -49.8033 0.266684 -3 0 0 0
0.7364 0.7 -49.999 -49.9016 0.266684 0 0 0 0
0.58912 0.6 -49.9995 -49.9508 0.266684 0 0 0 0
0.377037 0.7 -49.9997 -49.9754 0.266684 0 0 0 0
0.241303 0.633333 -49.9999 -49.9877 0.266684 0 0 0 0
0.515826 0.6 -49.9999 -49.9939 0.266684 -3 1 -9 0
0.647596 0.666667 -50 -49.9969 0.266684 0 0 0 0
0.710846 0.633333 -50 -49.9985 0.266684 -3 1 -8 0
0.741206 0.566667 -50 -49.9992 0.266684 -3 0 -7 0
0.474372 0.633333 -50 -49.9996 2.21335 -13 2 -15 0
0.627699 0.633333 -50 -49.9998 2.21335 -3 1 -8 0
0.401727 0.6 -50 -38.7499 2.21335 0 0 -8 0
0.257105 0.633333 -50 -44.375 1.57068 -11 1 -8 0
0.164547 0.633333 -50 -18.4375 -2.54346 -1 0 6 0
0.478983 0.6 -50 -1.71874 -2.54346 -7 0 -7 0
0.306549 0.6 -50 6.64063 -2.54346 0 0 -7 0
0.196191 0.533333 -50 -21.6797 -2.54346 -1 0 -9 0
0.125562 0.6 -50 -35.8398 3.36523 -8 2 -14 0
0.08036 0.6 -50 -42.9199 3.36523 -1 0 -2 0
0.663144 0.533333 -50 -46.46 3.36523 0 0 0 0
0.797886 0.6 -50 -48.23 3.36523 -3 1 -9 0
0.510647 0.533333 -50 -49.115 3.36523 0 0 -8 0
0.326814 0.6 -50 -49.5575 -2.30781 -12 2 -14 0
0.734123 0.6 -50 -49.7787 -2.30781 -3 1 -9 0
0.587298 0.566667 -50 -49.8894 -2.30781 0 0 -9 0
0.681903 0.6 -50 -24.9447 -2.30781 0 0 -9 0
0.545522 0.566667 -50 -4.97234 -2.30781 -3 0 -8 0
0.349134 0.6 -50 -27.4862 -2.30781 -2 0 -8 0
0.534068 0.533333 -50 -38.7431 -0.846251 -12 2 -14 0
0.656352 0.533333 -50 -44.3715 -0.846251 -5 1 -9 0
0.793812 0.533333 -50 -22.1858 -0.846251 -5 1 -9 0
0.635049 0.533333 -50 -36.0929 -0.846251 -2 0 0 0
0.704824 0.533333 -50 -18.0464 -0.846251 -2 0 0 0
0.893736 0.533333 -50 -34.0232 -0.846251 -3 1 -8 0
0.714989 0.6 -50 -42.0116 -0.846251 -10 2 -14 0
0.743195 0.566667 -50 -46.0058 -0.846251 -5 1 -8 0
0.756734 0.633333 -50 -48.0029 2.323 -13 2 -14 0
0.763232 0.566667 -50 -49.0015 2.323 -3 1 -7 0
0.488469 0.633333 -50 -49.5007 -2.5416 -4 1 -2 0
0.780679 0.566667 -50 -49.7504 -2.5416 -3 1 -8 0
0.624543 0.666667 -50 -49.8752 -2.5416 -5 1 -7 0
0.399708 0.566667 -50 -49.9376 -2.5416 -9 2 -14 0
0.255813 0.6 -50 -49.9688 -2.5416 -3 1 -6 0
0.52279 0.633333 -50 -24.9844 -2.5416 -3 1 -6 0
0.828204 0.566667 -50 -37.4922 -2.5416 -3 1 -7 0
0.938154 0.6 -50 -43.7461 -2.5416 -3 1 -6 0
0.962892 0.6 -50 -46.873 -2.5416 -3 1 -8 0
0.917313 0.666667 -50 -48.4365 -2.5416 -3 1 -7 0
0.970233 0.566667 -50 -49.2183 -2.5416 -3 1 -8 0
0.776186 0.666667 -50 -49.6091 -2.5416 -1 1 -1 1
0.772569 0.6 -50 -49.8046 -2.5416 -3 1 -6 1
0.770833 0.633333 -50 -25.9103 -2.5416 -3 1 -7 1
0.493333 0.666667 -14.6044 -14.7229 -0.63328 -8 1 -8 1
0.6368 0.6 -9.55783 -10.2186 -0.63328 -3 1 -8 1
0.644531 0.6 -29.7789 -30.1093 -0.63328 -3 1 -8 1
0.515625 0.5 -10.585 -15.4713 -0.63328 0 0 0 1
0.6475 0.6 -3.50681 -5.03504 -0.63328 0 0 0 1
0.7108 0.5 -4.43198 -2.51752 -0.63328 0 0 0 1
0.84471 0.6 -27.216 -26.2588 -0.63328 0 0 0 1
0.944096 0.6 -38.608 -38.1294 -0.63328 0 0 0 1
0.966457 0.6 -19.945 -17.1416 -0.63328 -2 0 -4 0
0.8639 0.6 -11.5229 -6.48747 -0.63328 -3 0 -5 0
0.888803 0.7 -30.7614 -28.2437 -0.63328 0 0 0 0
0.711042 0.6 -12.2557 -12.1988 -0.63328 -2 0 -3 0
0.455067 0.7 -8.94125 -8.98401 -0.63328 -2 0 -3 0
0.291243 0.666667 -2.06678 -8.16848 -0.63328 0 0 0 0
0.186396 0.6 -4.55903 -4.08424 -0.63328 -3 0 -5 0
0.693682 0.566667 -27.2795 -27.0421 -0.63328 0 0 0 0
0.554946 0.633333 -12.264 -14.0018 -0.63328 -2 0 -3 0
0.666374 0.566667 -0.153763 -5.34685 -0.63328 -1 0 -2 0
0.426479 0.6 3.04812 -2.19266 -0.63328 0 0 0 0
0.272947 0.533333 4.32549 -1.17494 -0.63328 0 0 0 0
0.174686 0.6 6.71631 -3.71247 -0.63328 0 0 0 0
0.483849 0.533333 1.61397 -1.85624 -0.63328 -3 0 -5 0
0.632248 0.566667 5.96828 -2.21844 -0.63328 0 0 0 0
0.822087 0.6 -22.0159 -26.1092 -0.63328 0 0 0 0
0.893252 0.566667 -9.34126 -12.6082 -0.63328 -2 0 -3 0
0.828761 0.6 -0.055937 -8.51943 -0.63328 0 0 0 0
0.530407 0.566667 5.74126 -8.22606 -0.63328 -3 1 -9 0
0.654595 0.6 5.0623 -4.19165 -0.63328 0 0 0 0
0.418941 0.6 -5.16116 -2.84369 1.69338 0 0 0 0
0.268122 0.566667 0.449725 -2.93699 1.69338 0 0 0 0
0.171598 0.633333 9.19922 -3.87638 1.69338 -3 1 -8 0
0.109823 0.633333 6.55274 -1.32006 1.69338 0 0 0 0
0.452715 0.633333 4.11379 -1.08705 1.69338 -2 0 -3 0
0.617303 0.6 11.2993 -2.81625 -0.845299 0 0 0 0
0.395074 0.633333 -2.68367 -3.4514 1.32376 0 0 0 0
0.252847 0.6 -0.345374 -1.08467 1.32376 -2 0 -3 0
0.497093 0.633333 -25.1727 -25.5423 1.32376 0 0 0 0
0.638605 0.633333 -37.5863 -37.7712 1.32376 0 0 0 0
0.510884 0.633333 -14.6654 -20.5082 1.32376 0 0 0 0
0.326966 0.7 -5.16042 -9.32816 1.32376 0 0 0 0
0.525555 0.633333 -27.5802 -29.6641 1.32376 0 0 0 0
0.420444 0.7 -7.90068 -18.0171 1.32376 -3 1 -8 0
0.269084 0.666667 -7.15547 -11.5658 1.32376 0 0 0 0
0.52916 0.7 -1.28943 -4.5284 1.32376 0 0 0 0
0.653997 0.666667 0.753312 -4.66805 1.32376 0 0 0 0
0.713919 0.666667 6.47556 -2.38897 1.32376 0 0 0 0
0.456908 0.6 7.34583 0.715238 1.32376 0 0 0 0
0.619316 0.666667 4.61042 1.66599 1.32376 0 0 0 0
0.697272 0.633333 4.35235 -1.64839 1.32376 0 0 0 0
0.73469 0.666667 3.5501 -3.97614 1.32376 0 0 0 0
0.752651 0.666667 2.65889 -4.2608 1.32376 0 0 0 0
0.761273 0.733333 2.68361 -1.20447 1.32376 0 0 0 0
0.765411 0.666667 4.65063 -2.35877 1.32376 0 0 0 0
0.489863 0.766667 3.28685 -1.96064 1.32376 0 0 0 0
0.588107 0.766667 -23.3566 -25.9803 1.32376 0 0 0 0
0.470486 0.766667 -8.85711 -12.0642 1.32376 0 0 0 0
0.301111 0.8 -2.64284 -8.35066 1.32376 0 0 0 0
0.72672 0.733333 -26.3214 -29.1753 1.32376 0 0 0 0
0.836032 0.7 -10.212 -15.4851 1.32376 0 0 0 0
0.53506 0.7 -2.1389 -5.84772 1.32376 0 0 0 0
0.794097 0.7 -26.0694 -27.9239 1.32376 0 0 0 0
0.781167 0.666667 -38.0347 -38.9619 1.25901 0 0 0 0
0.77496 0.633333 -44.0174 -44.481 1.25901 0 0 0 0
0.864976 0.633333 -18.7397 -17.597 1.25901 0 0 0 0
0.815189 0.6 -1.1628 -9.36668 -2.59279 0 0 0 0
0.521721 0.6 -2.57702 -5.94431 -2.59279 0 0 0 0
0.333901 0.566667 0.327238 -1.07732 -2.59279 -2 0 -3 0
0.736164 0.633333 -24.8364 -25.5387 -2.59279 0 0 0 0
0.841698 0.566667 -11.2463 -14.3318 -2.59279 0 0 0 0
0.804015 0.633333 -4.23707 -7.92196 -2.59279 0 0 0 0
0.51457 0.633333 -1.40169 -3.73204 -2.59279 0 0 0 0
0.646993 0.6 2.0743 1.57973 -2.59279 0 0 0 0
0.414076 0.6 1.94827 3.08192 -2.59279 0 0 0 0
0.598756 0.633333 9.09703 -0.163583 2.12577 0 0 0 0
0.687403 0.6 -20.4515 -25.0818 2.12577 0 0 0 0
0.439938 0.633333 -35.2257 -12.5409 2.12577 0 0 0 0
0.35195 0.633333 -42.6129 -31.2704 0.900612 0 0 0 0
0.568936 0.6 -46.3064 -40.6352 0.900612 -3 1 -7 0
0.618472 0.566667 -48.1532 -45.3176 0.900612 0 0 0 0
0.494777 0.666667 -49.0766 -47.6588 0.900612 -4 1 -7 0
0.589994 0.566667 -49.5383 -48.8294 0.900612 0 0 0 0
0.753997 0.6 -19.8059 -28.1079 0.900612 -3 1 -9 0
0.761918 0.566667 -7.25144 -17.2221 0.900612 -3 1 -8 0
0.765721 0.633333 -1.66144 -5.62194 0.900612 0 0 0 0
0.490061 0.566667 4.73226 -2.86667 -2.67951 0 0 0 0
0.313639 0.566667 4.75087 -4.29048 -2.67951 -3 1 -7 0
0.730328 0.566667 -22.6246 -27.1452 -2.67951 -3 1 -9 0
0.584262 0.566667 -36.3123 -15.5726 -2.67951 -3 1 -10 0
0.808268 0.533333 -43.1561 -32.7863 -2.67951 -3 1 -9 0
0.646614 0.6 -25.7447 -17.5684 -2.67951 -3 1 -9 0
0.710375 0.533333 -11.3099 -11.1279 -2.67951 -3 1 -8 0
0.74098 0.6 -3.44905 -7.11985 -2.67951 -3 1 -8 0
0.684536 0.5 -26.7245 -28.5599 -2.67951 0 0 0 0
0.728577 0.6 -38.3623 -39.28 -0.943608 -3 1 -8 0
0.749717 0.6 -44.1811 -44.64 -0.943608 -3 1 -9 0
0.599774 0.6 -17.6551 -22.32 -0.943608 -3 1 -9 0
0.687891 0.6 -8.50347 -13.3359 -0.943608 -4 1 -7 0
0.730188 0.7 -3.15325 -8.97059 -0.943608 -4 1 -7 0
0.680392 0.633333 -26.5766 -29.4853 -0.943608 -3 1 -8 0
0.544314 0.633333 -11.6086 -17.0864 -0.943608 -3 1 -7 0
0.609016 0.7 -30.8043 -33.5432 -0.943608 -3 1 -9 0
0.487213 0.7 -9.99675 -16.0959 -0.943608 -3 1 -9 0
0.633862 0.733333 -1.7447 -7.6667 -0.943608 0 0 0 0
0.643403 0.7 -25.8723 -28.8333 -0.943608 -3 1 -9 0
0.708833 0.633333 -37.9362 -39.4167 -0.943608 -4 1 -7 0
0.567067 0.7 -17.5618 -19.7083 -0.943608 -3 1 -9 0
0.362923 0.666667 -0.20949 -7.61232 -0.943608 0 0 0 0
0.744522 0.666667 -25.1047 -28.8062 -0.943608 -3 1 -9 0
0.595617 0.6 -16.078 -19.0599 -0.943608 -3 1 -8 0
0.381195 0.633333 -9.84553 -11.7159 -0.943608 0 0 0 0
0.749784 0.6 -29.9228 -30.8579 -0.943608 0 0 0 0
0.599827 0.633333 -10.6757 -11.0811 -0.943608 0 0 0 0
0.687917 0.6 -7.42117 -7.44448 -0.943608 0 0 0 0
0.66416 0.633333 -28.7106 -28.7222 -0.943608 -3 1 -9 0
0.798496 0.6 -10.6053 -13.0114 -0.943608 0 0 0 0
0.706622 0.6 -30.3026 -31.5057 -0.943608 0 0 0 0
0.823973 0.666667 -12.0505 -15.1714 -0.943608 0 0 0 0
0.795507 0.633333 -4.75838 -10.3304 -0.943608 -3 1 -9 0
0.705475 0.6 -27.3792 -30.1652 -0.943608 0 0 0 0
0.56438 0.566667 -12.1009 -17.0331 -0.943608 -3 1 -9 0
0.361203 0.6 -9.85357 -10.079 -0.943608 0 0 0 0
0.573377 0.566667 -3.5082 -7.60942 -0.943608 -3 1 -9 0
0.675221 0.633333 -0.890044 -5.87844 -0.943608 0 0 0 0
0.432142 0.566667 1.33237 -1.32228 -0.943608 0 0 0 0
0.764457 0.633333 -24.3338 -25.6611 -0.943608 -3 1 -9 0
0.915204 0.566667 -37.1669 -37.8306 -0.943608 -3 1 -9 0
0.949123 0.6 -17.6665 -16.9922 -0.943608 0 0 0 0
0.607439 0.6 -6.91016 -9.25368 -0.943608 -3 1 -9 0
0.69157 0.566667 2.42728 -4.62684 -0.943608 0 0 0 0
0.442605 0.6 2.99935 -2.90866 -0.943608 0 0 0 0
0.283267 0.633333 3.00863 1.75748 -0.943608 0 0 0 0
0.181291 0.6 2.38667 2.37447 -0.943608 0 0 0 0
0.469616 0.6 -23.8067 -23.8128 -0.943608 -3 1 -9 0
0.681769 0.566667 -12.6609 -13.3584 -0.943608 -3 1 -9 0
0.727249 0.6 -9.53558 -5.39715 -0.943608 0 0 0 0
0.849448 0.6 -29.7678 -27.6986 -0.943608 0 0 0 0
0.807735 0.6 -39.8839 -38.8493 -0.943608 0 0 0 0
0.787713 0.6 -44.9419 -44.4246 -0.943608 0 0 0 0
0.63017 0.566667 -47.471 -47.2123 3.84511 -7 1 -8 0
0.403309 0.6 -48.7355 -23.6062 3.84511 -7 1 -8 0
0.641985 0.6 -49.3677 -36.8031 3.84511 0 0 0 0
0.410871 0.6 -49.6839 -43.4015 3.84511 -3 1 -8 0
0.557774 0.566667 -49.8419 -46.7008 3.84511 0 0 0 0
0.446219 0.533333 -49.921 -48.3504 -2.12391 -3 1 -7 1
0.571348 0.6 -49.9605 -49.1752 -2.12391 -3 1 -8 1
0.742809 0.533333 -49.9802 -49.5876 -2.12391 -3 1 -7 1
0.853929 0.6 -49.9901 -49.7938 -2.12391 -3 1 -8 1
0.947414 0.533333 -49.9951 -49.8969 -2.12391 -3 1 -8 1
0.968449 0.6 -49.9975 -49.9484 -2.12391 -3 1 -8 1
0.771884 0.6 -49.9988 -49.9742 -2.12391 -3 1 -8 1
0.863131 0.566667 -49.9994 -49.9871 -2.12391 -3 1 -8 1
0.552404 0.6 -49.9997 -49.9936 -2.12391 -3 1 -7 1
0.665154 0.666667 -49.9998 -49.9968 -2.12391 0 0 0 1
0.831564 0.6 -49.9999 -49.9984 -2.12391 -3 1 -8 1
0.898939 0.6 -26.6649 -25.9004 -2.12391 -3 1 -8 1
0.575321 0.5 -10.4678 -14.5127 -2.12391 -3 1 -8 1
0.805692 0.6 -30.2339 -32.2564 -2.12391 -3 1 -8 1
0.883415 0.533333 -8.24467 -20.1866 -0.499127 -3 1 -8 1
0.739232 0.633333 -29.1223 -35.0933 -0.499127 -3 1 -8 1
0.843539 0.566667 -13.3515 -20.3692 -0.499127 -3 1 -7 1
0.539865 0.633333 -7.191 -8.34674 -0.499127 0 0 0 1
0.659135 0.6 -7.96613 -5.5137 -0.499127 -4 1 -7 1
0.421846 0.6 -7.82922 -3.5633 -0.499127 -4 1 -7 0
0.269982 0.6 -7.15535 -5.02239 -0.499127 -4 1 -7 0
0.172788 0.6 2.30811 -6.18767 -0.499127 -3 1 -7 0
0.689763 0.6 -23.8459 -28.0938 -0.499127 -3 1 -8 0
0.888315 0.633333 -36.923 -39.0469 -0.499127 -3 1 -9 0
0.826391 0.633333 -43.4615 -44.5235 -0.499127 -3 1 -8 0
0.895835 0.666667 -18.4593 -23.8731 -0.499127 -3 1 -8 0
0.830001 0.6 -7.93653 -15.3848 -0.499127 -3 1 -8 0
0.7984 0.7 -1.46826 -9.30878 -0.499127 -3 1 -9 0
0.869939 0.633333 -25.7341 -29.6544 -0.499127 -3 1 -8 0
0.817571 0.666667 -37.8671 -39.8272 -0.499127 -3 1 -8 0
0.792434 0.6 -43.9335 -44.9136 -0.499127 -4 1 -7 0
0.633947 0.633333 -21.0879 -24.4099 -0.499127 -4 1 -7 0
0.643436 0.633333 -35.5439 -37.205 -0.499127 -3 1 -7 0
0.786061 0.666667 -18.5073 -20.8084 -0.499127 -4 1 -7 0
0.777309 0.633333 -7.97158 -8.4811 -0.499127 0 0 0 0
0.698487 0.666667 -28.9858 -29.2406 -0.499127 -3 1 -9 0
0.735274 0.666667 -39.4929 -39.6203 -0.499127 -3 1 -9 0
0.752931 0.6 -44.7464 -44.8101 -0.499127 -3 1 -9 0
0.761407 0.666667 -47.3732 -47.4051 -0.499127 -3 1 -8 0
0.856844 0.666667 -48.6866 -48.7025 -0.499127 -3 1 -7 0
0.811285 0.633333 -49.3433 -24.3513 -0.499127 -3 1 -7 0
0.649028 0.6 -49.6717 -37.1756 -0.499127 -3 0 -5 0
0.711534 0.633333 -49.8358 -43.5878 -0.499127 -3 1 -8 0
0.455381 0.6 -49.9179 -46.7939 -0.499127 -3 1 -7 0
0.618583 0.6 -49.959 -48.397 -0.499127 -3 1 -7 0
0.395893 0.6 -49.9795 -23.967 -0.499127 -3 1 -7 0
0.754017 0.6 -49.9897 -36.9835 -0.499127 -3 1 -8 0
0.85241 0.566667 -23.606 -21.6167 -0.499127 -3 1 -8 0
0.809157 0.6 -9.52358 -10.8084 -0.499127 -4 1 -7 0
0.51786 0.566667 -1.69485 -8.64493 -0.499127 -3 1 -7 0
0.789144 0.633333 -25.8474 -29.3225 -0.499127 -4 1 -7 0
0.778789 0.566667 -37.9237 -39.6612 -0.499127 -3 1 -7 0
0.623031 0.633333 -15.7211 -19.8306 -0.499127 -4 1 -7 0
0.39874 0.633333 -4.83025 -7.99223 -0.499127 0 0 0 0
0.591395 0.6 0.36265 -7.30494 -0.499127 -3 1 -7 0
0.627096 0.6 -24.8187 -28.6525 -0.499127 -4 1 -7 0
0.776257 0.566667 -11.5383 -18.0221 -0.499127 -4 1 -7 0
0.496805 0.6 -4.08648 -7.56874 -0.499127 -4 1 -7 0
0.638466 0.566667 -0.489185 -2.09518 -0.499127 -3 1 -9 0
0.645171 0.666667 -25.2446 -26.0476 -0.499127 -4 1 -7 0
0.872262 0.6 -37.6223 -38.0238 -0.499127 -3 1 -7 0
0.923357 0.666667 -18.0299 -16.5004 -0.499127 -3 1 -9 0
0.754569 0.633333 -34.0149 -33.2502 -0.499127 -3 1 -7 0
0.603655 0.633333 -19.438 -18.7084 -0.499127 -4 1 -7 0
0.631804 0.566667 -34.719 -34.3542 -0.499127 -2 1 -3 0
0.505443 0.566667 -15.2762 -15.8196 -0.499127 -3 1 -8 0
0.323483 0.566667 -5.47195 -6.28025 -0.499127 -4 1 -7 0
0.555272 0.6 -5.89774 -5.29699 -0.499127 -3 1 -8 0
0.355374 0.566667 -0.297354 -3.40607 -0.499127 -4 1 -7 0
0.227439 0.633333 -3.77307 -5.2669 -0.499127 -4 1 -7 0
0.487337 0.633333 -26.8865 -27.6334 -0.499127 -4 1 -7 0
0.389869 0.633333 -10.5225 -12.3461 -0.499127 -3 1 -9 0
0.249516 0.6 -2.13626 -9.40223 -0.499127 -3 1 -8 0
0.15969 0.6 -26.0681 -29.7011 -0.499127 -3 1 -7 0
0.476651 0.6 -38.0341 -39.8506 -0.499127 0 0 0 0
0.628793 0.6 -44.017 -44.9253 -0.499127 -3 1 -7 0
0.70182 0.566667 -47.0085 -47.4626 -0.499127 -3 1 -8 0
0.736874 0.5 -48.5043 -22.9084 -0.499127 -3 1 -7 0
0.753699 0.6 -49.2521 -36.4542 -0.499127 -3 1 -7 0
0.761776 0.5 -49.6261 -43.2271 -0.499127 0 0 0 0
0.487536 0.6 -49.813 -46.6136 -0.499127 -3 1 -7 0
0.312023 0.6 -49.9065 -14.9083 -0.499127 0 0 0 0
0.549771 0.6 -24.152 -6.9734 -0.499127 -3 1 -8 0
0.351854 0.6 -11.8451 -5.73029 -0.499127 -3 1 -7 0
0.56889 0.533333 -3.89551 -0.838118 -0.499127 -3 1 -8 0
0.364089 0.633333 -0.0192846 -1.31512 -0.499127 -3 1 -7 0
0.233017 0.633333 -2.24179 -3.08451 -0.499127 -3 1 -7 0
0.489479 0.633333 -26.1209 -26.5423 -0.499127 -3 1 -8 0
0.816212 0.633333 -38.0604 -38.2711 -0.499127 -3 1 -7 0
0.65297 0.6 -14.9087 -17.4464 -0.499127 -3 1 -9 0
0.65074 0.666667 -32.4544 -33.7232 -0.499127 -3 1 -7 0
0.712355 0.633333 -41.2272 -41.8616 -0.499127 -3 1 -7 0
0.827413 0.6 -19.4508 -21.7929 -0.499127 -3 1 -8 0
0.717727 0.6 -34.7254 -35.8964 -0.499127 -3 1 -8 0
0.830636 0.666667 -19.0294 -19.1982 -0.499127 -4 1 -7 0
0.718964 0.633333 -34.5147 -34.5991 -0.499127 -3 1 -7 0
0.745103 0.633333 -42.2573 -42.2996 -0.499127 -3 1 -8 0
0.908237 0.6 -46.1287 -46.1498 -0.499127 -4 1 -7 0
0.966965 0.6 -48.0643 -48.0749 -0.499127 -3 1 -8 0
0.980179 0.6 -22.8694 -24.8371 -0.499127 -3 1 -8 0
0.870486 0.633333 -10.1556 -14.1427 -0.499127 -3 1 -8 0
0.8907 0.633333 -30.0778 -32.0713 -0.499127 -3 1 -7 0
0.93442 0.6 -40.0389 -15.1178 -0.499127 -3 1 -8 0
0.848522 0.633333 -45.0195 -7.4046 -0.499127 -3 1 -8 0
0.543054 0.633333 -19.4692 -2.35095 -0.499127 -4 1 -7 0
0.347554 0.6 -5.30516 -0.712511 -0.499127 -3 1 -8 0
0.222435 0.633333 -0.0884785 -5.27437 -0.499127 -2 1 -3 0
0.142358 0.6 3.63223 -5.57836 -0.499127 -3 1 -7 0
0.0911093 0.6 4.022 0.415947 -0.499127 0 0 0 0
0.434986 0.6 -22.989 -24.792 -0.499127 -4 1 -7 0
0.608793 0.633333 -36.4945 -37.396 -0.499127 -4 1 -7 0
0.487035 0.566667 -22.5898 -21.4324 -0.499127 -4 1 -7 0
0.311702 0.6 -10.7045 -12.1851 -0.499127 -4 1 -7 0
0.199489 0.566667 -1.67576 -7.19548 -0.499127 -4 1 -7 0
0.476604 0.633333 -25.8379 -28.5977 -0.499127 -3 1 -9 0
0.685962 0.6 -37.9189 -39.2989 -0.499127 -4 1 -7 0
0.439016 0.666667 -43.9595 -44.6494 -0.499127 0 0 0 0
0.28097 0.633333 -46.9797 -47.3247 -0.499127 -3 1 -8 0
0.179821 0.633333 -48.4899 -48.6624 -0.499127 0 0 0 0
0.469051 0.6 -49.2449 -49.3312 -0.499127 -3 1 -7 1
0.375241 0.666667 -49.6225 -44.0406 -0.499127 0 0 0 1
0.544093 0.6 -49.8112 -47.0203 -0.499127 -3 1 -8 1
0.435274 0.633333 -49.9056 -48.5101 -0.499127 0 0 0 1
0.765359 0.566667 -49.9528 -49.2551 -0.499127 -3 1 -8 1
0.767372 0.6 -49.9764 -49.6275 -0.499127 0 0 0 1
0.768339 0.533333 -49.9882 -49.8138 -0.499127 -3 1 -7 1
0.861003 0.6 -49.9941 -49.9069 -0.499127 -7 2 -14 1
0.730625 0.533333 -49.9971 -49.9534 -0.499127 -3 1 -7 1
0.838375 0.6 -49.9985 -49.9767 -0.499127 -4 1 -7 1
0.881452 0.533333 -49.9993 -49.9884 -0.499127 -4 1 -7 1
0.928871 0.6 -49.9996 -49.9942 -0.499127 0 0 0 1
0.845858 0.633333 -49.9998 -49.9971 -0.499127 -4 1 -7 1
0.806012 0.666667 -49.9999 -49.9985 -0.499127 -3 1 -7 1
0.786886 0.6 -50 -49.9993 -0.499127 -4 1 -7 1
0.777705 0.633333 -50 -49.9996 -0.499127 -4 1 -7 1
0.773299 0.666667 -50 -49.9998 -0.499127 -4 1 -6 1
0.771183 0.666667 -50 -49.9999 -0.499127 -3 1 -7 1
0.770168 0.666667 -50 -50 -0.499127 -1 1 -2 1
0.861808 0.6 -50 -50 -0.499127 -1 1 -2 1
0.689447 0.633333 -50 -50 -0.499127 -1 1 -1 1
0.441246 0.533333 -50 -50 -0.499127 -3 2 -8 1
0.282397 0.6 -50 -50 1.0007 -1 1 -1 1
0.72133 0.566667 -50 -50 1.0007 -1 1 -1 1
0.899679 0.6 -50 -50 1.0007 -1 1 -1 1
0.719743 0.566667 -50 -50 1.0007 -3 2 -8 1
0.460636 0.566667 -50 -50 1.0007 -3 2 -8 1
0.621105 0.566667 -50 -50 1.0007 -4 2 -7 1
0.69813 0.5 -50 -50 1.0007 -3 2 -8 1
0.446803 0.6 -50 -50 1.0007 -1 1 -2 1
0.285954 0.5 -50 -10 1.60056 -6 2 -8 1
0.537258 0.6 -50 16.6667 1.60056 -3 2 -7 1
0.606307 0.5 -50 -16.6667 1.60056 -3 2 -7 1
0.485046 0.6 -50 -33.3333 1.60056 -1 1 -1 1
0.632822 0.5 -50 -41.6667 1.60056 -3 2 -7 1
0.405006 0.6 -50 -45.8333 1.60056 -5 2 -8 1
0.756642 0.5 -50 -47.9167 1.60056 -5 2 -8 1
0.605313 0.566667 -50 -48.9583 1.60056 -9 4 -15 1
0.69055 0.566667 -50 -49.4792 1.60056 -12 5 -21 1
0.441952 0.533333 -50 -24.7396 1.60056 -12 5 -21 1
0.665171 0.6 -50 -37.3698 1.60056 -9 4 -14 1
0.42571 0.566667 -50 -18.6849 1.60056 -9 4 -14 1
0.655426 0.6 -50 -34.3424 1.60056 -23 15 -46 1
0.419473 0.566667 -50 -42.1712 1.60056 -21 14 -39 1
0.561077 0.566667 -50 -46.0856 1.60056 -23 16 -46 1
0.669317 0.566667 -50 -48.0428 1.60056 -23 15 -46 1
0.880954 0.566667 -50 -49.0214 1.60056 -9 4 -14 1
0.822858 0.566667 -50 -49.5107 1.60056 -8 3 -14 1
0.893715 0.5 -50 -49.7554 1.60056 -4 2 -8 1
0.828983 0.533333 -22.2426 -25.1494 1.60056 -4 1 -7 1
0.797912 0.5 -3.7525 -9.8548 1.60056 -4 1 -8 1
0.782998 0.566667 4.24021 -2.44343 1.60056 -4 1 -8 1
0.501119 0.533333 6.28677 -0.775285 1.60056 -4 1 -8 1
0.640537 0.533333 4.42245 0.311658 1.60056 -4 1 -8 1
0.409944 0.6 5.33623 1.04869 1.60056 -4 1 -8 0
0.262364 0.533333 5.32436 -0.170101 1.60056 -4 1 -8 0
0.525935 0.6 5.82395 -1.43309 1.60056 0 0 0 0
0.336598 0.533333 5.60428 1.21197 1.60056 0 0 0 0
0.73694 0.6 -22.1979 -24.394 1.60056 0 0 0 0
0.589552 0.533333 -5.51181 -11.4158 1.60056 -2 0 -3 0
0.682985 0.6 -0.244743 -6.54493 1.60056 0 0 0 0
0.662266 0.533333 -25.1224 -28.2725 1.60056 0 0 0 0
0.79736 0.566667 -18.4285 -7.49561 1.60056 -5 0 -9 0
0.782733 0.533333 -10.6089 -3.7478 1.60056 -2 0 -3 0
0.500949 0.6 -1.68517 -1.91475 1.60056 0 0 0 0
0.640455 0.533333 -2.58677 -0.957376 1.60056 0 0 0 0
0.707419 0.6 0.0802417 -0.611314 1.60056 0 0 0 0
0.452748 0.6 2.20515 0.781299 1.60056 0 0 0 0
0.617319 0.666667 0.230483 0.606167 1.60056 0 0 0 0
0.696313 0.6 -3.56123 0.142828 1.60056 0 0 0 0
0.73423 0.633333 0.0183286 1.07786 1.60056 0 0 0 0
0.752431 0.6 -1.20296 0.32341 1.60056 0 0 0 0
0.761167 0.566667 -1.13351 -0.843539 1.60056 0 0 0 0
0.487147 0.5 2.80626 0.917516 1.60056 -3 0 -5 0
0.63383 0.6 1.86396 -1.26538 1.60056 0 0 0 0
0.704239 0.5 -24.068 -2.24907 1.60056 0 0 0 0
0.450713 0.6 -9.38249 -1.16824 1.60056 0 0 0 0
0.616342 0.5 -3.04289 -0.58412 1.60056 0 0 0 0
0.394459 0.6 1.68368 -2.74807 1.60056 -4 1 -8 0
0.252454 0.5 4.59184 -2.37928 1.60056 0 0 0 0
0.521178 0.6 1.78916 -2.23131 1.60056 0 0 0 0
0.333554 0.5 4.74074 -3.12887 1.60056 0 0 0 0
0.213474 0.6 7.80688 -1.47763 1.60056 0 0 0 0
0.136624 0.5 8.36772 -2.45012 1.60056 -4 1 -8 0
0.0874391 0.6 8.09011 -3.47116 1.60056 -4 1 -8 0
0.055961 0.5 6.04506 -4.34921 1.60056 0 0 0 0
0.426861 0.6 5.33734 -1.28175 1.60056 0 0 0 0
0.604893 0.566667 5.8738 -4.48703 1.60056 -4 1 -8 0
0.387132 0.633333 4.76617 -2.64034 1.60056 0 0 0 0
0.585823 0.566667 4.22132 -1.02255 1.60056 0 0 0 0
0.374927 0.533333 3.46201 3.13456 1.60056 0 0 0 0
0.747979 0.633333 -23.269 -23.4327 1.60056 0 0 0 0
0.848787 0.633333 -36.6345 -10.3027 1.60056 -1 0 -2 0
0.543224 0.666667 -14.0315 -2.84155 1.60056 0 0 0 0
0.660747 0.7 -7.611 -1.52025 1.60056 0 0 0 0
0.422878 0.7 -2.09122 -0.550039 1.60056 0 0 0 0
0.602982 0.7 -26.0456 -1.85548 1.60056 0 0 0 0
0.385908 0.633333 -38.0228 -25.9277 1.60056 0 0 0 0
0.585236 0.733333 -44.0114 -37.9639 1.60056 -4 1 -8 0
0.624731 0.633333 -47.0057 -43.9819 1.60056 -4 0 -7 0
0.774838 0.666667 -48.5029 -21.991 1.60056 -4 0 -7 0
0.918942 0.633333 -49.2514 -35.9955 1.60056 0 0 0 0
0.951365 0.633333 -49.6257 -42.9977 1.60056 0 0 0 0
0.856655 0.633333 -49.8129 -46.4989 1.60056 0 0 0 1
0.811195 0.633333 -49.9064 -48.2494 1.60056 0 0 0 1
0.711499 0.6 -49.9532 -49.1247 1.60056 0 0 0 1
0.569199 0.6 -49.9766 -49.5624 1.60056 -5 0 -8 1
0.618572 0.566667 -49.9883 -49.7812 1.60056 0 0 0 1
0.696915 0.6 -49.9942 -49.8906 1.60056 0 0 0 1
0.890889 0.6 -49.9971 -49.9453 1.60056 -4 1 -8 1
0.827627 0.633333 -49.9985 -49.9726 1.60056 0 0 0 1
0.662102 0.633333 -49.9993 -49.9863 1.60056 -4 1 -8 1
0.423745 0.633333 -49.9996 -24.9932 1.60056 -4 1 -8 1
0.338996 0.566667 -49.9998 -37.4966 1.60056 -4 1 -8 1
0.216957 0.633333 -49.9999 -43.7483 1.60056 -4 1 -8 1
0.50414 0.566667 -50 -46.8741 1.60056 -4 1 -8 1
0.785192 0.633333 -50 -48.4371 1.60056 0 0 0 1
0.871115 0.533333 -50 -24.9728 1.60056 0 0 0 1
0.818135 0.6 -50 -37.4864 1.60056 0 0 0 1
0.792705 0.6 -28.1177 -20.71 1.60056 0 0 0 1
0.780498 0.6 -39.0589 -10.3942 1.60056 0 0 0 1
0.499519 0.6 -44.5294 -12.3125 1.60056 -4 1 -8 1
0.639769 0.6 -47.2647 -6.83358 1.60056 0 0 0 1
0.824253 0.6 -48.6324 -28.4168 1.60056 -4 1 -8 1
0.894552 0.6 -49.3162 -16.1842 1.60056 -4 1 -8 1
0.829385 0.6 -49.6581 -13.4975 1.60056 -4 1 -8 1
0.798105 0.6 -26.4362 -7.64162 1.60056 0 0 0 1
0.510787 0.5 -9.28453 -7.28063 1.60056 -4 1 -8 1
0.326904 0.6 -29.6423 -6.20442 1.60056 0 0 0 1
0.556914 0.533333 -39.8211 -4.82635 1.60056 0 0 0 1
0.800391 0.6 -44.9106 -27.4132 1.60056 -3 0 -5 1
0.928141 0.566667 -47.4553 -38.7066 1.60056 0 0 0 1
0.956885 0.6 -22.6058 -19.5937 1.60056 0 0 0 1
0.859305 0.6 -11.8711 -11.521 1.60056 -4 1 -9 1
0.812466 0.5 -5.05414 -5.27972 1.60056 0 0 0 1
0.519978 0.6 -1.12082 -3.10282 1.60056 0 0 0 1
0.332786 0.5 1.71879 -2.44885 1.60056 -4 1 -8 1
0.212983 0.566667 -1.11429 -1.55337 1.60056 0 0 0 1
0.136309 0.5 1.55824 -3.34079 1.60056 -4 1 -8 1
0.0872379 0.566667 -0.182419 -1.03039 1.60056 0 0 0 1
0.0558323 0.5 7.33886 -1.47674 1.60056 -4 1 -8 1
0.0357326 0.566667 6.73875 -1.68135 1.60056 -4 1 -8 1
0.417152 0.533333 4.21759 -1.92763 1.60056 0 0 0 1
0.266977 0.566667 7.10879 -2.21382 1.60056 -4 1 -8 1
0.528149 0.6 2.80043 1.06701 1.60056 0 0 0 1
0.792107 0.5 -23.5998 -24.4665 1.60056 0 0 0 1
0.875264 0.6 -11.1128 -11.1463 1.60056 0 0 0 1
0.736101 0.5 -30.5564 -30.5731 1.60056 0 0 0 1
0.841661 0.6 -14.0385 -15.2787 1.60056 0 0 0 1
0.538663 0.5 -5.18593 -8.01815 1.60056 0 0 0 1
0.658558 0.6 -1.78887 -3.03939 1.60056 0 0 0 1
0.421477 0.6 0.605565 -4.49588 1.60056 0 0 0 1
0.269745 0.6 0.541071 -3.34067 1.60056 0 0 0 1
0.172637 0.6 4.02054 -2.92034 1.60056 -4 1 -8 1
0.482866 0.566667 3.05193 -0.790525 1.60056 0 0 0 1
0.631776 0.633333 4.74025 1.23517 1.60056 0 0 0 1
0.703252 0.633333 0.810034 -0.452017 1.60056 0 0 0 1
0.737561 0.633333 1.00802 0.743678 1.60056 0 0 0 1
0.754029 0.633333 1.89029 1.6397 1.60056 0 0 0 1
0.761934 0.6 -0.484942 1.87034 1.60056 0 0 0 1
0.765728 0.633333 1.31089 1.23671 1.60056 0 0 0 1
0.76755 0.6 -0.774639 -0.135957 1.60056 0 0 0 1
0.694739 0.633333 -25.3873 -25.068 1.60056 -4 1 -8 1
0.555791 0.6 -9.48853 -11.5255 1.60056 0 0 0 1
0.355706 0.566667 -3.12285 -5.75313 1.60056 0 0 0 1
0.742443 0.6 -26.5614 -27.8766 1.60056 0 0 0 1
0.593955 0.633333 -11.7646 -14.4992 1.60056 -4 1 -9 0
0.685098 0.566667 -3.27811 -10.0195 1.60056 -4 1 -8 0
0.438463 0.633333 0.58612 -3.69445 1.60056 -4 1 -8 0
0.610462 0.566667 0.0826219 -1.81873 1.60056 0 0 0 0
0.693022 0.6 -0.194252 -5.17228 1.60056 -4 1 -8 0
0.732651 0.5 -2.18046 -3.34045 1.60056 0 0 0 0
0.468896 0.6 -26.0902 -26.6702 1.60056 -4 0 -7 0
0.62507 0.566667 -38.0451 -38.3351 1.60056 0 0 0 0
0.700034 0.566667 -44.0226 -44.1676 1.60056 0 0 0 0
0.736016 0.6 -47.0113 -47.0838 1.60056 0 0 0 0
0.851973 0.6 -48.5056 -48.5419 1.60056 -3 0 -5 0
0.911184 0.633333 -49.2528 -24.2709 1.60056 -3 0 -5 0
0.968026 0.6 -49.6264 -37.1355 1.60056 0 0 0 0
0.980816 0.666667 -49.8132 -43.5677 1.60056 -4 1 -8 0
0.870791 0.666667 -49.9066 -24.4093 1.60056 -4 1 -8 0
0.557307 0.666667 -26.8447 -10.7046 1.60056 0 0 0 0
0.614006 0.666667 -38.4224 -30.3523 1.60056 -4 1 -8 0
0.861042 0.7 -44.2112 -40.1762 1.60056 -4 1 -8 0
0.688834 0.633333 -23.1473 -19.0464 1.60056 0 0 0 0
0.664512 0.666667 -36.5736 -34.5232 1.60056 -4 1 -8 0
0.53161 0.7 -14.7612 -18.9617 1.60056 -4 1 -8 0
0.655173 0.6 -8.54338 -6.35584 1.60056 0 0 0 0
0.714483 0.633333 -4.78305 -3.67792 1.60056 0 0 0 0
0.742952 0.666667 -3.0672 -0.797294 1.60056 0 0 0 0
0.756617 0.7 -2.24805 0.651557 1.60056 0 0 0 0
0.763176 0.7 -1.34002 2.32578 1.60056 0 0 0 0
0.766325 0.7 -0.262084 -0.0608873 1.60056 0 0 0 0
0.490448 0.7 2.0643 1.63286 1.60056 0 0 0 0
0.635415 0.733333 3.34696 -0.393245 1.60056 0 0 0 0
0.704999 0.7 2.15717 1.17576 1.60056 0 0 0 0
0.7384 0.7 1.92318 2.08788 1.60056 0 0 0 0
0.754432 0.6 0.0777509 -0.249165 1.60056 0 0 0 0
0.482836 0.6 2.19797 0.356187 1.60056 0 0 0 0
0.631761 0.5 2.57109 -1.12646 1.60056 0 0 0 0
0.703245 0.6 2.85897 -2.41999 1.60056 0 0 0 0
0.450077 0.566667 -1.46091 1.39417 1.60056 -1 0 -2 0
0.616037 0.566667 -0.908516 -0.0572257 1.60056 0 0 0 0
0.394264 0.6 2.82628 -1.33134 1.60056 -4 1 -8 0
0.252329 0.566667 2.15638 0.347842 1.60056 0 0 0 0
0.521118 0.6 -0.882912 2.10243 1.60056 0 0 0 0
0.650137 0.633333 0.520081 1.90592 1.60056 0 0 0 0
0.712066 0.633333 -0.727486 2.95616 1.60056 0 0 0 0
0.741791 0.6 -2.28682 -1.43859 1.60056 0 0 0 0
0.474747 0.533333 -0.644834 -2.23444 1.60056 -4 1 -9 0
0.627878 0.6 -1.39385 -0.0302655 1.60056 0 0 0 0
0.641105 0.533333 -25.6969 -25.0151 1.60056 0 0 0 0
0.784663 0.6 -10.1478 -13.5107 1.60056 0 0 0 0
0.502184 0.533333 -3.28821 -9.60433 1.60056 -4 1 -8 0
0.321398 0.6 -0.588909 -4.61277 1.60056 0 0 0 0
0.205695 0.533333 1.93072 -2.30639 1.60056 -4 1 -8 0
0.131645 0.6 1.79869 -0.265619 1.60056 -4 1 -8 0
0.450552 0.6 -24.1007 -25.1328 1.60056 -4 1 -9 0
0.802199 0.666667 -37.0503 -37.5664 1.60056 -4 1 -8 0
0.785055 0.633333 -43.5252 -43.7832 1.60056 -4 1 -8 0
0.871033 0.666667 -25.1268 -22.7886 1.60056 -4 1 -8 0
0.557461 0.666667 -7.49582 -9.11195 1.60056 -4 1 -8 0
0.614065 0.566667 -28.7479 -29.556 1.60056 -4 1 -8 0
0.861063 0.666667 -39.374 -39.778 1.60056 -4 1 -8 0
0.688851 0.6 -15.9846 -18.1889 1.60056 -4 1 -8 0
0.664519 0.566667 -32.9923 -34.0945 1.60056 -4 1 -8 0
0.531615 0.566667 -6.69886 -14.9108 1.60056 -4 1 -7 0
0.793105 0.533333 -28.3494 -32.4554 1.60056 -4 1 -8 0
0.78069 0.6 -39.1747 -41.2277 1.60056 -4 1 -8 0
0.624552 0.5 -16.6707 -20.6138 1.60056 -4 1 -8 0
0.699785 0.6 -7.3179 -9.76294 1.60056 -4 1 -8 0
0.447862 0.5 -1.51609 -2.70756 1.60056 -4 1 -8 0
0.614974 0.6 2.95817 1.25039 1.60056 -4 1 -8 0
0.393583 0.566667 3.509 1.14603 1.60056 -4 1 -8 0
0.58892 0.566667 2.97591 3.05699 1.60056 -4 1 -9 0
0.682682 0.566667 3.57129 2.04933 1.60056 -4 1 -9 0
0.836612 0.533333 -23.2144 -23.9753 1.60056 -4 1 -8 0
0.901967 0.633333 -10.5655 -11.2889 1.60056 0 0 0 0
0.832944 0.6 -1.43214 -4.69631 1.60056 -4 1 -8 0
0.533084 0.666667 1.13578 -3.73705 1.60056 -4 1 -8 0
0.793528 0.6 -24.4321 -26.8685 1.60056 -4 1 -9 0
0.876117 0.633333 -8.11118 -15.5894 1.60056 -4 1 -8 0
0.736429 0.633333 -29.0556 -32.7947 1.60056 -4 1 -9 0
0.589143 0.666667 -11.1945 -15.3557 1.60056 -4 1 -8 0
0.682789 0.666667 -6.46932 -6.63618 1.60056 0 0 0 0
0.436985 0.666667 -0.638043 -4.5747 1.60056 -4 1 -8 0
0.567802 0.633333 -25.319 -27.2874 1.60056 0 0 0 0
0.454242 0.633333 -13.8134 -13.6437 1.60056 0 0 0 0
0.618036 0.633333 -3.99001 -8.4885 1.60056 0 0 0 0
0.696657 0.633333 3.00499 -4.08929 1.60056 0 0 0 0
0.734396 0.6 2.7525 -5.61608 1.60056 -4 1 -8 0
0.470013 0.633333 3.41588 -0.876812 1.60056 0 0 0 0
0.300808 0.633333 2.34353 2.57007 1.60056 -3 0 -5 0
0.544388 0.6 0.0261217 1.57814 1.60056 0 0 0 0
0.609045 0.6 -24.9869 -24.2109 1.60056 -4 1 -8 0
0.765427 0.6 -10.0165 -10.8864 1.60056 0 0 0 0
0.767405 0.566667 -2.76467 -3.86352 -2.91955 0 0 0 0
0.768354 0.6 -4.20131 -1.92293 -2.33564 0 0 0 0
0.76881 0.566667 -2.27111 -2.77181 -1.86851 0 0 0 0
0.769029 0.566667 -3.02509 -3.1975 -1.49481 0 0 0 0
0.769134 0.566667 -26.5125 -26.5987 -1.49481 0 0 0 0
0.769184 0.6 -38.2563 -38.2994 -1.49481 -5 0 -9 0
0.492278 0.566667 -44.1281 -11.6497 0.404151 -5 0 -9 0
0.636293 0.6 -47.0641 -20.8248 0.404151 -5 0 -9 0
0.705421 0.566667 -48.532 -35.4124 0.404151 -5 0 -9 0
0.738602 0.6 -49.266 -42.7062 0.404151 -5 0 -9 0
0.472705 0.566667 -49.633 -46.3531 -1.27668 -6 0 -10 0
0.626899 0.666667 -49.8165 -48.1766 -1.27668 -3 0 -5 0
0.401215 0.633333 -49.9083 -18.4633 -1.27668 -4 0 -7 1
0.592583 0.633333 -49.9541 -34.2316 -0.621343 -5 0 -9 1
0.68444 0.666667 -49.9771 -42.1158 -0.621343 -5 0 -9 1
0.728531 0.666667 -49.9885 -15.4329 -0.621343 -5 0 -8 1
0.749695 0.666667 -49.9943 -32.7165 -0.621343 -5 0 -9 1
0.759854 0.666667 -49.9971 -41.3582 -0.621343 -5 0 -8 1
0.76473 0.666667 -49.9986 -45.6791 -0.621343 -5 0 -9 1
0.76707 0.666667 -49.9993 -16.5896 -0.621343 -4 0 -7 1
0.490925 0.7 -49.9996 -33.2948 -0.897075 -4 0 -7 1
0.314192 0.633333 -49.9998 -41.6474 -0.897075 -4 1 -8 1
0.550812 0.666667 -49.9999 -12.6987 -0.897075 -3 0 -5 1
0.35252 0.6 -50 -16.3493 -0.897075 -1 0 -2 1
0.569209 0.6 -50 -33.1747 -0.897075 0 0 0 1
0.673221 0.6 -50 -41.5873 -0.897075 0 0 0 1
0.658517 0.6 -50 -45.7937 -0.897075 -3 0 -5 1
0.526813 0.566667 -50 -47.8968 -0.897075 0 0 0 1
0.337161 0.6 -50 -48.9484 -0.897075 -4 1 -7 1
0.215783 0.6 -50 -49.4742 -0.897075 -4 1 -7 1
0.482861 0.6 -50 -49.7371 -0.897075 -1 1 -2 1
0.386288 0.633333 -50 -49.8686 -0.897075 -1 1 -1 1
0.548335 0.6 -50 -49.9343 -0.897075 -1 1 -2 1
0.729001 0.633333 -50 -49.9671 -0.897075 -1 1 -2 1
0.74992 0.633333 -50 -49.9836 -0.897075 -4 1 -7 1
0.479949 0.6 -50 -49.9918 -0.897075 -1 1 -2 1
0.778225 0.6 -50 -49.9959 -0.897075 -4 1 -7 1
0.62258 0.566667 -50 -49.9979 -0.897075 -1 1 -2 1
0.698839 0.6 -50 -30.047 -0.897075 -4 1 -7 1
0.735443 0.566667 -50 -17.6168 -0.897075 -4 1 -7 1
0.68241 0.6 -50 -33.8084 -0.897075 -4 1 -8 1
0.727557 0.6 -50 -41.9042 -0.897075 -4 1 -9 1
0.582045 0.633333 -26.3021 -21.4729 -0.897075 -4 1 -8 1
0.372509 0.6 -38.151 -35.7365 -0.897075 0 0 0 1
0.238406 0.6 -44.0755 -18.6695 -0.897075 0 0 0 1
0.514435 0.633333 -25.4917 -10.4285 -0.897075 0 0 0 1
0.646929 0.6 -10.2121 -3.39134 -0.897075 0 0 0 1
0.826315 0.566667 -30.106 -26.6957 -0.897075 -2 0 -3 1
0.895789 0.633333 -16.7624 -15.3086 -0.897075 0 0 0 1
0.897987 0.566667 -33.3812 -32.6543 -0.897075 0 0 0 1
0.963275 0.6 -41.6906 -41.3272 -0.897075 0 0 0 1
0.77062 0.633333 -18.5016 -18.9809 -0.897075 0 0 0 1
0.769898 0.566667 -9.89957 -10.4164 -0.897075 0 0 0 1
0.769551 0.666667 -2.27121 -4.31533 -0.897075 0 0 0 1
0.769384 0.6 -1.01385 -5.76968 -0.897075 -2 0 -3 1
0.769305 0.633333 1.04315 -5.34907 -0.897075 -3 0 -5 1
0.769266 0.6 2.56703 -3.8109 -0.897075 -2 0 -3 1
0.49233 0.6 -23.7165 -6.07212 -0.897075 -4 0 -7 1
0.636319 0.6 -11.9956 -3.03606 -0.897075 -8 1 -15 0
0.407244 0.6 -3.42427 -4.68832 -0.897075 -3 0 -5 0
0.260636 0.6 0.939379 -2.38786 -0.897075 -4 0 -7 0
0.166807 0.566667 -24.5303 -5.1413 -0.897075 0 0 0 0
0.480067 0.6 -11.6774 -3.70701 -0.897075 -1 0 -2 0
0.630432 0.6 -5.52619 -0.514221 -0.897075 -4 0 -7 0
0.403477 0.6 -1.42763 -1.21865 -0.897075 0 0 0 0
0.593669 0.6 -0.866252 0.0851199 -0.897075 0 0 0 0
0.379948 0.6 3.09366 -0.288128 -0.897075 -3 0 -5 0
0.243167 0.6 3.14939 -0.144064 -0.897075 0 0 0 0
0.51672 0.566667 2.60148 0.390931 -0.897075 -3 0 -5 0
0.648026 0.6 3.06356 0.641894 -0.897075 -3 0 -5 0
0.826631 0.566667 -23.4682 -24.6791 -0.897075 -3 0 -5 0
0.895979 0.6 -13.5359 -12.7367 -0.897075 -2 0 -3 0
0.573426 0.566667 -4.65647 -9.14612 -0.897075 0 0 0 0
0.366993 0.6 0.378986 -4.80702 -0.897075 0 0 0 0
0.234875 0.633333 -1.63978 -3.32943 -0.897075 -3 0 -5 0
0.51274 0.6 -0.0914493 -1.70842 -0.897075 -3 0 -5 0
0.646115 0.666667 0.320128 -1.78014 -0.897075 -3 0 -5 0
0.710135 0.7 1.66006 -2.61421 -0.897075 0 0 0 0
0.844519 0.666667 -24.17 -26.3071 -0.897075 -3 0 -5 0
0.675615 0.666667 -10.4036 -15.82 -0.897075 0 0 0 0
0.432394 0.633333 -6.6393 -10.0735 -0.897075 -2 0 -3 0
0.276732 0.666667 -1.71709 -4.97059 -0.897075 -3 0 -5 0
0.177108 0.633333 -1.39832 -3.49054 -0.897075 0 0 0 0
0.485012 0.666667 -1.57125 -2.94719 -0.897075 -2 0 -3 0
0.310408 0.6 -25.7856 -5.10263 -0.897075 0 0 0 0
0.548996 0.633333 -13.5278 -2.63752 -0.897075 -2 0 -3 0
0.351357 0.566667 -31.7639 -6.44697 -0.897075 -4 1 -9 0
0.224869 0.633333 -16.1945 -7.12973 -0.897075 0 0 0 0
0.507937 0.666667 -9.57749 -4.81592 -0.897075 0 0 0 0
0.32508 0.633333 -29.7887 -8.36034 -0.897075 -4 1 -9 0
0.524831 0.633333 -39.8944 -29.1802 -0.897075 0 0 0 0
0.651919 0.6 -44.9472 -39.5901 -0.897075 0 0 0 0
0.791151 0.6 -20.059 -21.4446 -0.897075 0 0 0 0
0.506337 0.6 -35.0295 -10.4018 -0.897075 -2 0 -3 0
0.643042 0.6 -16.2127 -7.05275 -0.897075 0 0 0 0
0.411547 0.6 -9.66883 -5.04152 -0.897075 0 0 0 0
0.558034 0.566667 -29.8344 -27.5208 -0.897075 0 0 0 0
0.446427 0.6 -39.9172 -20.1555 -0.897075 0 0 0 0
0.614285 0.566667 -17.074 -10.4454 -0.897075 0 0 0 0
0.694857 0.6 -9.42766 -4.75974 -0.897075 -3 0 -5 0
0.733531 0.566667 -6.63691 -5.46481 -0.897075 -1 0 -2 0
0.752095 0.633333 -2.98951 -4.89586 -0.897075 -2 0 -3 0
0.481341 0.6 1.474 -0.827562 -0.897075 0 0 0 0
0.631044 0.633333 1.91943 -0.663781 -0.897075 -3 0 -5 0
0.403868 0.6 4.56332 -2.13369 -0.897075 0 0 0 0
0.258475 0.633333 -22.7183 -2.61125 -0.897075 0 0 0 0
0.499255 0.633333 -36.3592 -26.3056 -0.897075 0 0 0 0
0.399404 0.6 -17.3075 -13.3843 -0.897075 0 0 0 0
0.591714 0.633333 -33.6537 -9.33638 -0.897075 0 0 0 0
0.378697 0.6 -41.8269 -4.71398 -0.897075 -3 0 -5 0
0.749065 0.6 -45.9134 -27.357 -0.897075 0 0 0 0
0.849439 0.6 -25.0401 -13.9189 -0.897075 -3 0 -5 0
0.543641 0.633333 -15.5503 -9.09012 -0.897075 0 0 0 0
0.34793 0.6 -11.3008 -4.16045 -0.897075 0 0 0 0
0.740204 0.6 -30.6504 -27.0802 -0.897075 0 0 0 0
0.844122 0.666667 -18.4429 -15.5937 -0.897075 0 0 0 0
0.540238 0.666667 -10.0027 -9.26169 -0.897075 -4 1 -8 0
0.659314 0.7 -6.85321 -3.66102 -0.897075 0 0 0 0
0.421961 0.666667 -5.99071 -1.10935 -0.897075 0 0 0 0
0.761525 0.6 -27.9954 -25.5547 -0.897075 0 0 0 0
0.856915 0.6 -38.9977 -13.8607 -0.897075 0 0 0 0
0.811319 0.666667 -44.4988 -31.9303 -0.897075 0 0 0 0
0.519244 0.666667 -21.1276 -17.5148 -0.897075 -4 1 -8 0
0.649237 0.6 -35.5638 -33.7574 -0.897075 -4 1 -8 0
0.711634 0.633333 -42.7819 -20.7248 -0.897075 0 0 0 0
0.741584 0.666667 -46.391 -35.3624 -0.897075 0 0 0 0
0.75596 0.6 -48.1955 -42.6812 -0.897075 -2 0 -3 0
0.857717 0.666667 -49.0977 -46.3406 -0.897075 0 0 0 0
0.811704 0.633333 -49.5489 -48.1703 -0.897075 0 0 0 0
0.789618 0.6 -49.7744 -49.0852 -0.897075 -4 1 -8 0
0.873771 0.6 -49.8872 -29.19 -0.897075 0 0 0 0
0.891646 0.6 -49.9436 -39.595 -0.897075 0 0 0 0
0.960993 0.6 -49.9718 -44.7975 -0.897075 0 0 0 0
0.768794 0.6 -24.3449 -26.1086 -0.897075 0 0 0 0
0.769021 0.633333 -15.9919 -11.6654 -0.897075 -2 0 -3 0
0.695304 0.6 -32.9959 -30.8327 -0.897075 0 0 0 0
0.89031 0.666667 -41.498 -40.4164 -0.897075 -3 0 -5 0
0.960511 0.6 -45.749 -45.2082 -0.897075 -2 0 -3 0
0.976307 0.7 -24.2464 -22.8356 -0.897075 -4 0 -7 0
0.624836 0.633333 -9.80841 -13.7326 -0.897075 0 0 0 0
0.699921 0.7 -6.35769 -7.29733 -0.897075 -3 0 -5 0
0.66877 0.6 -28.1788 -28.6487 -0.897075 -3 0 -5 0
0.801262 0.666667 -16.1377 -15.5263 -0.897075 -3 0 -5 0
0.512808 0.633333 -9.35092 -10.2631 -0.897075 0 0 0 0
0.646148 0.666667 -5.83825 -6.42467 -0.897075 -2 0 -3 0
0.413534 0.633333 -1.95759 -5.02685 -0.897075 0 0 0 0
0.598497 0.7 -2.72298 -2.51342 -0.897075 -3 0 -5 0
0.687278 0.666667 -3.28457 -4.82814 -0.897075 0 0 0 0
0.439858 0.666667 -2.63187 -2.41407 -0.897075 0 0 0 0
0.611132 0.7 -0.940935 -3.98481 -0.897075 0 0 0 0
0.693343 0.7 -25.4705 -4.18835 -0.897075 0 0 0 0
0.732805 0.666667 -37.7352 -27.0942 -0.897075 0 0 0 0
0.468995 0.7 -43.8676 -38.5471 -0.897075 -4 1 -8 0
0.625118 0.633333 -46.9338 -44.2735 -0.897075 0 0 0 0
0.400075 0.633333 -48.4669 -26.7842 1.48234 0 0 0 0
0.592036 0.666667 -49.2335 -13.6076 1.48234 0 0 0 1
0.810506 0.666667 -49.6167 -31.8038 1.48234 0 0 0 1
0.789043 0.666667 -49.8084 -40.9019 1.48234 0 0 0 1
0.873426 0.7 -49.9042 -21.5716 1.48234 0 0 0 1
0.819244 0.7 -22.388 -10.6742 1.48234 0 0 0 1
0.793237 0.7 -36.194 -5.55262 1.48234 -1 0 -2 1
0.780754 0.766667 -43.097 -3.63838 1.48234 -3 0 -5 1
0.774762 0.766667 -46.5485 -3.75885 1.48234 0 0 0 1
0.771886 0.8 -21.314 0.961487 1.48234 -3 0 -5 1
0.494007 0.833333 -8.15701 2.10111 1.48234 0 0 0 1
0.316164 0.8 -5.24328 -0.916226 1.48234 0 0 0 1
0.202345 0.833333 -3.54076 -3.58311 1.48234 0 0 0 1
0.477701 0.766667 -26.7704 -26.7916 1.48234 0 0 0 1
0.38216 0.766667 -12.5496 -15.6351 1.48234 0 0 0 1
0.244583 0.666667 -31.2748 -12.8175 1.48234 0 0 0 1
0.49392 0.7 -40.6374 -31.4088 1.48234 0 0 0 1
0.696352 0.666667 -21.4835 -16.4228 1.48234 -3 0 -5 1
0.734249 0.633333 -12.3254 -9.41331 1.48234 -3 0 -5 1
0.752439 0.633333 -7.97896 -6.60059 1.48234 0 0 0 1
0.856703 0.633333 -28.9895 -28.3003 1.48234 0 0 0 1
0.914022 0.6 -16.2845 -13.2323 1.48234 -3 0 -5 1
0.584974 0.6 -17.4371 -7.5777 0.785872 -3 0 -5 1
0.374383 0.666667 -11.7449 -6.02815 0.785872 0 0 0 1
0.543763 0.666667 -30.8724 -28.0141 0.785872 0 0 0 1
0.726258 0.633333 -17.2828 -13.3605 0.785872 0 0 0 1
0.464805 0.666667 -10.944 -8.22983 0.785872 0 0 0 1
0.623106 0.6 -9.09044 -7.14522 0.785872 -4 1 -8 1
0.699091 0.633333 -29.5452 -4.00364 0.785872 -1 0 -2 1
0.735564 0.6 -15.9705 -2.43286 0.785872 0 0 0 1
0.851842 0.633333 -32.9853 -26.2164 0.785872 0 0 0 1
0.808884 0.633333 -41.4926 -38.1082 0.785872 0 0 0 1
0.885331 0.666667 -45.7463 -19.3041 0.785872 0 0 0 1
0.566612 0.666667 -47.8732 -34.6521 0.785872 -4 1 -8 1
0.362631 0.7 -48.9366 -42.326 0.785872 0 0 0 1
0.574063 0.666667 -49.4683 -46.163 0.785872 0 0 0 1
0.3674 0.666667 -49.7341 -48.0815 0.785872 -4 0 -7 1
0.541082 0.666667 -49.8671 -49.0408 0.785872 -3 0 -5 1
0.724649 0.633333 -49.9335 -49.5204 0.785872 -3 0 -5 1
0.463775 0.6 -49.9668 -49.7602 0.785872 0 0 0 1
0.773567 0.633333 -49.9834 -49.8801 0.785872 0 0 0 1
0.86414 0.666667 -49.9917 -16.815 0.785872 -5 0 -8 1
0.888872 0.633333 -49.9958 -33.4075 0.785872 0 0 0 1
0.826659 0.7 -49.9979 -41.7038 0.785872 -4 1 -8 1
0.937597 0.7 -49.999 -45.8519 0.785872 0 0 0 1
0.962558 0.633333 -49.9995 -47.9259 0.785872 -5 0 -9 1
0.616037 0.666667 -49.9997 -48.963 0.785872 -4 1 -8 1
0.394264 0.633333 -49.9999 -49.4815 0.785872 -4 1 -8 1
0.589247 0.6 -49.9999 -2.96655 0.785872 -4 1 -9 1
0.682838 0.6 -50 -26.4833 0.785872 0 0 0 1
0.727762 0.666667 -50 -38.2416 0.785872 -4 1 -8 1
0.749326 0.6 -50 -44.1208 0.785872 0 0 0 1
0.759676 0.633333 -50 -47.0604 0.785872 -4 1 -9 1
0.764645 0.6 -50 -48.5302 0.785872 -4 0 -7 1
0.489373 0.633333 -50 -49.2651 0.785872 -4 1 -8 1
0.634899 0.6 -50 -44.6326 0.785872 -5 0 -8 1
0.704751 0.633333 -50 -47.3163 0.785872 -4 1 -8 1
0.738281 0.6 -50 -48.6581 0.785872 -4 1 -8 1
0.4725 0.6 -50 -49.3291 0.785872 -3 0 -5 1
0.3024 0.6 -50 -44.6645 0.785872 -3 0 -5 1
0.545152 0.666667 -50 -47.3323 0.785872 -4 1 -8 1
0.348897 0.6 -50 -48.6661 -0.771302 0 0 0 1
0.567471 0.6 -50 -49.3331 -0.771302 -4 1 -8 1
0.803432 0.7 -50 -49.6665 -0.771302 -4 1 -8 1
0.642745 0.7 -50 -42.9583 -0.771302 0 0 0 1
0.411357 0.666667 -50 -13.9791 -0.771302 0 0 0 1
0.263268 0.733333 -50 -0.739567 -0.771302 0 0 0 1
0.526369 0.7 -50 -12.2448 -0.771302 0 0 0 1
0.336876 0.666667 -50 -31.1224 -0.771302 0 0 0 1
0.52936 0.6 -50 -40.5612 -0.817042 -4 1 -8 1
0.423488 0.666667 -50 -45.2806 -0.653633 0 0 0 1
0.271033 0.6 -50 -47.6403 -0.522907 -4 1 -8 1
0.530096 0.666667 -50 -23.8201 -0.522907 -4 1 -8 1
0.718057 0.633333 -50 -36.9101 -0.522907 -1 1 -2 1
0.459557 0.6 -50 -16.58 -0.418325 -4 1 -8 1
0.294116 0.633333 -50 -33.29 -0.13466 -4 1 -7 1
0.724705 0.666667 -50 -41.645 -0.13466 -4 2 -7 1
0.834823 0.6 -50 -45.8225 -0.13466 -4 2 -7 1
0.800715 0.666667 -50 -47.9113 -0.13466 -8 3 -14 1
0.707475 0.666667 -50 -48.9556 -0.107728 -12 5 -20 1
0.824485 0.6 -50 -49.4778 -0.107728 -18 9 -33 1
0.716602 0.6 -50 -49.7389 -0.107728 -23 14 -45 1
0.573282 0.533333 -50 -24.8695 -0.107728 -23 14 -45 1
0.573282 0.566667 -25 -12.4347 -0.107728 -23 14 -45 1
0.458625 0.6 -37.5 -31.2174 3.31382 -23 14 -45 1
0.458625 0.5 -18.75 -15.6087 3.31382 -23 14 -45 1
0.62014 0.6 -34.375 -7.80434 3.31382 -23 14 -45 1
0.496112 0.5 -42.1875 -3.90217 3.31382 -23 14 -45 1
0.496112 0.6 -21.0938 -1.95109 3.31382 -23 14 -45 1
0.697667 0.6 -35.5469 -25.9755 3.31382 -13 9 -21 1
0.667904 0.6 -42.7734 -37.9878 3.31382 -7 5 -14 1
0.800743 0.6 -46.3867 -43.9939 3.31382 -6 4 -10 1
0.512475 0.6 -48.1934 -46.9969 3.31382 -20 4 -17 1
0.59679 0.6 -49.0967 -48.4985 3.31382 -21 1 -5 1
0.686459 0.533333 -49.5483 -49.2492 3.31382 -16 0 12 1
0.887125 0.633333 -49.7742 -49.6246 3.31382 -16 0 15 1
0.82582 0.6 -49.8871 -49.8123 4.05105 -17 0 16 1
0.937295 0.533333 -49.9435 -49.9062 4.05105 -17 0 18 1
0.962377 0.633333 -19.6687 -18.4917 1.64084 -19 -1 15 1
0.917165 0.533333 -34.8344 -34.2459 1.64084 6 6 -42 1
0.950299 0.633333 -42.4172 -17.1229 1.64084 6 6 -42 1
0.760239 0.533333 -46.2086 -8.56147 1.64084 6 6 -42 1
0.856143 0.6 -48.1043 -4.28073 1.64084 6 6 -42 1
0.913686 0.5 -49.0521 -2.14037 1.64084 6 6 -42 1
0.948212 0.6 -49.5261 -1.07018 1.64084 6 6 -42 1
0.968927 0.5 -49.763 0.459227 1.64084 -13 -6 14 1
0.865085 0.566667 -49.8815 0.229613 1.64084 -13 -6 14 1
0.919051 0.566667 -26.9105 0.114807 1.64084 -13 -6 14 1
0.951431 0.5 -15.2985 0.0574033 1.64084 -13 -6 14 1
0.970858 0.566667 -32.6493 0.0287017 1.64084 -13 -6 14 1
0.982515 0.533333 -17.4407 0.0143508 1.64084 -13 -6 14 1
0.786012 0.566667 -33.7204 2.37204 1.64084 -14 -5 29 1
0.777286 0.6 -22.6935 4.6343 1.64084 18 -6 -23 1
0.863858 0.6 -36.3468 -22.6829 1.64084 -50 7 -49 1
0.918315 0.6 -21.9777 -10.0914 1.64084 -49 4 -43 0
0.840791 0.633333 -35.9889 -5.04571 1.64084 -49 4 -43 0
0.80358 0.6 -42.9944 -27.5229 1.64084 -49 4 -43 0
0.80358 0.666667 -21.4972 -13.7614 1.64084 -49 4 -43 0
0.80358 0.666667 -10.7486 -6.88071 1.64084 -49 4 -43 0
0.80358 0.7 -5.3743 -3.44036 1.64084 -49 4 -43 0
0.80358 0.7 -2.68715 -1.72018 1.64084 -49 4 -43 0
0.80358 0.766667 -1.34358 -0.860089 1.64084 -49 4 -43 0
0.80358 0.8 -0.671788 -0.430045 1.64084 -49 4 -43 1
0.80358 0.8 -0.335894 -0.215022 1.64084 -49 4 -43 1
0.80358 0.9 -0.167947 -0.107511 1.64084 -49 4 -43 1
0.80358 0.9 -0.0839735 -0.0537556 1.64084 -49 4 -43 1
0.80358 0.9 -0.0419867 -0.0268778 1.64084 -49 4 -43 1
0.80358 0.9 -0.0209934 -0.0134389 1.64084 -49 4 -43 1
0.80358 0.9 -0.0104967 -0.00671945 1.64084 -49 4 -43 1
0.80358 0.9 -0.00524834 -0.00335972 1.64084 -49 4 -43 1
0.80358 0.9 -0.00262417 -0.00167986 1.64084 -49 4 -43 1
0.80358 0.9 -0.00131209 -0.000839931 1.64084 -49 4 -43 1
0.80358 0.9 -0.000656043 -0.000419965 1.64084 -49 4 -43 1
