0.785718 0.9 -14.1304 -7.39583 1.64084 -4 1 -7 0
0.866287 0.8 -32.0652 -28.6979 1.64084 -4 1 -7 0
0.69303 0.8 -5.13517 6.42027 1.64084 0 0 0 0
0.732654 0.766667 -20.4247 20.7505 1.64084 0 0 0 0
0.468899 0.7 -34.0219 30.6877 1.64084 0 0 0 0
0.300095 0.666667 -36.7784 12.2189 1.64084 0 0 0 0
0.192061 0.633333 -1.72253 4.13899 1.64084 0 0 0 0
0.695314 0.566667 -25.8613 -22.9305 -2.08733 0 0 0 0
0.73375 0.6 -37.9306 -36.4653 -2.08733 -4 0 -6 0
0.587 0.566667 -34.3723 -26.1493 -2.08733 -4 0 -7 0
0.809056 0.6 -42.1861 -38.0746 -2.08733 -6 0 -10 0
0.885434 0.533333 -46.0931 -19.0373 -2.08733 -6 0 -10 0
0.708347 0.6 -20.2688 -9.51866 -2.08733 -6 0 -10 0
0.566678 0.6 -11.5879 -4.75933 -2.08733 -6 0 -10 0
0.672005 0.6 -30.7939 -27.3797 -1.66986 0 0 0 0
0.803203 0.566667 -40.397 -13.6898 -1.66986 0 0 0 0
0.642563 0.566667 -39.7297 8.38946 -1.66986 -42 -13 46 0
0.41124 0.566667 -44.8649 4.19473 -1.66986 -42 -13 46 0
0.328992 0.566667 -3.33521 10.0835 -1.66986 -45 25 89 0
0.263194 0.6 -1.66761 5.04174 -1.66986 -45 25 89 0
0.210555 0.566667 -25.8338 2.52087 -1.66986 -45 25 89 0
0.168444 0.633333 6.56839 1.26043 -1.66986 -45 25 89 0
0.134755 0.566667 12.0051 0.630217 -1.66986 -45 25 89 0
0.107804 0.6 18.6715 22.0651 0.464112 -62 -132 90 0
0.451746 0.6 29.915 -0.310038 0.464112 -57 1 89 0
0.57347 0.6 -10.0425 -25.155 0.464112 -57 1 89 0
0.458776 0.566667 -15.1403 5.18111 0.464112 -58 1 90 0
0.620213 0.633333 -28.7011 21.125 0.464112 -58 0 90 0
0.396936 0.633333 4.39945 21.325 0.464112 -58 0 90 0
0.254039 0.6 -21.6284 30.3649 -1.42871 -58 0 90 0
0.521939 0.6 -24.2537 35.0863 -1.42871 -58 0 90 1
0.600424 0.633333 -37.1269 -7.45686 -1.42871 -58 0 90 1
0.600424 0.666667 -18.5634 -3.72843 -1.42871 -58 0 90 1
0.760255 0.7 -29.3101 13.24 -1.42871 -58 0 90 1
0.691938 0.766667 -39.6551 -18.38 -0.342969 -51 0 -90 1
0.73213 0.666667 -44.8275 -34.19 -0.342969 0 0 0 1
0.903567 0.7 -47.4138 -42.095 -0.474375 0 0 0 1
0.722853 0.7 -39.0478 -3.5475 -0.474375 0 0 0 1
0.462626 0.733333 -36.1432 12.4544 -0.474375 0 0 0 1
0.296081 0.7 -40.8494 19.9873 -0.474375 0 0 0 1
0.725271 0.7 -45.4247 -15.0064 -0.474375 0 0 0 1
0.580217 0.7 -46.0819 7.20587 -0.474375 0 0 0 1
0.807103 0.633333 -48.041 -21.3971 -0.5795 0 0 0 1
0.930557 0.6 -49.0205 -35.6985 -0.5795 0 0 0 1
0.975001 0.633333 -49.5102 -42.8493 -0.5795 0 0 0 1
0.985 0.633333 -45.9286 -1.11213 -0.5795 0 0 0 1
0.8728 0.733333 -8.9399 20.856 -0.5795 0 0 0 1
0.69824 0.633333 -16.97 24.2741 -0.5795 0 0 0 1
0.841093 0.633333 -33.485 -12.8629 -0.5795 0 0 0 1
0.672875 0.6 -40.2119 12.2028 -0.5795 0 0 0 1
0.833788 0.6 -45.1059 -18.8986 -0.5795 0 0 0 1
0.800218 0.633333 -47.553 -34.4493 -0.5795 0 0 0 1
0.880131 0.6 -18.3417 -24.8859 -0.5795 0 0 0 1
0.73797 0.6 -34.1709 -37.443 -0.5795 0 0 0 1
0.590376 0.633333 -31.4333 1.75265 -0.5795 0 0 0 1
0.377841 0.7 -17.7053 -9.67055 -0.5795 0 0 0 1
0.241818 0.666667 -10.7971 -7.33527 -0.5795 0 0 0 1
0.516073 0.666667 -18.7606 -5.18938 -0.4636 0 0 0 1
0.330287 0.666667 -6.98669 -0.981785 -0.4636 0 0 0 1
0.211383 0.6 -6.23725 -0.490892 -0.4636 0 0 0 1
0.169107 0.566667 -1.21645 -1.07878 -0.4636 0 0 0 1
0.108228 0.6 0.879871 2.6749 -0.4636 0 0 0 1
0.0692661 0.566667 0.439935 4.74654 -0.4636 0 0 0 1
0.0443303 0.566667 1.09206 2.37327 -0.4636 0 0 0 1
0.0354642 0.566667 -24.454 1.18663 -0.4636 0 0 0 1
0.0283714 0.566667 -37.227 0.593317 -0.4636 0 0 0 1
0.417023 0.6 -43.6135 0.296659 -0.4636 0 0 0 1
0.333618 0.633333 -19.0894 3.08951 -0.4636 0 0 0 1
0.213516 0.566667 -29.0603 0.738301 -0.4636 0 0 0 0
0.13665 0.633333 -12.0302 2.94268 -0.4636 0 0 0 0
0.087456 0.566667 -4.43861 3.66403 -0.77088 0 0 0 0
0.0559719 0.566667 -1.65112 1.83202 -0.77088 0 0 0 0
0.0447775 0.566667 -25.8256 0.916008 -0.77088 0 0 0 0
0.035822 0.6 -37.9128 0.458004 -0.77088 0 0 0 0
0.421493 0.566667 -43.9564 0.229002 -0.77088 0 0 0 0
0.652896 0.666667 -0.654666 0.114501 -0.77088 0 0 0 0
0.522317 0.566667 1.96859 0.550672 -0.616704 0 0 0 0
0.334283 0.666667 0.389055 1.2798 -0.616704 0 0 0 0
0.267426 0.566667 -23.5124 -5.21947 -0.293363 0 0 0 0
0.171153 0.633333 -30.6287 14.6697 7.36531 0 0 0 0
0.465723 0.566667 -40.3144 -17.6652 7.36531 0 0 0 0
0.372578 0.6 -15.5003 -18.3914 7.36531 0 0 0 0
0.23845 0.566667 -5.40641 -17.7895 7.36531 0 0 0 0
0.152608 0.633333 -3.55548 -18.9754 7.36531 0 0 0 0
0.0976691 0.633333 -0.147304 -19.9716 7.36531 0 0 0 1
0.437505 0.7 -25.0737 -34.9858 7.36531 0 0 0 1
0.350004 0.666667 -8.66778 -25.696 7.36531 0 0 0 1
0.740801 0.666667 -29.3339 -37.848 7.36531 0 0 0 1
0.592641 0.6 -28.0727 -0.486504 7.36531 0 0 0 1
0.37929 0.666667 -39.0364 -25.2433 -0.507752 0 0 0 1
0.242746 0.633333 -40.8887 -0.121626 1.9938 0 0 0 1
0.493214 0.6 -45.4444 -25.0608 1.9938 0 0 0 1
0.394571 0.6 -3.53614 -8.6511 1.19504 0 0 0 1
0.551515 0.566667 -26.7681 -29.3255 5.55603 0 0 0 1
0.441212 0.6 4.16916 -2.566 2.24482 0 0 0 1
0.441212 0.6 2.08458 -1.283 2.24482 0 0 0 1
0.441212 0.633333 1.04229 -0.6415 2.24482 0 0 0 1
0.569426 0.666667 -24.4789 -25.3207 2.24482 0 0 0 1
0.569426 0.633333 -12.2394 -12.6604 2.24482 0 0 0 1
0.569426 0.666667 -6.11971 -6.33019 2.24482 0 0 0 1
0.45554 0.7 -28.0599 -3.16509 2.24482 0 0 0 1
0.45554 0.6 -14.0299 -1.58255 2.24482 0 0 0 1
0.364432 0.7 -32.015 -0.791273 2.24482 0 0 0 1
0.291546 0.6 -2.7062 -2.47897 3.19586 0 0 0 1
0.186589 0.6 -7.9781 -5.25734 3.19586 0 0 0 1
0.693738 0.6 -28.9891 -27.6287 3.35669 0 0 0 1
0.816243 0.6 1.5769 0.471379 2.68535 0 0 0 1
0.875078 0.5 -24.2115 -24.7643 1.94828 0 0 0 1
0.955028 0.6 -37.1058 -37.3822 1.35862 0 0 0 1
0.858413 0.5 -43.5529 -43.6911 1.6869 0 0 0 1
0.686731 0.6 -19.4116 -20.7355 1.54952 0 0 0 0
0.837778 0.5 -34.7058 -35.3678 0.839616 0 0 0 0
0.670223 0.6 -19.9039 -14.8937 -5.72831 0 0 0 0
0.721707 0.5 -4.43725 -5.14905 2.01735 0 0 0 0
0.746419 0.6 -7.90044 -10.7777 -6.58612 0 0 0 0
0.477708 0.5 -0.304389 -8.51383 -2.86889 0 0 0 0
0.305733 0.533333 -5.50934 -2.12987 -3.69511 0 0 0 0
0.195669 0.6 -27.7547 -1.06494 -3.69511 0 0 0 0
0.156535 0.5 -10.7523 -3.26684 -2.95609 0 0 0 0
0.475137 0.6 -7.3648 0.710328 -2.76487 0 0 0 0
0.304088 0.5 -3.6824 0.355164 -2.76487 0 0 0 0
0.304088 0.6 -1.8412 0.177582 -2.76487 0 0 0 0
0.24327 0.6 0.0929131 -0.489358 -2.76487 0 0 0 0
0.155693 0.6 6.42401 -5.71343 -2.8119 0 0 0 0
0.0996435 0.6 5.20064 -7.40217 -1.44952 0 0 0 0
0.0637718 0.566667 4.38603 0.986415 -1.35962 0 0 0 0
0.040814 0.633333 5.69302 1.50672 -1.68769 0 0 0 0
0.0261209 0.533333 0.811625 -3.79209 -1.35015 0 0 0 0
0.0167174 0.566667 1.29867 -4.83722 -1.35015 0 0 0 0
0.0106991 0.6 -14.9236 -6.71549 -0.880123 0 0 0 0
0.00684744 0.566667 8.48649 -3.35774 -0.880123 0 0 0 0
0.00547796 0.6 13.6772 -9.53601 -0.880123 0 0 0 0
0.00350589 0.566667 -12.6257 -12.7226 -0.904098 0 0 0 0
0.00224377 0.566667 13.2894 2.80539 -0.904098 0 0 0 0
0.00143601 0.6 29.2638 10.3313 -0.904098 0 0 0 0
0.00114881 0.6 14.6319 5.16563 -0.904098 0 0 0 0
0.000919048 0.6 6.94829 2.58282 -0.904098 0 0 0 0
0.000735239 0.6 -11.6647 -9.75026 -0.904098 0 0 0 0
0.000470553 0.666667 9.79263 -15.359 -0.904098 0 0 0 0
0.000301154 0.566667 15.3651 14.1955 2.87672 0 0 0 0
0.000240923 0.566667 7.68253 7.09775 2.87672 0 0 0 0
0.400116 0.566667 -21.1587 -21.4511 1.90138 0 0 0 0
0.592055 0.6 -35.5794 -35.7256 2.1211 0 0 0 0
0.473644 0.5 -6.07093 2.08914 1.89688 0 0 0 0
0.473644 0.6 -3.03547 1.04457 1.89688 0 0 0 1
0.303132 0.6 -26.5177 0.522285 1.89688 0 0 0 1
0.581879 0.6 -32.5089 12.7611 1.89688 0 0 0 1
0.679302 0.6 -36.2012 19.2838 1.89688 0 0 0 1
0.434753 0.6 -18.4683 9.6419 1.89688 0 0 0 1
0.347803 0.6 6.48015 -1.42905 1.11751 0 0 0 1
0.222594 0.533333 -16.812 20.4908 1.11751 0 0 0 1
0.222594 0.6 -8.406 10.2454 1.11751 0 0 0 1
0.222594 0.6 -4.203 5.12271 1.11751 0 0 0 1
0.178075 0.666667 -2.1015 2.56135 1.11751 0 0 0 1
0.14246 0.6 -20.9976 12.571 1.11751 0 0 0 1
0.468381 0.666667 -31.7754 15.9629 1.11751 0 0 0 1
0.624823 0.633333 -34.5101 19.3096 1.11751 0 0 0 1
0.399887 0.6 2.51237 13.9651 1.11751 0 0 0 1
0.591946 0.666667 -23.7438 6.98257 1.11751 0 0 0 1
0.473556 0.6 -31.2597 16.3819 1.11751 0 0 0 1
0.473556 0.566667 -15.6298 8.19095 1.11751 0 0 0 1
0.473556 0.6 -7.81492 4.09548 1.11751 0 0 0 1
0.473556 0.666667 -3.90746 2.04774 1.11751 0 0 0 1
0.378845 0.7 -1.95373 1.02387 1.11751 0 0 0 1
0.303076 0.633333 -22.6605 12.2544 1.294 0 0 0 1
0.545477 0.7 -36.3303 -4.47888 4.8352 0 0 0 1
0.349105 0.633333 -38.2632 13.2017 -3.93184 0 0 0 1
0.349105 0.733333 -19.1316 6.60087 -3.93184 0 0 0 1
0.56757 0.733333 -6.06579 6.42543 5.25453 0 0 0 1
0.363245 0.666667 1.81404 4.87287 -4.19638 0 0 0 1
0.232477 0.633333 4.58349 6.20482 -3.3571 0 0 0 0
0.185981 0.6 2.29175 3.10241 -3.3571 0 0 0 0
0.148785 0.633333 -20.1041 16.6247 -0.285681 0 0 0 0
0.0952225 0.6 -31.2255 19.676 3.17146 0 0 0 0
0.0609424 0.6 -15.9506 16.1806 -2.26284 0 0 0 0
0.429252 0.533333 -4.4753 11.1679 4.98973 0 0 0 0
0.429252 0.6 -2.23765 5.58397 4.98973 0 0 0 0
0.274722 0.633333 1.57725 6.56037 -3.60821 0 0 0 0
0.175822 0.6 5.03863 7.16276 -2.68657 0 0 0 0
0.112526 0.633333 4.26931 6.25995 3.65074 0 0 0 0
0.454012 0.6 -3.52941 3.12998 3.65074 0 0 0 0
0.290568 0.633333 21.3122 14.5458 2.12059 0 0 0 0
0.185963 0.666667 17.799 1.59106 0.496475 0 0 0 0
0.489262 0.633333 -8.25738 -5.82212 0.496475 0 0 0 0
0.634846 0.633333 -25.2293 -7.07773 -2.20282 0 0 0 0
0.406301 0.6 -32.1459 7.46657 -0.162256 0 0 0 0
0.55602 0.566667 -41.0729 -21.2667 3.4702 0 0 0 0
0.733612 0.6 -33.4041 -10.6334 3.4702 0 0 0 0
0.586889 0.6 3.96598 -16.2038 -2.22384 0 0 0 0
0.375609 0.6 21.6258 -16.5696 -2.22384 0 0 0 0
0.24039 0.6 28.6701 -11.8174 -2.22384 0 0 0 0
0.192312 0.633333 14.335 -5.90871 -2.22384 0 0 0 0
0.515387 0.566667 -17.8325 -2.95436 -2.22384 0 0 0 0
0.515387 0.6 -8.91624 -1.47718 -2.22384 0 0 0 0
0.515387 0.633333 -29.4581 -0.738589 -2.22384 0 0 0 0
0.41231 0.566667 -22.9021 -0.369294 -2.22384 0 0 0 0
0.597909 0.633333 -36.4511 -0.184647 -2.22384 0 0 0 0
0.597909 0.566667 -18.2255 -0.0923236 -2.22384 0 0 0 0
0.597909 0.6 -9.11277 -0.0461618 -2.22384 0 0 0 1
0.597909 0.6 -4.55638 -0.0230809 -2.22384 0 0 0 1
0.597909 0.7 -2.27819 -0.0115405 -2.22384 0 0 0 1
0.758745 0.7 -26.1391 -0.00577023 -2.22384 0 0 0 1
0.764198 0.7 -38.0695 -25.0029 -1.57907 0 0 0 1
0.858519 0.7 -14.9983 -12.5014 -1.57907 0 0 0 1
0.949067 0.7 -32.4992 -31.2507 2.93674 0 0 0 1
0.96944 0.7 -41.2496 -15.6254 2.93674 0 0 0 1
0.96944 0.6 -24.3013 -7.81268 2.93674 0 0 0 1
0.620442 0.6 -37.1506 -28.9063 2.93674 0 0 0 1
0.697812 0.566667 -31.8406 -18.6198 2.93674 0 0 0 1
0.4466 0.633333 -27.8995 -19.4662 1.34939 0 0 0 1
0.285824 0.566667 0.425261 5.73166 2.27951 0 0 0 1
0.537195 0.566667 19.6571 20.6393 2.27951 0 0 0 1
0.343805 0.533333 -12.3766 -5.40617 2.27951 0 0 0 1
0.220035 0.566667 -28.7427 7.37756 2.27951 0 0 0 1
0.140823 0.533333 1.32989 20.124 3.22361 0 0 0 1
0.0901264 0.566667 -17.5769 -5.17239 -4.82111 0 0 0 1
0.0721011 0.5 -30.597 13.1396 -4.82111 0 0 0 1
0.0461447 0.566667 -38.7833 0.130411 -4.82111 0 0 0 1
0.0295326 0.5 -38.3731 4.79494 3.54311 0 0 0 1
0.0189009 0.566667 -21.0248 -4.63378 -1.36551 0 0 0 1
0.0120966 0.533333 8.09871 1.958 0.507591 0 0 0 1
0.0077418 0.566667 -15.3134 17.2474 3.40607 0 0 0 1
0.00495475 0.6 -32.6567 8.62369 3.40607 0 0 0 1
0.0039638 0.6 5.13904 11.0214 3.40607 0 0 0 1
0.401522 0.6 -22.4305 -19.4893 3.40607 0 0 0 1
0.321218 0.633333 -28.4761 -7.10576 -0.0751417 0 0 0 1
0.256974 0.566667 -14.238 -3.55288 -0.0751417 0 0 0 1
0.205579 0.6 -6.23124 -1.77644 -0.0751417 0 0 0 1
0.498678 0.6 -28.1156 -25.8882 0.539887 0 0 0 1
0.699207 0.533333 -37.6292 -12.9441 0.539887 0 0 0 1
0.699207 0.566667 -18.8146 -6.47205 0.539887 0 0 0 1
0.699207 0.533333 -9.40731 -3.23603 0.539887 0 0 0 1
0.819524 0.6 -24.2349 12.7953 0.539887 0 0 0 1
0.655619 0.533333 -7.90912 11.3976 0.539887 0 0 0 1
0.655619 0.566667 -3.95456 5.69881 0.539887 0 0 0 1
0.714697 0.633333 -5.53331 3.47441 -2.56809 0 0 0 1
0.714697 0.533333 -2.76666 1.7372 -2.56809 0 0 0 1
0.457406 0.633333 -17.714 3.0561 -2.56809 0 0 0 1
0.457406 0.6 -8.85699 1.52805 -2.56809 0 0 0 1
0.619555 0.666667 -25.5978 7.95153 -1.45447 0 0 0 1
0.697386 0.6 -37.7989 1.47576 -4.36358 0 0 0 1
0.446327 0.666667 -35.501 7.58312 -3.89086 0 0 0 1
0.285649 0.566667 -26.9172 1.29156 -2.51269 0 0 0 1
0.182816 0.666667 -16.7919 0.64578 -2.51269 0 0 0 1
0.509689 0.566667 -18.396 1.36456 -2.51269 0 0 0 1
0.326201 0.6 -17.6852 0.682279 0.589848 0 0 0 1
0.326201 0.533333 -8.8426 0.341139 0.589848 0 0 0 1
0.326201 0.633333 -4.4213 0.17057 0.589848 0 0 0 1
0.208769 0.633333 -18.9468 2.68945 -0.328121 0 0 0 1
0.133612 0.633333 -34.4734 1.34473 -0.328121 0 0 0 1
0.480167 0.633333 -42.2367 0.672363 -0.328121 0 0 0 1
0.480167 0.633333 -15.7017 7.21118 -0.328121 0 0 0 1
0.307307 0.633333 -32.8508 3.60559 -0.328121 0 0 0 1
0.245846 0.633333 -41.4254 1.8028 -0.328121 0 0 0 1
0.157341 0.633333 -40.3556 -19.7236 -0.328121 0 0 0 1
0.460419 0.633333 -45.1778 -34.8618 -0.328121 0 0 0 1
0.368335 0.566667 -47.5889 -28.037 4.7375 0 0 0 1
0.235735 0.6 -13.6881 -8.60373 1.19 0 0 0 1
0.15087 0.6 7.44168 -3.63222 1.352 0 0 0 1
0.457934 0.6 -21.2792 -26.8161 -4.1184 0 0 0 1
0.366347 0.566667 -35.6396 -12.1173 -2.69472 0 0 0 1
0.234462 0.633333 -13.9933 -7.19501 -2.69472 0 0 0 1
0.150056 0.6 -4.94776 -4.8569 -2.69472 0 0 0 1
0.0960357 0.566667 0.165009 -3.26179 -2.69472 0 0 0 1
0.446097 0.6 -2.87802 -3.48573 -2.69472 0 0 0 1
0.285502 0.566667 8.83877 -8.8262 -0.955775 0 0 0 1
0.182721 0.6 24.9194 -6.19881 3.63538 0 0 0 1
0.116942 0.566667 9.33469 -0.935945 -1.6917 0 0 0 1
0.456132 0.6 0.951129 1.31774 -2.15336 0 0 0 1
0.291925 0.6 1.31322 2.76161 -1.72269 0 0 0 1
0.186832 0.533333 -24.3434 17.2141 -1.77815 0 0 0 1
0.489679 0.6 -5.2967 19.6648 -1.77815 0 0 0 1
0.391743 0.533333 0.0860273 11.6181 -1.77815 0 0 0 1
0.635046 0.6 10.7573 13.7257 -1.77815 0 0 0 0
0.781028 0.5 19.7726 13.4955 -1.77815 0 0 0 0
0.868617 0.6 31.4141 11.6089 -1.77815 0 0 0 0
0.694893 0.533333 24.6814 16.141 -1.77815 0 0 0 0
0.555915 0.6 -11.826 7.08364 -1.77815 0 0 0 0
0.355785 0.533333 -28.9243 15.7185 -1.77815 0 0 0 0
0.570777 0.6 -29.7238 22.5914 -1.77815 0 0 0 0
0.804384 0.6 -39.8619 -13.7043 -1.77815 0 0 0 0
0.88263 0.533333 -7.43095 7.50797 -1.77815 0 0 0 0
0.706104 0.6 -28.7155 3.75399 -1.77815 0 0 0 0
0.564883 0.566667 -5.19107 13.5437 -1.77815 0 0 0 0
0.73893 0.633333 -19.5598 26.1915 -1.77815 0 0 0 0
0.754686 0.6 -34.7799 29.3656 -1.77815 0 0 0 0
0.482999 0.6 -6.5945 27.1828 -1.77815 0 0 0 0
0.30912 0.6 5.3984 32.4247 -1.77815 0 0 0 0
0.548377 0.6 -6.32858 33.8463 -1.77815 0 0 0 0
0.350962 0.566667 -13.2164 13.3517 -1.77815 0 0 0 0
0.568462 0.566667 -16.3167 0.187589 5.77748 0 0 0 0
0.672862 0.566667 -15.4287 -10.2578 1.22198 0 0 0 1
0.722974 0.533333 -13.4435 -10.5 1.37759 0 0 0 1
0.747027 0.6 -7.59386 -5.24999 1.37759 0 0 0 1
0.848216 0.6 -28.7969 -16.4643 1.37759 0 0 0 1
0.725715 0.666667 -39.3985 -33.2321 1.37759 0 0 0 1
0.748343 0.666667 -44.6992 -41.6161 1.37759 0 0 0 1
0.849006 0.666667 -47.3496 -10.0322 1.37759 0 0 0 1
0.543364 0.633333 -44.3381 -0.689163 2.90207 0 0 0 1
0.347753 0.733333 -1.93094 -0.344582 2.90207 0 0 0 1
0.566921 0.633333 -25.9655 -25.1723 2.72166 0 0 0 1
0.566921 0.633333 -12.9827 -12.5861 2.72166 0 0 0 1
0.566921 0.666667 -6.49137 -6.29307 2.72166 0 0 0 1
0.566921 0.6 -3.24568 -3.14654 2.72166 0 0 0 1
0.566921 0.6 -1.62284 -1.57327 2.72166 0 0 0 1
0.566921 0.7 -0.811421 -0.786634 2.72166 0 0 0 1
0.566921 0.7 -0.40571 -0.393317 2.72166 0 0 0 1
0.566921 0.7 -0.202855 -0.196659 2.72166 0 0 0 1
0.672122 0.8 -25.1014 -25.0983 0.977325 0 0 0 1
0.537698 0.7 -6.30071 -12.0862 0.977325 0 0 0 1
0.658095 0.8 -2.91888 -4.30699 3.18186 0 0 0 1
0.658095 0.8 -1.45944 -2.15349 3.18186 0 0 0 1
0.658095 0.8 -0.729719 -1.07675 3.18186 0 0 0 1
0.715886 0.8 11.1848 -1.31962 2.34549 0 0 0 1
0.458167 0.7 24.5027 0.840188 -0.72361 0 0 0 1
0.293227 0.7 24.7513 -1.45684 2.02111 0 0 0 1
0.187665 0.6 16.6614 -0.371278 2.01689 0 0 0 1
0.120106 0.6 14.9096 -1.02986 -1.18649 0 0 0 1
0.0768676 0.633333 8.43978 -1.20938 1.45081 0 0 0 1
0.436896 0.6 7.18042 -0.473109 1.36065 0 0 0 1
0.279614 0.566667 5.0608 -0.604202 0.688518 0 0 0 0
0.534215 0.6 -19.5284 14.4038 -2.24919 0 0 0 0
0.341897 0.566667 -17.3224 -0.886345 1.00065 0 0 0 0
0.218814 0.533333 -7.16118 -7.38762 0.800521 0 0 0 0
0.505031 0.566667 3.45066 -7.99068 1.24042 0 0 0 0
0.32322 0.533333 -0.838772 -3.40612 0.592334 0 0 0 0
0.555146 0.6 2.03159 -8.61095 -0.926133 0 0 0 0
0.355293 0.566667 14.7413 -13.4967 0.659094 0 0 0 0
0.227388 0.6 5.98175 -4.64395 0.727275 0 0 0 0
0.145528 0.566667 6.24088 -9.89773 0.18182 0 0 0 0
0.0931379 0.666667 6.24544 -10.6632 0.18182 0 0 0 0
0.444706 0.566667 13.279 -5.33158 0.18182 0 0 0 0
0.666824 0.6 -11.6038 -9.69704 0.18182 0 0 0 0
0.426767 0.6 1.40966 -14.1342 0.18182 0 0 0 0
0.273131 0.6 6.58718 -17.7289 0.18182 0 0 0 0
0.174804 0.533333 24.4245 -15.1144 0.18182 0 0 0 0
0.111874 0.6 19.9046 -18.9858 0.18182 0 0 0 0
0.0715997 0.6 -12.2977 6.31593 0.18182 0 0 0 0
0.0458238 0.533333 0.351145 -4.41779 0.18182 0 0 0 0
0.0293272 0.6 -19.5744 8.01838 0.18182 0 0 0 0
0.414077 0.533333 -33.3166 16.8768 0.18182 0 0 0 0
0.265009 0.6 -37.669 19.7665 0.18182 0 0 0 0
0.169606 0.566667 -38.2222 22.0045 0.18182 0 0 0 0
0.135685 0.533333 -41.0499 25.4554 0.18182 0 0 0 0
0.465129 0.566667 -42.0675 22.8839 0.18182 0 0 0 0
0.297682 0.566667 -0.639012 20.4263 0.18182 0 0 0 0
0.238146 0.633333 9.57633 10.2132 0.18182 0 0 0 0
0.152413 0.6 22.9719 7.5503 0.18182 0 0 0 1
0.121931 0.6 11.4859 3.77515 0.18182 0 0 0 1
0.121931 0.6 5.74297 1.88757 0.18182 0 0 0 1
0.473158 0.6 21.8861 -2.32754 0.18182 0 0 0 1
0.627116 0.533333 -8.77915 6.33623 0.18182 0 0 0 1
0.401354 0.566667 -24.7977 3.71159 0.18182 0 0 0 1
0.256867 0.6 8.11395 11.3255 0.18182 0 0 0 1
0.164395 0.566667 23.3427 19.6779 0.18182 0 0 0 1
0.478909 0.633333 30.1225 10.5697 0.18182 0 0 0 1
0.629877 0.566667 -9.93873 5.28484 0.18182 0 0 0 1
0.503901 0.633333 -29.9694 -0.666405 0.18182 0 0 0 1
0.641873 0.566667 -35.6479 17.6355 0.18182 0 0 0 1
0.708099 0.666667 -24.0383 10.2308 0.18182 0 0 0 1
0.824859 0.6 -16.662 6.38352 0.18182 0 0 0 1
0.659887 0.6 -18.9479 6.90798 0.18182 0 0 0 1
0.422328 0.566667 -27.6112 -1.32542 0.18182 0 0 0 1
0.602717 0.6 -17.6605 -0.965743 0.18182 0 0 0 1
0.385739 0.633333 -12.8643 -0.807546 0.18182 0 0 0 1
0.246873 0.7 -12.6822 1.59276 0.18182 0 0 0 1
0.157999 0.7 -27.5911 17.463 0.18182 0 0 0 1
0.101119 0.666667 -15.2836 11.4101 -1.45454 0 0 0 1
0.0647163 0.666667 -13.5012 5.70505 -1.45454 0 0 0 1
0.43883 0.666667 -5.5006 1.55044 0.636365 0 0 0 1
0.280851 0.7 5.4997 1.50574 0.109092 0 0 0 1
0.179745 0.633333 24.0913 15.5677 0.109092 0 0 0 1
0.486277 0.6 19.4976 1.35527 -0.112727 0 0 0 1
0.311218 0.6 28.3385 13.1776 -0.112727 0 0 0 1
0.549384 0.566667 32.7092 3.95724 -0.112727 0 0 0 1
0.351606 0.6 30.8154 19.258 -4.69018 0 0 0 1
0.568771 0.533333 35.6458 17.2183 -4.69018 0 0 0 1
0.455017 0.6 -2.48961 25.406 -4.69018 0 0 0 1
0.291211 0.533333 12.7258 17.5641 -4.69018 0 0 0 1
0.539781 0.6 -14.0453 20.8914 -4.69018 0 0 0 1
0.659095 0.533333 1.36151 31.5105 -4.69018 0 0 0 1
0.421821 0.6 -19.6317 23.5678 -4.69018 0 0 0 1
0.602474 0.6 -22.571 0.420247 -4.69018 0 0 0 1
0.689188 0.566667 -1.07207 19.4231 -4.69018 0 0 0 1
0.73081 0.6 -13.036 -3.99813 -4.69018 0 0 0 1
0.750789 0.666667 -22.4271 -15.3611 -4.69018 0 0 0 1
0.760379 0.633333 -25.3802 -22.6806 -4.69018 0 0 0 1
0.764982 0.666667 -27.3178 -23.059 -4.69018 0 0 0 1
0.767191 0.666667 -26.1589 -20.3032 -4.69018 0 0 0 1
0.491002 0.666667 -26.1229 7.19754 -4.69018 0 0 0 1
0.635681 0.566667 -26.117 21.4559 -4.69018 0 0 0 1
0.705127 0.633333 -26.6455 27.3096 -4.69018 0 0 0 1
0.670769 0.633333 -38.3227 -11.3452 -4.69018 0 0 0 1
0.802461 0.6 -33.8353 10.5774 -4.69018 0 0 0 1
0.785181 0.633333 -32.0218 21.2262 -4.69018 0 0 0 1
0.776887 0.666667 -29.0317 0.0662244 -4.69018 0 0 0 1
0.497208 0.566667 7.279 17.4209 1.04786 0 0 0 1
0.63866 0.666667 13.3895 9.0483 1.04786 0 0 0 1
0.408742 0.566667 16.4448 2.92159 1.23828 0 0 0 1
0.261595 0.6 -11.9307 -0.694379 1.23828 0 0 0 1
0.525566 0.6 -21.4882 -1.38886 0.990627 0 0 0 1
0.652272 0.6 -25.2049 -0.694428 0.792502 0 0 0 1
0.521817 0.6 -12.6024 -0.347214 0.792502 0 0 0 1
0.417454 0.6 0.198777 -1.09725 0.792502 0 0 0 1
0.26717 0.6 -14.2623 -9.82282 0.792502 0 0 0 1
0.528242 0.566667 7.49469 -16.275 -0.365999 0 0 0 1
0.653556 0.6 -10.836 11.4625 -0.365999 0 0 0 1
0.713707 0.566667 -19.2478 23.4396 -0.365999 0 0 0 1
0.456772 0.566667 -32.3177 -7.03021 -0.365999 0 0 0 1
0.365418 0.633333 -15.6004 -3.51511 -0.365999 0 0 0 1
0.292334 0.566667 -32.8002 -1.75755 -0.365999 0 0 0 1
0.233867 0.666667 -38.9001 2.9091 -0.365999 0 0 0 1
0.489805 0.6 -44.45 -23.5454 -1.8928 0 0 0 1
0.391844 0.666667 -1.15359 -8.37599 -1.8928 0 0 0 1
0.313475 0.633333 -23.1258 0.591419 -0.514239 0 0 0 1
0.200624 0.6 -35.0629 5.21995 -0.514239 0 0 0 1
0.200624 0.566667 -17.5315 2.60998 -0.514239 0 0 0 1
0.200624 0.633333 -8.76573 1.30499 -0.514239 0 0 0 1
0.200624 0.666667 -4.38286 0.652494 -0.514239 0 0 0 1
0.4963 0.7 -27.1914 0.326247 -0.514239 0 0 0 1
0.4963 0.633333 -13.5957 0.163123 -0.514239 0 0 0 1
0.4963 0.7 -6.79786 0.0815617 -0.514239 0 0 0 1
0.4963 0.7 -3.39893 0.0407809 -0.514239 0 0 0 1
0.4963 0.8 -1.69946 0.0203904 -0.514239 0 0 0 1
0.4963 0.8 -0.849732 0.0101952 -0.514239 0 0 0 1
0.4963 0.8 -0.424866 0.00509761 -0.514239 0 0 0 1
0.4963 0.8 -0.212433 0.0025488 -0.514239 0 0 0 1
0.4963 0.9 -0.106217 0.0012744 -0.514239 0 0 0 1
0.4963 0.9 -0.0531083 0.000637201 -0.514239 0 0 0 1
0.4963 0.9 -0.0265541 0.000318601 -0.514239 0 0 0 1
0.4963 0.9 -0.0132771 0.0001593 -0.514239 0 0 0 1
0.39704 0.9 -1.67331 7.96501e-005 -0.514239 0 0 0 1
0.39704 0.8 -0.836653 3.98251e-005 -0.514239 0 0 0 1
0.39704 0.8 -0.418326 1.99125e-005 -0.514239 0 0 0 1
0.39704 0.8 21.5408 2.65153 -0.514239 0 0 0 1
0.39704 0.7 10.7704 1.32576 -0.514239 0 0 0 1
0.254105 0.7 -19.6148 0.662881 1.98861 0 0 0 1
0.162627 0.6 -34.8074 -6.63971 1.19089 0 0 0 1
0.104082 0.6 -42.4037 -9.10689 0.75271 0 0 0 1
0.0666122 0.6 -46.2018 9.73227 0.802168 0 0 0 1
0.0426318 0.6 -48.1009 22.4587 0.441734 0 0 0 1
0.0272844 0.533333 -49.0505 29.9794 -0.646613 0 0 0 1
0.017462 0.633333 -4.30464 33.7397 0.88271 0 0 0 1
0.0111757 0.533333 -27.1523 15.5185 -7.09383 0 0 0 1
0.00715243 0.566667 -38.5762 4.94674 -6.27507 0 0 0 0
0.403433 0.566667 -16.5103 2.55783 -4.62005 0 0 0 0
0.258197 0.6 -11.4694 0.60324 -3.29604 0 0 0 0
0.523935 0.666667 -30.7347 -2.32996 -3.29604 0 0 0 0
0.335318 0.6 -21.2205 -1.5122 -2.83683 0 0 0 0
0.560953 0.633333 -26.6359 -0.756101 -2.83683 0 0 0 0
0.35901 0.666667 -15.1037 0.0125746 -2.83683 0 0 0 0
0.572325 0.6 -9.69469 -9.63657 -2.06947 0 0 0 0
0.366288 0.633333 -5.86086 -12.9065 -2.45557 0 0 0 0
0.575818 0.6 3.31957 -16.3797 0.235541 0 0 0 0
0.676393 0.6 -6.19736 -17.5649 0.788433 0 0 0 0
0.724669 0.6 -7.61257 -18.8519 0.430746 0 0 0 0
0.747841 0.633333 -12.4601 -18.6171 1.7446 0 0 0 0
0.478618 0.566667 -0.500898 -20.6367 1.99568 0 0 0 0
0.306316 0.666667 -8.0271 -11.0508 1.99568 0 0 0 0
0.196042 0.666667 19.3283 -13.2905 2.59654 0 0 0 0
0.125467 0.666667 -15.3359 -12.8953 2.59654 0 0 0 0
0.100373 0.666667 -7.66793 -6.44763 2.59654 0 0 0 0
0.100373 0.566667 5.96996 -3.22382 2.59654 0 0 0 0
0.0802988 0.6 -22.015 -1.61191 2.59654 0 0 0 0
0.064239 0.566667 -34.9871 1.92842 2.59654 0 0 0 0
0.430835 0.633333 -4.71577 -13.6191 2.59654 0 0 0 0
0.344668 0.566667 6.76853 -6.80956 2.59654 0 0 0 0
0.220587 0.6 21.3388 -2.72911 2.59654 0 0 0 0
0.17647 0.633333 0.620387 -4.98297 2.59654 0 0 0 0
0.112941 0.666667 -18.8862 1.78483 2.59654 0 0 0 0
0.0903526 0.666667 7.53801 -3.62147 2.59654 0 0 0 0
0.0722821 0.633333 -10.5176 -1.81074 2.59654 0 0 0 0
0.0578257 0.633333 -30.2588 -0.905369 2.59654 0 0 0 0
0.0462605 0.633333 -15.1294 -0.452684 2.59654 0 0 0 0
0.0462605 0.6 -7.5647 -0.226342 2.59654 0 0 0 0
0.0370084 0.6 -28.7823 -0.113171 2.59654 0 0 0 0
0.0370084 0.566667 -14.3912 -0.0565855 2.59654 0 0 0 0
0.0296067 0.566667 -32.1956 0.864564 3.27723 0 0 0 0
0.0296067 0.533333 -16.0978 0.432282 3.27723 0 0 0 0
0.0296067 0.6 -8.0489 0.216141 3.27723 0 0 0 0
0.0189483 0.633333 -29.0244 -24.8919 2.42179 0 0 0 0
0.0189483 0.6 -14.5122 -12.446 2.42179 0 0 0 0
0.0189483 0.633333 -7.25611 -6.22298 2.42179 0 0 0 0
0.0189483 0.7 -3.62806 -3.11149 2.42179 0 0 0 1
0.0189483 0.7 -1.81403 -1.55575 2.42179 0 0 0 1
0.0189483 0.8 -0.907014 -0.777873 2.42179 0 0 0 1
0.0189483 0.8 -0.453507 -0.388936 2.42179 0 0 0 1
0.0189483 0.8 -0.226754 -0.194468 2.42179 0 0 0 1
0.0189483 0.9 -0.113377 -0.0972341 2.42179 0 0 0 1
0.0189483 0.9 -0.0566884 -0.048617 2.42179 0 0 0 1
0.0189483 0.9 -0.0283442 -0.0243085 2.42179 0 0 0 1
0.0189483 0.9 -0.0141721 -0.0121543 2.42179 0 0 0 1
0.0189483 0.9 -0.00708605 -0.00607713 2.42179 0 0 0 1
0.0189483 0.9 -0.00354302 -0.00303857 2.42179 0 0 0 1
0.0189483 0.9 -0.00177151 -0.00151928 2.42179 0 0 0 1
0.0189483 0.9 -0.000885756 -0.000759641 2.42179 0 0 0 1
0.0189483 0.9 -0.000442878 -0.000379821 2.42179 0 0 0 1
0.0189483 0.9 -0.000221439 -0.00018991 2.42179 0 0 0 1
0.0189483 0.9 -0.000110719 -9.49552e-005 2.42179 0 0 0 1
0.0189483 0.9 -5.53597e-005 -4.74776e-005 2.42179 0 0 0 1
0.0189483 0.9 -2.76799e-005 -2.37388e-005 2.42179 0 0 0 1
0.0189483 0.9 -1.38399e-005 -1.18694e-005 2.42179 0 0 0 1
0.0189483 0.9 -6.91997e-006 -5.9347e-006 2.42179 0 0 0 1
0.0189483 0.9 -3.45998e-006 -2.96735e-006 2.42179 0 0 0 1
0.0189483 0.9 -1.72999e-006 -1.48367e-006 2.42179 0 0 0 1
0.0189483 0.9 -8.64996e-007 -7.41837e-007 2.42179 0 0 0 1
0.0151587 0.9 -4.32498e-007 -3.70919e-007 2.42179 0 0 0 1
0.409095 0.8 -25 -1.85459e-007 2.42179 0 0 0 1
0.645457 0.8 -37.5 -9.27297e-008 2.42179 0 0 0 1
0.872365 0.7 -43.75 -25 2.42179 0 0 0 1
0.697892 0.7 -46.875 -28.3333 2.42179 0 0 0 1
0.446651 0.633333 -48.4375 -29.5685 2.42179 0 0 0 1
0.571514 0.6 -49.2188 -39.7842 2.42179 0 0 0 1
0.674327 0.533333 -49.6094 -44.8921 2.42179 0 0 0 1
0.723677 0.6 -49.8047 -47.4461 2.42179 0 0 0 1
0.747365 0.533333 -49.9023 -48.723 1.33743 0 0 0 1
0.848419 0.6 -9.06576 -26.3704 1.33743 0 0 0 1
0.807241 0.566667 9.42061 -26.9783 1.33743 0 0 0 1
0.787476 0.6 -2.66149 -25.3481 1.33743 0 0 0 0
0.503984 0.6 -3.67449 -24.743 -0.330056 0 0 0 0
0.32255 0.566667 -15.8864 -23.269 -0.330056 0 0 0 0
0.554824 0.6 -11.217 -23.3532 0.335955 0 0 0 0
0.355087 0.533333 -13.4573 -24.1766 0.268764 0 0 0 0
0.227256 0.6 -10.3624 -12.3038 -4.98499 0 0 0 0
0.145444 0.6 9.74936 -17.4422 -4.98499 0 0 0 0
0.093084 0.666667 18.9372 -20.8179 -4.98499 0 0 0 0
0.0595738 0.666667 21.5113 11.5818 -0.987991 0 0 0 0
0.0381272 0.633333 -9.74436 10.7151 -0.987991 0 0 0 0
0.0305018 0.666667 -4.87218 5.35757 -0.987991 0 0 0 0
0.418301 0.566667 17.4106 -11.1535 -0.987991 0 0 0 0
0.600785 0.666667 -0.887708 -19.3268 -0.987991 0 0 0 0
0.688377 0.6 6.40138 -25.7924 -0.987991 0 0 0 0
0.730421 0.633333 10.0884 1.54345 -0.987991 0 0 0 0
0.467469 0.566667 9.98608 -14.7455 -0.987991 0 0 0 0
0.624385 0.666667 9.49886 5.79688 -0.987991 0 0 0 0
0.499508 0.6 6.86583 2.89844 -0.987991 0 0 0 0
0.399607 0.633333 8.49244 11.7171 -0.987991 0 0 0 0
0.319685 0.666667 -20.7538 5.85854 -0.987991 0 0 0 0
0.591811 0.733333 -35.3769 2.92927 -0.987991 0 0 0 0
0.473449 0.633333 -42.6884 1.46463 -0.987991 0 0 0 0
0.684069 0.666667 -11.5228 13.2323 -0.987991 0 0 0 0
0.547255 0.633333 -1.98233 15.2368 -0.987991 0 0 0 0
0.437804 0.6 -25.9912 7.61842 -0.987991 0 0 0 0
0.662683 0.7 -37.9956 3.80921 -0.987991 0 0 0 1
0.79761 0.7 -43.9978 1.90461 -0.987991 0 0 0 1
0.878566 0.666667 -46.9989 15.3042 -0.987991 0 0 0 1
0.821712 0.633333 -34.5114 20.7771 -0.987991 0 0 0 1
0.794422 0.7 -12.3078 23.5135 -0.987991 0 0 0 1
0.781322 0.666667 -16.0376 0.428645 -0.987991 0 0 0 1
0.775035 0.666667 -13.8328 -6.40332 -0.987991 0 0 0 1
0.496022 0.666667 13.5964 12.9041 4.20961 0 0 0 1
0.317454 0.6 -4.23352 5.06317 2.96769 0 0 0 1
0.203171 0.566667 -10.5543 -6.06217 -0.425851 0 0 0 1
0.130029 0.6 -14.4438 -14.3592 -0.425851 0 0 0 1
0.0832187 0.6 -30.3602 7.33652 -0.940681 0 0 0 1
0.439945 0.6 -36.6087 16.1683 -0.940681 0 0 0 1
0.281565 0.666667 -6.77308 -1.76435 -0.940681 0 0 0 1
0.180201 0.6 17.3132 -13.0034 -0.940681 0 0 0 0
0.115329 0.666667 -14.5577 11.4671 -0.940681 0 0 0 0
0.0738105 0.633333 -17.0349 -5.5946 -0.940681 0 0 0 0
0.435429 0.666667 8.81446 -10.0554 -0.940681 0 0 0 0
0.278675 0.6 -18.8428 7.10467 -0.940681 0 0 0 0
0.178352 0.633333 -19.9327 -9.70524 -0.940681 0 0 0 0
0.114145 0.7 -29.2372 -0.94637 -0.940681 0 0 0 0
0.0913161 0.633333 -20.7327 -0.473185 -0.940681 0 0 0 0
0.666299 0.666667 -35.3664 -25.2366 -0.940681 0 0 0 0
0.799779 0.7 -26.9855 -23.2244 -0.940681 0 0 0 0
0.783894 0.666667 -27.822 -22.9758 -0.940681 0 0 0 0
0.776269 0.666667 -8.18184 -23.9879 -4.95255 0 0 0 0
0.772609 0.633333 3.01135 -20.5877 -4.95255 0 0 0 0
0.770852 0.633333 -14.4827 -23.5751 -4.95255 0 0 0 0
0.770009 0.566667 -32.2413 6.73097 -4.95255 0 0 0 1
0.492806 0.6 -30.959 21.3342 -4.95255 0 0 0 1
0.636547 0.566667 -4.05921 -3.00476 -4.95255 0 0 0 1
0.40739 0.566667 12.8353 -9.97012 1.23796 0 0 0 1
0.595547 0.566667 -4.29666 -19.4382 1.23796 0 0 0 1
0.685863 0.566667 -11.2108 -20.4334 1.23796 0 0 0 1
0.837528 0.6 -30.6054 -35.2167 1.23796 0 0 0 1
0.902517 0.633333 -4.40154 -2.65299 1.23796 0 0 0 1
0.899925 0.666667 -27.2008 -26.3265 1.23796 0 0 0 1
0.939955 0.7 -6.71263 -24.1007 1.23796 0 0 0 1
0.851178 0.666667 -16.147 -26.1129 1.23796 0 0 0 1
0.544754 0.666667 -23.5053 -19.1515 3.19037 0 0 0 1
0.661482 0.7 -26.5782 -20.9039 3.19037 0 0 0 1
0.423348 0.666667 -20.7216 -21.9384 3.1523 0 0 0 1
0.270943 0.7 4.52018 -20.0601 3.1523 0 0 0 1
0.173404 0.633333 -6.83082 -21.3582 1.92184 0 0 0 1
0.110978 0.6 -1.33208 -20.4013 1.92184 0 0 0 1
0.45327 0.566667 6.08396 -17.9709 2.13747 0 0 0 1
0.617569 0.6 8.90933 -16.3573 2.13747 0 0 0 1
0.395244 0.533333 9.0465 -12.7241 1.90998 0 0 0 1
0.252956 0.6 -1.72675 -13.559 -1.27202 0 0 0 0
0.161892 0.533333 10.3611 -13.5977 -1.41762 0 0 0 0
0.103611 0.6 23.9306 -12.4807 -1.53409 0 0 0 0
0.066311 0.5 25.2618 -13.8161 -1.53409 0 0 0 0
0.0424391 0.6 31.6334 -11.4535 -1.53409 0 0 0 0
0.027161 0.5 26.2759 -16.3328 -1.53409 0 0 0 0
0.0217288 0.6 17.7575 -8.16641 -1.53409 0 0 0 0
0.0139064 0.566667 30.3073 -13.5529 -1.53409 0 0 0 0
0.406675 0.6 24.5924 -18.5189 -1.53409 0 0 0 0
0.595204 0.566667 24.8756 -17.7153 -1.53409 0 0 0 0
0.685698 0.633333 26.1006 -18.4165 -1.53409 0 0 0 0
0.837481 0.6 -11.9497 -34.2082 -1.53409 0 0 0 0
0.902489 0.633333 -28.769 -10.8541 -1.53409 0 0 0 0
0.833195 0.666667 -37.2568 5.05681 -1.53409 0 0 0 0
0.799933 0.666667 -8.87841 -7.32008 -1.53409 0 0 0 0
0.511957 0.666667 -18.8009 -14.1439 -1.53409 0 0 0 0
0.645739 0.733333 -24.4271 8.78453 -1.53409 0 0 0 0
0.709955 0.733333 -21.276 -6.54524 -1.53409 0 0 0 0
0.740778 0.8 -35.638 -3.27262 -1.53409 0 0 0 0
0.592623 0.8 -6.28054 17.1137 -3.22727 0 0 0 0
0.684459 0.766667 -25.5361 14.8068 -4.98182 0 0 0 1
0.72854 0.7 -2.64901 -4.65015 -4.98182 0 0 0 1
0.749699 0.733333 10.5657 11.286 -4.98182 0 0 0 1
0.687885 0.7 -19.7171 -19.357 -4.98182 0 0 0 1
0.550308 0.666667 -28.8637 -17.6863 2.81454 0 0 0 1
0.664148 0.633333 -3.80683 2.3837 2.81454 0 0 0 1
0.718791 0.633333 -20.2858 7.44185 2.81454 0 0 0 1
0.460026 0.6 -26.7245 -1.3572 2.81454 0 0 0 1
0.620813 0.633333 -32.5112 10.9801 2.81454 0 0 0 1
0.39732 0.633333 -4.11274 19.6205 2.81454 0 0 0 1
0.254285 0.633333 12.0479 13.9212 -0.548364 0 0 0 1
0.162742 0.566667 -1.47605 1.55519 -0.548364 0 0 0 1
0.130194 0.6 9.0659 0.777595 -0.548364 0 0 0 1
0.462493 0.6 -20.4671 0.388798 -0.548364 0 0 0 1
0.462493 0.566667 -35.2335 0.194399 -0.548364 0 0 0 1
0.369994 0.566667 -17.6168 0.0971994 -0.548364 0 0 0 1
0.369994 0.533333 -8.80838 0.0485997 -0.548364 0 0 0 1
0.369994 0.566667 -4.40419 0.0242999 -0.548364 0 0 0 1
0.369994 0.6 -2.2021 0.0121499 -0.548364 0 0 0 1
0.369994 0.666667 -1.10105 0.00607496 -0.548364 0 0 0 1
0.369994 0.7 -0.550524 0.00303748 -0.548364 0 0 0 1
0.369994 0.7 -0.275262 0.00151874 -0.548364 0 0 0 1
0.369994 0.8 -0.137631 0.000759371 -0.548364 0 0 0 1
0.369994 0.8 -0.0688155 0.000379685 -0.548364 0 0 0 1
0.369994 0.9 -0.0344077 0.000189843 -0.548364 0 0 0 1
0.369994 0.8 -0.0172039 9.49213e-005 -0.548364 0 0 0 1
0.369994 0.8 -0.00860193 4.74607e-005 -0.548364 0 0 0 1
0.369994 0.8 -0.00430097 2.37303e-005 -0.548364 0 0 0 1
0.621997 0.7 -25.0022 1.18652e-005 -0.548364 0 0 0 1
0.621997 0.7 -12.5011 5.93258e-006 -0.548364 0 0 0 1
0.698558 0.7 -31.2505 -25 0.561309 0 0 0 1
0.558847 0.6 0.40734 5.69853 0.561309 0 0 0 1
0.357662 0.7 1.00367 -0.870972 0.561309 0 0 0 1
0.571678 0.6 -24.4982 -2.66763 3.24905 0 0 0 1
0.365874 0.6 -1.34483 -3.34994 2.59924 0 0 0 1
0.234159 0.533333 -25.6724 -12.5724 2.59924 0 0 0 1
0.149862 0.6 -27.9234 -2.01201 -0.12061 0 0 0 1
0.0959116 0.533333 -29.7355 5.15759 -5.49649 0 0 0 1
0.0613834 0.533333 -18.4392 4.20758 -4.39719 0 0 0 1
0.0392854 0.566667 -3.26721 -4.14621 -2.91775 0 0 0 1
0.0251427 0.6 -6.00861 -1.51755 -2.3342 0 0 0 1
0.0160913 0.566667 -5.72169 0.954935 -1.46736 0 0 0 1
0.0102984 0.6 -6.11606 2.62591 -1.37389 0 0 0 1
0.00659099 0.633333 -6.20618 2.42406 -1.09911 0 0 0 0
0.00421824 0.666667 1.06358 0.606412 4.12071 0 0 0 0
0.00269967 0.633333 5.21929 0.237069 -1.90343 0 0 0 0
0.00172779 0.666667 -1.74642 -1.31825 -1.72275 0 0 0 0
0.400829 0.633333 -2.86596 -0.0317114 3.6218 0 0 0 0
0.256531 0.6 -4.36859 -0.55349 1.29744 0 0 0 0
0.16418 0.633333 8.61116 18.6888 1.29744 0 0 0 0
0.478806 0.6 15.9127 28.0944 1.29744 0 0 0 0
0.306436 0.6 -4.20515 32.7972 1.29744 0 0 0 0
0.196119 0.5 -14.475 35.1486 1.29744 0 0 0 0
0.494137 0.6 -30.5708 30.9672 1.29744 0 0 0 0
0.637186 0.6 -4.30981 31.555 1.29744 0 0 0 0
0.705849 0.6 -24.2903 29.1396 1.29744 0 0 0 0
0.451743 0.6 -35.1043 29.7484 -0.162045 0 0 0 0
0.616837 0.666667 -42.5522 28.8127 -0.162045 0 0 0 0
0.696082 0.633333 -46.2761 14.4063 -0.162045 0 0 0 0
0.556865 0.6 -14.888 21.0425 0.270364 0 0 0 0
0.356394 0.6 -32.444 10.5212 0.270364 0 0 0 0
0.285115 0.6 -18.5476 5.26061 0.270364 0 0 0 0
0.228092 0.6 1.28176 13.8803 0.270364 0 0 0 0
0.182474 0.633333 0.350182 6.94015 0.270364 0 0 0 0
0.145979 0.6 8.60532 16.4011 0.270364 0 0 0 0
0.116783 0.566667 10.8368 17.6833 0.270364 0 0 0 1
0.0934265 0.666667 15.3616 20.4796 0.270364 0 0 0 1
0.0747412 0.6 9.88666 26.4163 0.270364 0 0 0 1
0.059793 0.6 13.3736 24.415 0.270364 0 0 0 1
0.0478344 0.666667 10.8534 27.6487 0.270364 0 0 0 1
0.0382675 0.633333 14.0806 20.8756 0.270364 0 0 0 1
0.42296 0.6 13.2903 23.8307 0.270364 0 0 0 1
0.338368 0.566667 23.2076 27.7807 0.270364 0 0 0 1
0.603021 0.6 -13.3962 28.2422 0.270364 0 0 0 1
0.385933 0.533333 -31.6981 26.264 2.21629 0 0 0 1
0.548198 0.6 -40.849 -11.868 2.21629 0 0 0 1
0.438559 0.566667 -45.4245 9.69099 2.21629 0 0 0 1
0.280678 0.566667 -47.7123 2.54639 1.37303 0 0 0 1
0.179634 0.566667 -29.5379 0.231528 1.37303 0 0 0 1
0.114966 0.6 -16.4356 -0.0418 2.09843 0 0 0 1
0.073578 0.533333 -11.0239 -0.291171 3.87874 0 0 0 1
0.435317 0.533333 -8.06879 -1.09425 -1.49701 0 0 0 1
0.567162 0.533333 -29.0344 -25.5471 -1.49701 0 0 0 1
0.672238 0.566667 -39.5172 -37.7736 -4.79761 0 0 0 1
0.722674 0.566667 -44.7586 -43.8868 4.16192 0 0 0 1
0.578139 0.566667 -13.7058 -22.1755 -0.270467 0 0 0 1
0.370009 0.633333 -18.7611 -22.0608 -0.270467 0 0 0 1
0.236806 0.633333 -7.2972 -22.7491 -0.270467 0 0 0 1
0.513667 0.633333 -10.491 -23.1288 -0.270467 0 0 0 1
0.328747 0.7 -28.7455 0.5568 -0.270467 0 0 0 1
0.210398 0.633333 -39.3727 0.2784 -0.270467 0 0 0 1
0.526239 0.7 -10.6747 16.5185 -0.270467 0 0 0 1
0.715743 0.7 3.29358 24.7771 -0.270467 0 0 0 1
0.829446 0.666667 10.1695 27.1156 -0.270467 0 0 0 1
0.897668 0.633333 1.01499 13.5578 -0.270467 0 0 0 1
0.938601 0.666667 -24.4925 -7.50682 -0.270467 0 0 0 1
0.850528 0.566667 -37.2463 -17.9775 -0.270467 0 0 0 1
0.544338 0.633333 -6.12313 4.85051 -0.270467 0 0 0 1
0.43547 0.566667 -7.22823 2.42526 -0.270467 0 0 0 1
0.661282 0.633333 4.4216 14.1591 -0.270467 0 0 0 1
0.529026 0.533333 14.1294 20.0106 -0.270467 0 0 0 1
0.338577 0.6 19.5647 20.3314 -0.270467 0 0 0 1
0.270861 0.5 23.7109 24.2961 -0.270467 0 0 0 1
0.216689 0.6 25.918 27.5327 -0.270467 0 0 0 1
0.504011 0.533333 23.02 26.7293 -0.270467 0 0 0 1
0.322567 0.6 27.0588 29.4361 -0.270467 0 0 0 1
0.206443 0.6 8.21688 16.7342 2.98363 0 0 0 1
0.132123 0.7 2.46115 7.67264 2.7869 0 0 0 1
0.084559 0.666667 20.7819 20.503 2.22952 0 0 0 1
0.0541177 0.666667 -12.0049 6.68006 1.78362 0 0 0 1
0.0346354 0.7 13.2283 21.2888 1.42689 0 0 0 1
0.0221666 0.633333 -7.80892 7.41857 1.14151 0 0 0 1
0.0141866 0.633333 5.96396 2.41618 0.913212 0 0 0 1
0.40681 0.666667 20.5495 18.5054 0.730569 0 0 0 1
0.260358 0.666667 15.3529 4.31848 0.784455 0 0 0 1
0.166629 0.6 -10.7687 22.1592 -2.17244 0 0 0 1
0.106643 0.633333 -30.3843 27.9515 -2.17244 0 0 0 1
0.0682513 0.566667 -32.7193 32.9413 -4.13795 0 0 0 1
0.432761 0.633333 -40.318 34.83 -4.13795 0 0 0 1
0.56618 0.566667 -45.159 -7.58499 -4.13795 0 0 0 1
0.671766 0.6 -47.5795 -28.7925 -4.13795 0 0 0 1
0.537413 0.6 -44.097 0.335895 -4.13795 0 0 0 1
0.343944 0.533333 -16.3937 16.2394 -4.13795 0 0 0 1
0.606367 0.6 -10.2802 8.11969 -4.13795 0 0 0 1
0.485093 0.6 -7.75638 4.05984 -4.13795 0 0 0 1
0.388075 0.666667 -27.0165 15.3364 -4.13795 0 0 0 1
0.248368 0.6 -18.1594 7.66819 -4.13795 0 0 0 1
0.198694 0.666667 -15.525 15.4412 -4.13795 0 0 0 1
0.127164 0.666667 -25.9806 13.1642 -4.13795 0 0 0 1
0.461039 0.633333 -4.85076 15.5107 -4.13795 0 0 0 1
0.368831 0.666667 7.45834 25.0172 -4.13795 0 0 0 1
0.577039 0.666667 13.8482 20.0979 -4.13795 0 0 0 1
0.461631 0.6 -18.0759 16.9455 -4.13795 0 0 0 1
0.621583 0.633333 -0.317015 15.3693 -4.13795 0 0 0 1
0.497266 0.566667 4.43333 20.9659 -4.13795 0 0 0 1
0.69836 0.633333 16.6903 24.483 -4.13795 0 0 0 1
0.558688 0.566667 17.3568 22.5093 -4.13795 0 0 0 1
0.44695 0.6 -16.3216 19.7368 -4.13795 0 0 0 1
0.286048 0.533333 -28.2858 19.5906 -4.13795 0 0 0 1
0.537303 0.566667 -7.29766 16.4917 -4.13795 0 0 0 1
0.429842 0.566667 17.9975 8.24587 -4.13795 0 0 0 1
0.343874 0.566667 -16.0012 9.12294 -2.31036 0 0 0 1
0.532048 0.566667 -33.0006 -20.4385 -2.31036 0 0 0 1
0.532048 0.566667 -16.5003 -10.2193 -2.31036 0 0 0 1
0.532048 0.633333 -8.25016 -5.10963 -2.31036 0 0 0 1
0.532048 0.666667 -4.12508 -2.55482 -2.31036 0 0 0 1
0.532048 0.7 1.12374 -1.27741 -2.31036 0 0 0 1
0.532048 0.666667 0.561868 -0.638704 -2.31036 0 0 0 1
0.532048 0.7 0.280934 -0.319352 -2.31036 0 0 0 1
0.532048 0.7 0.140467 -0.159676 -2.31036 0 0 0 1
0.532048 0.8 0.0702335 -0.079838 -2.31036 0 0 0 1
0.532048 0.8 0.0351167 -0.039919 -2.31036 0 0 0 1
0.532048 0.8 0.0175584 -0.0199595 -2.31036 0 0 0 1
0.532048 0.8 0.00877918 -0.00997975 -2.31036 0 0 0 1
0.532048 0.9 0.00438959 -0.00498988 -2.31036 0 0 0 1
0.655383 0.9 -16.2629 10.3222 -2.31036 0 0 0 1
0.655383 0.8 -8.13143 5.16109 -2.31036 0 0 0 1
0.524306 0.8 -29.0657 13.9087 -2.31036 0 0 0 1
0.524306 0.7 -14.5329 6.95434 -2.31036 0 0 0 1
0.651667 0.7 -32.2664 13.5578 -2.31036 0 0 0 1
0.7128 0.6 -0.657024 6.77891 -2.31036 0 0 0 1
0.82768 0.6 18.5717 1.97719 -2.31036 0 0 0 1
0.529715 0.5 25.0753 4.89485 -2.31036 0 0 0 1
0.654263 0.6 -7.87049 18.0724 -2.31036 0 0 0 1
0.714046 0.566667 -24.1939 6.06002 -3.64829 0 0 0 1
0.45699 0.633333 -32.5051 4.98314 -3.64829 0 0 0 1
0.292473 0.566667 -36.9422 4.69745 -3.64829 0 0 0 1
0.292473 0.6 -18.4711 2.34873 -3.64829 0 0 0 1
0.187183 0.666667 -29.264 21.6485 -3.64829 0 0 0 1
0.119797 0.633333 -36.1598 33.2201 -3.64829 0 0 0 1
0.0766702 0.633333 -43.0799 32.5191 -1.91863 0 0 0 1
0.436802 0.666667 -46.5399 11.3027 -1.91863 0 0 0 1
0.279553 0.633333 -48.27 -9.86591 -1.91863 0 0 0 1
0.507348 0.666667 -49.135 -29.933 -1.91863 0 0 0 1
0.405879 0.633333 -31.9044 -23.9509 -1.91863 0 0 0 1
0.259762 0.633333 -22.6595 -19.7879 -4.7349 0 0 0 1
0.166248 0.566667 -16.853 -20.8315 -3.78792 0 0 0 1
0.106399 0.633333 9.32349 -7.00664 -3.03034 0 0 0 1
0.0680951 0.6 -16.0883 10.6201 -2.02427 0 0 0 1
0.0435809 0.6 -29.3872 21.3383 -2.02427 0 0 0 0
0.0278918 0.6 -39.6936 10.6691 -2.02427 0 0 0 0
0.0223134 0.6 3.85111 3.38144 -2.02427 0 0 0 0
0.0142806 0.6 -23.0744 -2.36333 5.38058 0 0 0 0
0.00913958 0.6 -35.7719 8.19333 4.70447 0 0 0 0
0.00731166 0.6 -42.3758 6.04979 4.70447 0 0 0 0
0.40351 0.566667 -46.1879 3.0249 4.70447 0 0 0 0
0.322808 0.6 -39.6756 -0.514579 4.70447 0 0 0 0
0.206597 0.533333 -37.387 19.0096 1.56357 0 0 0 0
0.479333 0.533333 -43.6935 -15.4952 -0.349141 0 0 0 0
0.479333 0.533333 -21.8468 -7.74759 -0.349141 0 0 0 0
0.479333 0.566667 -10.9234 -3.8738 -0.349141 0 0 0 0
0.479333 0.633333 -5.46169 -1.9369 -0.349141 0 0 0 1
0.479333 0.633333 -2.73085 -0.968449 -0.349141 0 0 0 1
0.479333 0.7 -1.36542 -0.484225 -0.349141 0 0 0 1
0.479333 0.733333 -0.682711 -0.242112 -0.349141 0 0 0 1
0.479333 0.8 -0.341356 -0.121056 -0.349141 0 0 0 1
0.479333 0.833333 -0.170678 -0.0605281 -0.349141 0 0 0 1
0.479333 0.9 -0.0853389 -0.030264 -0.349141 0 0 0 1
0.479333 0.9 -0.0426695 -0.015132 -0.349141 0 0 0 1
0.479333 0.9 -0.0213347 -0.00756601 -0.349141 0 0 0 1
0.479333 0.9 -0.0106674 -0.003783 -0.349141 0 0 0 1
0.479333 0.9 -25.0053 -0.0018915 -0.349141 0 0 0 1
0.479333 0.8 -12.5027 -0.000945751 -0.349141 0 0 0 1
0.63008 0.8 -31.2513 -0.000472876 -0.349141 0 0 0 1
0.63008 0.7 -15.6257 -0.000236438 -0.349141 0 0 0 1
0.63008 0.7 -7.81283 -0.000118219 -0.349141 0 0 0 1
0.63008 0.7 -3.90642 -5.91094e-005 -0.349141 0 0 0 1
0.63008 0.7 -1.95321 -2.95547e-005 -0.349141 0 0 0 1
0.63008 0.6 -0.976604 -1.47774e-005 -0.349141 0 0 0 1
0.778048 0.7 -25.4883 -7.38868e-006 -0.349141 0 0 0 1
0.866829 0.6 -37.7442 -3.69434e-006 -0.349141 0 0 0 1
0.920097 0.7 -43.8721 -2.73438 -3.47931 0 0 0 1
0.588862 0.6 -46.936 -19.8196 -3.47931 0 0 0 1
0.626123 0.6 -48.468 -34.9098 -3.47931 0 0 0 1
0.500898 0.566667 -49.234 -0.519408 1.21655 0 0 0 1
0.592345 0.6 -49.617 -25.2597 2.97324 0 0 0 1
0.473876 0.566667 -37.8767 -6.74444 2.97324 0 0 0 1
0.581968 0.533333 -43.9383 -28.3722 2.37859 0 0 0 1
0.679345 0.566667 -46.9692 -39.1861 2.90287 0 0 0 1
0.543476 0.566667 -28.5522 -18.2417 1.5223 0 0 0 1
0.347825 0.633333 -19.3781 -8.36328 2.01784 0 0 0 1
0.222608 0.533333 -18.1997 -2.84235 1.21427 0 0 0 1
0.142469 0.633333 -30.2537 4.98908 0.171417 0 0 0 1
0.0911801 0.633333 -36.481 9.52579 0.937134 0 0 0 1
0.0583553 0.6 -39.2511 10.4081 0.749707 0 0 0 1
0.0373474 0.633333 -36.671 15.1657 -0.400235 0 0 0 1
0.0239023 0.666667 -38.6787 13.4652 -0.400235 0 0 0 1
0.0152975 0.633333 -35.5555 15.2093 -0.400235 0 0 0 1
0.00979039 0.633333 -6.46825 12.0689 -0.400235 0 0 0 1
0.00783231 0.633333 -17.4783 6.03446 -0.400235 0 0 0 0
0.00626585 0.633333 -14.2624 3.01723 -0.400235 0 0 0 0
0.00501268 0.666667 1.39152 7.97413 -0.400235 0 0 0 0
0.00401014 0.666667 14.5846 14.0565 -0.400235 0 0 0 0
0.00401014 0.6 7.29232 7.02825 -0.400235 0 0 0 0
0.00401014 0.633333 3.64616 3.51413 -0.400235 0 0 0 0
0.402406 0.533333 -23.1769 1.75706 -0.400235 0 0 0 0
0.402406 0.633333 -11.5885 0.878532 -0.400235 0 0 0 0
0.402406 0.533333 -5.79423 0.439266 -0.400235 0 0 0 0
0.402406 0.6 -27.8971 0.219633 -0.400235 0 0 0 1
0.321925 0.5 -38.9486 0.109816 -0.400235 0 0 0 1
0.25754 0.6 -44.4743 0.0549082 -0.400235 0 0 0 1
0.206032 0.5 -47.2371 0.0274541 -0.400235 0 0 0 1
0.498895 0.6 -48.6186 0.0137271 -0.400235 0 0 0 1
0.699337 0.5 -49.3093 0.00686353 -0.400235 0 0 0 1
0.699337 0.6 -24.6546 0.00343176 -0.400235 0 0 0 1
0.819602 0.566667 -37.3273 0.00171588 -0.400235 0 0 0 1
0.891761 0.6 -43.6637 0.000857941 -0.400235 0 0 0 1
0.935057 0.566667 -46.8318 0.000428971 -0.400235 0 0 0 1
0.935057 0.6 -23.4159 0.000214485 -0.400235 0 0 0 1
0.935057 0.566667 -11.708 0.000107243 -0.400235 0 0 0 1
0.961034 0.666667 -30.854 5.36213e-005 -0.400235 0 0 0 1
0.961034 0.566667 -31.2603 2.68107e-005 -0.400235 0 0 0 1
0.961034 0.6 -15.6302 1.34053e-005 -0.400235 0 0 0 1
0.768827 0.666667 -7.81508 6.70267e-006 -0.400235 0 0 0 1
0.768827 0.6 -3.90754 3.35133e-006 -0.400235 0 0 0 1
0.768827 0.6 -1.95377 1.67567e-006 -0.400235 0 0 0 1
0.768827 0.7 -0.976885 8.37833e-007 -0.400235 0 0 0 1
0.769037 0.7 -25.4884 -25 -2.12019 0 0 0 1
0.769037 0.733333 -12.7442 -12.5 -2.12019 0 0 0 1
0.769037 0.733333 -6.37211 -6.25 -2.12019 0 0 0 1
0.769037 0.633333 -3.18606 -3.125 -2.12019 0 0 0 1
0.769037 0.733333 -1.59303 -1.5625 -2.12019 0 0 0 1
0.769037 0.633333 -0.796514 -0.78125 -2.12019 0 0 0 1
0.861422 0.633333 -25.3983 -0.390625 -2.12019 0 0 0 1
0.916853 0.533333 -37.6991 -0.195312 -2.12019 0 0 0 1
0.950112 0.6 -43.8496 -0.0976562 -2.12019 0 0 0 1
0.970067 0.566667 -33.9937 -0.0488281 -2.12019 0 0 0 1
0.970067 0.6 -16.9969 -0.0244141 -2.12019 0 0 0 1
0.970067 0.6 -8.49844 -0.012207 -2.12019 0 0 0 1
0.970067 0.6 -4.24922 -0.00610352 -2.12019 0 0 0 1
0.776054 0.6 -27.1246 -0.00305176 -2.12019 0 0 0 1
0.776054 0.5 -13.5623 -0.00152588 -2.12019 0 0 0 1
0.776054 0.6 -6.78115 -0.000762939 -2.12019 0 0 0 1
0.776054 0.5 -3.39058 -0.00038147 -2.12019 0 0 0 1
0.776054 0.6 -1.69529 -0.000190735 -2.12019 0 0 0 1
0.865632 0.6 -25.8476 -9.53674e-005 -2.12019 0 0 0 1
0.865632 0.6 -12.9238 -4.76837e-005 -2.12019 0 0 0 1
0.865632 0.6 -6.46191 -2.38419e-005 -2.12019 0 0 0 1
0.865632 0.7 -3.23096 -1.19209e-005 -2.12019 0 0 0 1
0.865632 0.7 -1.61548 -5.96046e-006 -2.12019 0 0 0 1
0.865632 0.7 -0.807739 -2.98023e-006 -2.12019 0 0 0 1
0.692506 0.7 -0.694567 -1.49012e-006 -2.12019 0 0 0 1
0.554005 0.6 -0.778318 0.657894 -2.12019 0 0 0 1
0.443204 0.7 -7.53202 0.328947 -2.12019 0 0 0 1
0.443204 0.6 -3.76601 0.164473 -2.12019 0 0 0 1
0.354563 0.6 -21.2936 2.05592 -5.49615 0 0 0 1
0.28365 0.5 -10.6468 1.02796 -5.49615 0 0 0 1
