760 8 2
0 0 4.72222 -3.33333 -1.07374e+008 -9 2 -27 0 0
0.64 0 -22.6389 -26.6667 12 -9 2 -27 0 0
0.7072 0 -36.3194 -38.3333 -4.2 -3 1 -8 0 0
0.56576 0 -13.9931 -22.4911 -1.08 -3 1 -8 0 0
0.362086 0 -3.94097 -14.5095 0.168 -3 1 -8 0 0
0.231735 0 1.77951 -10.1193 2.4672 -9 3 -27 0 0
0.148311 0 2.52019 -7.40966 4.58688 -9 3 -27 0 0
0.0949188 0 5.24946 -7.16227 -4.16525 -3 1 -8 0 0
0.060748 0 6.21964 -4.88322 6.7339 -3 1 -8 0 0
0.0388787 0 6.83322 -5.36714 6.89356 -3 1 -8 0 0
0.0248824 0.6 5.15678 -5.50435 -6.24258 -3 1 -8 0 0
0.0159247 0.6 4.11348 -4.50656 -6.69703 0 0 0 0 0
0.0101918 0.6 1.0699 -1.35238 4.52119 0 0 0 0 0
0.00652277 0.6 -24.4651 -25.6762 -1.79152 0 0 0 0 0
0.402505 0.6 -37.2325 -37.8381 6.48339 -3 1 -9 0 0
0.641503 0.566667 -22.3047 -20.3993 1.99336 -3 1 -12 0 0
0.410562 0.533333 -7.53392 -13.2918 -4.00266 -3 1 -9 0 0
0.59707 0.6 -2.75344 -8.33507 -1.60106 -3 1 -9 0 0
0.382125 0.566667 2.78994 -4.05492 1.15957 -3 1 -8 0 0
0.24456 0.633333 3.03971 -3.6722 -0.73617 -2 1 -2 0 0
0.156518 0.6 2.83564 -3.52529 -0.894468 -9 2 -14 0 0
0.100172 0.633333 5.13404 -2.43832 -0.357787 -10 2 -14 0 0
0.0641099 0.6 6.08009 -0.520147 -0.143115 -13 2 -14 0 0
0.430773 0.633333 0.15543 -0.85129 -4.25725 -11 3 -19 0 0
0.275695 0.633333 2.44258 -2.03976 0.0971016 -5 2 -2 0 0
0.176445 0.666667 4.26183 -2.37123 -1.76116 -7 2 -2 0 0
0.112924 0.7 0.441726 -3.12818 -3.10446 -8 3 -16 0 0
0.0722717 0.666667 -3.49535 -3.45554 4.75821 -9 3 -16 0 0
0.0462539 0.766667 -0.70601 -3.24178 0.703286 -13 3 -20 0 0
0.0296025 0.733333 3.46644 -2.56074 2.08131 -11 4 -22 0 0
0.0189456 0.7 -1.47191 -2.55352 -5.16747 -8 3 -15 0 0
0.0121252 0.733333 1.56668 -2.54365 -4.46699 -8 3 -15 0 0
0.643492 0.7 -24.2167 -26.2718 -1.7868 -10 4 -22 0 0
0.871657 0.633333 -37.1083 -38.1359 28.0853 -9 4 -22 0 0
0.697326 0.6 -43.5542 -44.068 -9.16589 -12 5 -28 0 0
0.446288 0.6 -46.7771 -27.5102 -7.26636 -10 3 -20 0 0
0.285625 0.6 -48.3885 -12.9853 -6.50654 -3 2 -9 0 0
0.1828 0.566667 -0.724883 6.81905 51.3974 -3 1 -8 0 0
0.116992 0.6 -25.3624 5.15747 -23.841 -4 1 -9 0 0
0.0748748 0.6 -4.09049 7.30846 -7.13642 -4 1 -10 0 0
0.0479199 0.6 -27.0452 6.05808 -0.454567 -4 1 -9 0 1
0.0306687 0.6 -38.5226 -6.51397 -8.58183 -1 1 -2 0 1
0.019628 0.566667 -13.5795 16.2388 29.5673 -3 2 -11 0 1
0.407537 0.566667 -31.7897 -16.8806 -22.9731 -1 2 -2 0 1
0.644522 0.566667 -22.6256 -8.44031 -8.58924 -9 4 -21 0 1
0.412494 0.566667 -13.7434 -4.87492 -3.43569 -8 4 -20 0 1
0.263996 0.566667 -8.63978 -2.09024 -0.774278 -8 4 -20 0 1
0.526718 0.666667 -29.3199 -0.0316051 0.290289 -9 4 -23 0 1
0.3371 0.633333 -12.9238 -0.263819 -1.08388 -8 4 -20 0 0
0.215744 0.633333 -3.81987 1.71994 0.766446 -12 6 -33 0 0
0.138076 0.633333 3.15763 2.54916 -2.69342 -9 4 -20 0 0
0.0883687 0.633333 3.31493 0.580136 1.32263 -8 4 -20 0 0
0.433934 0.6 -23.3425 -24.7099 0.529053 -8 4 -20 0 0
0.347147 0.6 -9.69758 -13.2974 -3.38838 -8 4 -20 0 0
0.222174 0.6 -3.533 -8.91705 1.64465 -8 4 -20 0 0
0.142191 0.566667 -0.724835 -7.748 1.25786 -6 4 -15 0 0
0.0910024 0.633333 5.55864 -5.81657 -4.29686 -7 4 -16 0 0
0.443681 0.533333 8.43408 -3.62257 3.08126 -8 4 -19 0 0
0.283956 0.633333 5.95315 -2.50573 2.4325 -7 4 -16 0 0
0.181732 0.566667 9.52419 -0.59497 -5.627 -9 4 -18 0 0
0.116308 0.633333 8.14048 0.327515 3.1492 -7 4 -16 0 0
0.0744374 0.633333 -20.9298 -1.66057 2.45968 -5 4 -12 0 0
0.428584 0.633333 -35.4649 -25.8303 2.18387 -4 3 3 0 0
0.342867 0.6 -13.3989 -15.2723 0.273549 -4 3 6 0 0
0.219435 0.6 -3.48517 -10.9117 0.709419 -6 3 2 0 0
0.140438 0.633333 0.888993 -7.14504 -7.51623 -7 3 -5 0 0
0.0898806 0.6 -2.18708 -5.21726 4.79351 -8 3 -11 0 0
0.434514 0.566667 -26.0935 -27.6086 3.1174 -6 2 2 0 0
0.347611 0.6 -11.6954 -15.6624 4.24696 -4 2 -1 0 0
0.222471 0.6 -5.20668 -8.98862 0.498784 -4 3 -17 0 0
0.485429 0.566667 -27.6033 -29.4943 0.199514 -2 2 -10 0 0
0.388343 0.6 -12.1125 -13.4265 -9.52019 0 2 -8 0 0
0.24854 0.566667 -7.76564 -7.14061 -5.00808 -3 2 -10 0 0
0.159065 0.6 0.978289 -5.42216 6.39677 -3 2 -10 0 0
0.101802 0.5 -24.5109 -7.83928 -5.84129 0 1 0 0 0
0.0651532 0.6 -37.2554 -10.4986 6.66348 0 1 0 0 0
0.041698 0.566667 -43.6277 -9.2557 7.46539 0 1 0 0 0
0.0266867 0.633333 -46.8139 -29.6279 3.58616 -1 1 -3 0 0
0.0170795 0.566667 -30.525 -17.0709 -12.9655 -1 1 -2 0 0
0.0109309 0.6 -12.053 -8.02868 8.61378 -3 1 -8 0 0
0.405247 0.566667 -31.0265 -10.94 -5.55449 -3 1 -8 0 0
0.259358 0.566667 -40.5133 -30.47 3.77821 -3 1 -8 0 0
0.165989 0.5 -45.2566 -40.235 -6.88872 -4 1 -10 0 0
0.106233 0.6 -20.4976 -21.2894 -1.55549 -3 1 -7 0 0
0.440793 0.6 -35.2488 -35.6447 20.9778 -3 1 -8 0 0
0.352635 0.633333 -18.5643 -18.8092 -1.80888 0 0 0 0 0
0.569265 0.633333 -5.80991 -13.2897 -5.52355 -4 1 -10 0 0
0.364329 0.633333 0.941201 -8.7282 -11.8094 -4 1 -11 0 0
0.233171 0.666667 -5.41175 -6.20233 12.0762 0 0 0 0 0
0.149229 0.6 -0.96169 -5.71745 -10.1695 -3 1 -8 0 0
0.0955068 0.666667 3.68582 -4.21007 -3.4678 -4 1 -11 0 0
0.0611243 0.633333 6.11923 -4.0239 17.8129 -4 1 -11 0 0
0.0391196 0.7 7.76047 -4.58796 -6.07485 -4 1 -10 0 0
0.0250365 0.6 3.22234 -4.86751 -8.42994 -4 1 -11 0 0
0.0160234 0.666667 5.55854 -5.4743 0.228024 -4 1 -11 0 0
0.010255 0.566667 6.06874 -4.12604 4.29121 -4 1 -11 0 0
0.00656318 0.6 7.20104 -4.7245 1.11648 -4 1 -11 0 0
0.40315 0.533333 13.6882 -4.11664 0.446594 0 0 0 0 0
0.593512 0.6 9.6219 -5.44374 -7.62136 -4 1 -12 0 0
0.379848 0.6 8.97761 -4.7184 2.35145 0 0 0 0 0
0.582327 0.533333 -20.5112 -6.52586 -1.45942 0 0 0 0 0
0.679517 0.6 -7.78849 -6.71688 -2.38377 -3 0 -8 0 0
0.726168 0.5 -9.29965 -6.21558 11.6465 -8 1 -21 0 0
0.748561 0.6 2.58702 -3.78347 8.8586 -7 1 -20 0 0
0.759309 0.533333 12.231 -4.41366 -13.8566 -2 0 -5 0 0
0.764468 0.6 12.3655 -3.85157 1.65738 -3 0 -8 0 0
0.860167 0.533333 -18.8172 -26.9258 2.46295 0 0 0 0 0
0.9161 0.633333 -1.03362 -16.0945 -0.81482 0 0 0 0 0
0.586304 0.533333 9.05766 -11.0078 -9.32593 0 0 0 0 0
0.375235 0.6 10.9118 -8.06967 6.46963 0 0 0 0 0
0.24015 0.6 10.2636 -8.45791 2.58785 0 0 0 0 0
0.515272 0.633333 5.77282 -8.09409 1.03514 0 0 0 0 0
0.647331 0.566667 8.78264 -7.99441 1.61406 0 0 0 0 0
0.710719 0.666667 2.14773 -7.71342 4.84562 -2 0 -5 0 0
0.45486 0.6 -0.208187 -5.77979 0.738249 -8 1 -20 0 0
0.29111 0.633333 1.60045 -5.91458 -14.1047 0 0 0 0 0
0.539733 0.6 -1.12285 -6.80345 26.1581 -8 1 -20 0 0
0.607257 0.6 -25.5614 -28.4017 -6.33675 -8 1 -20 0 0
0.764354 0.6 -14.7038 -15.5522 6.4653 -7 1 -20 0 0
0.489187 0.566667 -3.74613 -10.4788 -7.61388 -2 0 -5 0 0
0.31308 0.6 0.0500141 -8.44664 -15.6456 -3 0 -8 0 0
0.200371 0.6 1.94808 -6.92602 11.7418 -1 0 -3 0 0
0.128237 0.6 0.333016 -6.02711 1.69671 0 0 0 0 0
0.0820719 0.566667 -2.17901 -5.54561 -15.5213 -3 0 -8 0 0
0.439395 0.633333 -5.95062 -6.5228 -5.00853 0 0 0 0 0
0.281213 0.566667 -4.65198 -6.91506 14.7966 0 0 0 0 0
0.179976 0.633333 2.80221 -6.34214 -9.08136 0 0 0 0 0
0.115185 0.633333 6.52931 -5.1981 -1.83255 0 0 0 0 0
0.0737182 0.666667 5.82876 -4.33516 8.26698 -2 0 -5 0 0
0.0471796 0.633333 4.72359 -4.87028 -11.6932 0 0 0 0 0
0.030195 0.666667 5.56692 -3.44865 11.5227 -2 0 -5 0 0
0.0193248 0.566667 1.9282 -3.89538 8.80909 -3 0 -8 0 0
0.0123679 0.666667 4.16923 -3.92137 -0.676365 -2 0 -5 0 0
0.00791543 0.633333 4.00769 -4.52479 -15.8705 -3 0 -8 0 0
0.403799 0.666667 2.66174 -4.28942 35.0518 -8 1 -20 0 0
0.258432 0.666667 10.7821 -5.26971 23.6207 -2 0 -5 0 0
0.165396 0.6 10.4506 -2.93247 6.44829 -2 0 -5 0 0
0.105854 0.633333 8.27406 -2.38087 -34.6207 -3 0 -8 0 0
0.0677463 0.7 0.783374 -2.71483 -21.6483 -3 0 -8 0 0
0.0433576 0.7 -3.89788 -2.84551 -2.05931 -8 1 -20 0 0
0.0277489 0.7 11.4439 -2.91085 27.3763 -3 0 -8 0 0
0.0177593 0.666667 1.39269 -1.80265 -3.44949 -6 0 -15 0 0
0.0113659 0.6 -2.78798 -2.57315 20.2202 -4 0 -11 0 0
0.0072742 0.566667 -4.17177 -4.04205 -9.31192 -6 0 -16 0 0
0.00465549 0.566667 -3.91515 -2.67665 31.6752 -6 0 -16 0 0
0.00297951 0.6 -3.89493 -3.16759 -38.9299 -6 0 -16 0 0
0.00190689 0.5 -5.35024 -3.4588 34.828 -7 0 -19 0 0
0.00122041 0.6 -4.38708 -3.08809 -43.0688 -7 0 -19 0 0
0.000781062 0.5 0.618961 -1.85655 -12.4275 -8 0 -20 0 0
0.000499879 0.6 -2.65105 -1.59498 16.629 -8 0 -21 0 0
0.000319923 0.5 -8.05629 -2.64044 -20.9484 -6 0 -16 0 0
0.000204751 0.6 -1.85423 -1.32022 87.0206 -6 0 -16 0 0
0.400098 0.5 6.8315 -0.504292 -57.5917 -7 0 -18 0 0
0.256063 0.6 11.9806 -1.28028 42.3633 0 1 0 0 0
0.16388 0.533333 8.42931 -3.97348 52.9453 -2 1 -5 0 0
0.478663 0.6 12.6198 -1.5557 -16.0219 0 0 0 0 0
0.629758 0.533333 8.2836 -3.90285 -77.8087 -8 0 -20 0 0
0.403045 0.633333 -0.665894 -3.8745 -29.3235 -6 -1 -16 0 0
0.257949 0.566667 -25.3329 -26.9373 50.0706 -2 0 -5 0 0
0.523815 0.633333 -37.6665 -38.4686 -39.9718 -2 0 -5 0 0
0.335242 0.566667 -43.8332 -44.2343 32.0113 -2 0 -5 0 0
0.560916 0.6 -46.9166 -33.6862 -12.9955 -2 0 -5 0 0
0.66924 0.533333 -48.4583 -16.8431 -12.9955 -2 0 -5 0 0
0.535392 0.5 -49.2292 -8.42154 -12.9955 -2 0 -5 0 1
0.535392 0.533333 -24.6146 -4.21077 -12.9955 -2 0 -5 0 1
0.535392 0.6 -12.3073 -2.10539 -12.9955 -2 0 -5 0 1
0.535392 0.566667 -6.15364 -1.05269 -12.9955 -2 0 -5 0 1
0.535392 0.666667 -3.07682 -0.526346 -12.9955 -2 0 -5 0 1
0.535392 0.666667 -1.53841 -0.263173 -12.9955 -2 0 -5 0 1
0.535392 0.766667 -0.769206 -0.131587 -12.9955 -2 0 -5 0 1
0.535392 0.766667 -0.384603 -0.0657933 -12.9955 -2 0 -5 0 1
0.535392 0.866667 -0.192301 -0.0328967 -12.9955 -2 0 -5 0 1
0.535392 0.866667 -0.0961507 -0.0164483 -12.9955 -2 0 -5 0 1
0.535392 0.9 -0.0480753 -0.00822416 -12.9955 -2 0 -5 0 1
0.721235 0.9 -25.024 -0.00411208 -12.9955 -2 0 -5 0 1
0.576988 0.866667 -37.512 -0.00205604 -12.9955 -2 0 -5 0 1
0.46159 0.8 -43.756 -0.463991 25.4018 -2 0 -5 0 1
0.295418 0.8 -46.878 0.91932 12.5607 -2 0 -5 0 1
0.51344 0.7 -48.439 -24.5403 -9.97571 -11 -2 -29 0 1
0.410752 0.7 -30.1406 -10.7996 4.40972 -5 -4 -11 0 1
0.262882 0.633333 -19.3466 -4.19011 -3.63611 -4 -3 -12 0 1
0.168244 0.6 -16.0922 -2.48568 -1.45445 -6 -2 -17 0 1
0.107676 0.533333 -13.4515 -0.51086 0.0182218 -4 -2 -12 0 1
0.0689128 0.6 -31.7258 -2.79331 -14.3927 -9 0 -24 0 1
0.433078 0.566667 -20.5005 0.599659 -8.15708 -7 0 -20 0 0
0.27717 0.6 -18.4739 0.760357 -12.2628 -7 0 -19 0 0
0.177389 0.566667 -6.1814 -0.453155 2.89487 -7 0 -18 0 0
0.113529 0.566667 0.480727 2.80373 -7.24205 -7 0 -18 0 0
0.0726585 0.6 5.63809 2.96436 23.5032 -8 0 -21 0 0
0.0465014 0.633333 7.98209 -0.162555 2.80127 -7 0 -19 0 0
0.0297609 0.633333 -2.75238 1.07004 -37.2795 -7 0 -20 0 0
0.019047 0.633333 -4.58132 0.535019 21.6882 -8 0 -21 0 0
0.0121901 0.633333 -27.2907 0.486807 -4.52472 -7 0 -18 0 0
0.00780164 0.633333 -38.6453 -0.798263 -11.4099 -6 0 -17 0 0
0.00499305 0.6 -44.3227 -25.3991 3.23605 -6 0 -15 0 0
0.00319555 0.666667 -28.8921 -13.5329 0.694418 -5 0 -14 0 0
0.00204515 0.6 -10.1847 -7.19748 2.67777 -5 0 -13 0 0
0.0013089 0.6 -6.07919 -5.24348 4.07111 -4 0 -11 0 0
0.000837695 0.633333 1.63989 -4.54482 -4.97156 0 0 0 0 0
0.000536125 0.6 -24.1801 -3.91714 -9.78862 -3 1 -12 0 0
0.00034312 0.6 -9.45845 -4.2612 -3.91545 -3 1 -8 0 0
0.000219597 0.533333 -2.98128 -3.11744 11.0338 -3 1 -9 0 0
0.400105 0.6 6.38979 -4.1903 -9.98647 0 1 0 0 0
0.55364 0.566667 -21.8051 -27.0952 -1.59459 -1 1 -2 0 0
0.732184 0.566667 -18.4683 -16.0695 0.562164 -1 1 -3 0 0
0.468598 0.566667 -4.05255 -8.84494 0.824866 -3 1 -8 0 0
0.299903 0.633333 -27.0263 -7.17888 -8.07005 -3 1 -8 0 0
0.191938 0.566667 -38.5131 -28.5894 6.97198 0 1 0 0 0
0.473704 0.6 -44.2566 -39.2947 -9.81121 -1 1 -3 0 0
0.378963 0.533333 -26.0757 -22.9368 26.6755 -3 1 -8 0 0
0.242537 0.6 -15.8503 -12.8573 -23.5298 -4 1 -10 0 0
0.155223 0.566667 -9.20721 -7.39019 -8.21192 0 0 0 0 0
0.474507 0.6 0.0532555 -5.31274 32.1152 0 0 0 0 0
0.303685 0.6 -1.28916 -2.98532 20.0461 0 0 0 0 0
0.194358 0.5 0.491783 -4.17123 27.8184 0 0 0 0 0
0.124389 0.6 3.37089 -3.12728 -32.6726 -8 1 -21 0 0
0.0796091 0.6 4.31702 -5.18206 -30.4691 -8 1 -20 0 0
0.0509498 0.633333 0.769623 -6.41048 -13.3876 -8 1 -21 0 0
0.424456 0.6 6.63481 -6.65351 6.64495 -8 1 -20 0 0
0.603739 0.566667 9.56741 -4.97149 -0.342019 -3 0 -8 0 0
0.689795 0.633333 -0.479455 -6.10417 -10.3368 -3 0 -8 0 0
0.731101 0.6 3.40611 -6.01261 -1.13472 -3 0 -8 0 0
0.750929 0.666667 7.28816 -4.28836 8.54611 -7 1 -20 0 0
0.688357 0.6 -21.3559 -27.1442 4.01844 -3 0 -8 0 0
0.550685 0.6 -15.4857 -15.5458 -12.7926 -8 1 -21 0 0
0.352439 0.566667 -6.49283 -10.7334 9.28295 -8 1 -20 0 0
0.225561 0.6 -2.51112 -6.46965 -10.0868 -8 1 -20 0 0
0.144359 0.633333 -4.7812 -4.64708 -4.03473 -8 1 -20 0 0
0.0923897 0.633333 -4.17631 -4.91663 0.186109 0 0 0 0 0
0.0591294 0.633333 -7.21636 -4.30126 20.4744 -7 1 -20 0 0
0.657029 0.6 -28.6082 -27.1506 -15.2102 -2 0 -5 0 0
0.525623 0.633333 -14.962 -16.2069 16.7159 -7 1 -20 0 0
0.336399 0.566667 -3.83516 -9.66595 -14.9136 0 0 0 0 0
0.215295 0.533333 -2.3472 -6.24523 10.2345 -8 1 -20 0 0
0.137789 0.6 0.456833 -2.24896 6.49382 -5 0 -13 0 0
0.088185 0.533333 -1.79861 -3.15151 0.797527 -7 1 -20 0 0
0.442329 0.6 5.21772 -3.75378 -8.68099 -3 0 -8 0 0
0.612318 0.566667 7.66205 -4.01505 1.3276 -7 1 -20 0 0
0.391883 0.6 -21.169 -3.52068 2.93104 -7 1 -20 0 0
0.250805 0.566667 -35.5845 -3.04239 -1.82758 -4 0 -11 0 0
0.160515 0.6 -42.7922 -5.31938 17.869 0 0 0 0 0
0.10273 0.6 -17.4068 -6.11714 -23.4524 0 0 0 0 0
0.439448 0.6 -33.7034 -28.0586 2.61903 -7 1 -20 0 0
0.663669 0.6 -21.128 -17.2365 -0.152386 -3 0 -8 0 0
0.718561 0.566667 -9.52234 -9.25929 10.139 -4 0 -10 0 0
0.744909 0.6 -5.72271 -8.57701 2.25562 -3 0 -8 0 0
0.476742 0.566667 0.263647 -8.42913 19.5022 0 0 0 0 0
0.305115 0.633333 -3.71433 -6.10559 -19.1991 -3 0 -8 0 0
0.546455 0.566667 0.386424 -7.62516 -15.4796 -2 0 -5 0 0
0.349731 0.566667 1.20673 -7.78218 9.40814 -2 0 -5 0 0
0.740723 0.6 -24.3966 -28.8911 -4.03674 0 0 0 0 0
0.844434 0.6 -10.0707 -17.8239 -1.6147 -2 0 -5 0 0
0.540437 0.633333 -3.43277 -11.7785 7.75412 -3 0 -8 0 0
0.34588 0.666667 -5.3348 -8.78997 -0.498351 -3 0 -8 0 0
0.532818 0.666667 -27.6674 -29.395 3.40066 -3 0 -8 0 0
0.655753 0.733333 -38.8337 -39.6975 0.760264 -3 0 -8 0 0
0.793452 0.666667 -21.0616 -22.8093 -0.895895 -3 0 -8 0 0
0.507809 0.666667 -8.22816 -14.3652 -2.75836 -3 0 -8 0 0
0.324998 0.7 -1.15355 -10.1431 -3.50334 -7 1 -20 0 0
0.733599 0.7 -25.5768 -30.0716 -5.60134 -3 0 -8 0 0
0.752128 0.666667 -37.7884 -40.0358 1.95947 -8 1 -20 0 0
0.851277 0.633333 -43.8942 -45.0179 -13.0162 -8 1 -20 0 0
0.808613 0.6 -46.9471 -38.7589 52.3935 -5 0 -13 0 0
0.788134 0.566667 -48.4735 -20.8597 -35.4426 -8 1 -20 0 0
0.504406 0.6 -49.2368 -35.4299 33.823 -2 0 -5 0 0
0.32282 0.566667 -49.6184 -42.7149 -29.0708 -4 1 -10 0 0
0.732972 0.5 -49.8092 -46.3575 -12.2283 0 1 0 0 0
0.839783 0.566667 -49.9046 -48.1787 -2.49133 -7 2 -11 0 0
0.537461 0.533333 -49.9523 -28.6057 0.203468 -12 1 2 0 0
0.343975 0.566667 -19.713 -16.6055 1.28139 -9 1 8 0 0
0.739065 0.533333 -34.8565 -33.3027 1.11255 -5 1 3 0 0
0.754751 0.566667 -42.4282 -41.6514 2.24502 -2 1 -5 0 0
0.852851 0.533333 -25.7471 -24.2598 -5.10199 -3 1 -9 0 0
0.545824 0.533333 -8.70688 -15.1917 0.959204 -2 1 -7 0 0
0.349328 0.6 0.396561 -11.7047 -0.216319 -2 1 -7 0 0
0.22357 0.5 2.12136 -9.37797 11.3135 0 0 0 0 0
0.143085 0.6 2.80045 -7.33519 41.7254 -3 1 -10 0 0
0.0915741 0.5 2.99597 -7.0465 -10.9098 -3 1 -10 0 0
0.0586075 0.6 3.40016 -6.24064 -28.3639 -3 1 -10 0 0
0.0375088 0.5 3.30264 -6.40979 3.05443 0 0 0 0 0
0.0240056 0.6 4.50759 -6.06116 -1.77823 0 0 0 0 0
0.0153636 0.5 1.5959 -5.99111 13.6887 0 0 0 0 0
0.0098327 0.6 2.72103 -5.23914 -8.92452 0 0 0 0 0
0.00629293 0.533333 -4.72923 -5.90905 -1.16981 0 0 0 0 0
0.00402747 0.633333 0.840513 -6.80068 -2.26792 0 0 0 0 0
0.401933 0.6 2.54792 -6.68981 -3.30717 0 0 0 0 0
0.257237 0.666667 3.13566 -7.06112 -0.122868 0 0 0 0 0
0.164632 0.666667 -1.31679 -6.16214 2.35085 0 0 0 0 0
0.105364 0.666667 1.31529 -7.65344 0.940341 0 0 0 0 0
0.0674332 0.7 -0.929883 -7.54294 -0.223864 -2 0 -5 0 0
0.0431572 0.733333 -2.43863 -4.75831 3.51045 -4 0 -10 0 0
0.0276206 0.666667 1.90569 -3.86725 -17.7958 -3 0 -8 0 0
0.0176772 0.666667 -2.10225 -3.75586 34.2817 -5 0 -13 0 0
0.0113134 0.633333 -3.06529 -3.95157 -25.8873 -5 0 -13 0 0
0.00724058 0.633333 -5.02102 -2.55718 -11.5549 -5 0 -13 0 0
0.00463397 0.566667 -5.61401 -3.65954 50.578 -6 0 -15 0 0
0.00296574 0.6 -5.35061 -3.57396 -33.1688 -6 0 -17 0 0
0.00189808 0.6 -5.51915 -3.43172 8.33248 -7 0 -19 0 0
0.00121477 0.633333 -5.86507 -3.31519 21.933 -7 0 -18 0 0
0.000777452 0.6 -7.87491 -3.68462 -30.2268 -8 0 -21 0 0
0.000497569 0.633333 -7.44521 -0.949455 -12.0907 -7 0 -19 0 0
0.000318444 0.633333 -7.9909 -2.66223 -4.23629 -7 0 -19 0 0
0.000203804 0.566667 -8.73205 -2.00679 6.10548 -9 0 -24 0 0
0.000130435 0.633333 -7.05912 -3.13754 33.0422 -9 0 -23 0 0
8.34783e-005 0.533333 -7.57368 -0.465829 -17.3831 -9 -1 -23 0 0
5.34261e-005 0.6 -8.6224 -1.83548 44.0468 -7 -1 -18 0 0
3.41927e-005 0.6 -10.616 1.16559 -21.9813 -9 -1 -24 0 0
2.18833e-005 0.5 -8.43301 -0.745836 -24.9925 -7 -1 -19 0 0
1.40053e-005 0.6 -13.0981 -2.21115 9.80299 -9 -1 -24 0 0
8.96341e-006 0.5 -8.53747 -2.63968 30.3212 -9 -1 -23 0 0
5.73658e-006 0.6 2.46204 0.923749 -18.4715 -3 -3 -11 0 0
3.67141e-006 0.5 -1.47168 3.09345 -8.58861 -2 -4 -5 0 0
2.3497e-006 0.6 -12.2358 5.60078 13.3646 -11 -1 -30 0 0
0.400001 0.533333 -10.8477 3.15753 -5.45418 -11 -1 -30 0 0
0.256001 0.6 -13.6475 7.18221 14.6183 -11 -1 -31 0 0
0.16384 0.533333 -11.3051 5.01968 -12.7527 -11 -1 -30 0 0
0.478643 0.6 -8.69309 3.86119 -0.901067 -2 -4 -5 0 0
0.306332 0.566667 -11.779 7.28774 14.0396 -11 -1 -30 0 0
0.517631 0.6 -30.8895 -21.3561 -26.1842 -9 -2 -24 0 0
0.414105 0.633333 -4.95773 -8.79075 -23.0737 -11 -1 -30 0 0
0.265027 0.6 -6.89063 -2.55714 -7.42947 -2 -4 -5 0 0
0.169617 0.633333 -9.1596 1.93572 -5.97179 -11 -1 -30 0 0
0.108555 0.633333 -7.0798 2.39643 30.0113 -11 -1 -30 0 0
0.0694753 0.666667 -10.2488 2.75385 -14.3955 -11 -1 -31 0 0
0.433348 0.633333 -7.60284 7.41141 -3.35819 -11 -1 -31 0 0
0.608007 0.633333 -18.9056 3.31508 -9.14328 -1 -6 -2 0 0
0.815106 0.666667 -34.4528 -23.3425 -3.05731 -3 -3 -11 0 0
0.652085 0.633333 -21.4817 -2.11241 26.9771 -11 -1 -30 0 0
0.417334 0.666667 -9.6539 4.99218 -6.00917 -3 -3 -11 0 0
0.267094 0.633333 -29.827 11.2082 10.7963 -12 0 -32 0 0
0.17094 0.6 -39.9135 -3.4868 7.31853 -16 5 -46 0 0
0.109402 0.633333 -18.2291 -1.7434 7.31853 -16 5 -46 0 0
0.465641 0.566667 -3.21177 -3.47587 20.9274 -4 1 -10 0 0
0.623508 0.566667 -10.0361 -2.36293 12.571 -2 0 -5 0 0
0.399045 0.533333 3.07943 4.64737 -9.97161 -6 0 -16 0 0
0.255389 0.6 5.19825 6.95332 -33.3886 -6 0 -16 0 0
0.522587 0.5 -13.747 5.25907 16.0445 -9 -1 -24 0 0
0.334455 0.6 -5.59146 2.62953 16.0445 -9 -1 -24 0 0
0.267564 0.5 0.270306 1.31477 16.0445 -9 -1 -24 0 0
0.214051 0.6 6.60837 0.657383 16.0445 -9 -1 -24 0 0
0.171241 0.5 9.79457 0.328692 16.0445 -9 -1 -24 0 0
0.171241 0.566667 4.89728 0.164346 16.0445 -9 -1 -24 0 0
0.171241 0.533333 2.44864 0.0821729 16.0445 -9 -1 -24 0 1
0.171241 0.6 1.22432 0.0410865 16.0445 -9 -1 -24 0 1
0.171241 0.533333 0.612161 0.0205432 16.0445 -9 -1 -24 0 1
0.171241 0.6 0.30608 0.0102716 16.0445 -9 -1 -24 0 1
0.171241 0.533333 0.15304 0.00513581 16.0445 -9 -1 -24 0 1
0.171241 0.6 0.0765201 0.0025679 16.0445 -9 -1 -24 0 1
0.171241 0.633333 0.03826 0.00128395 16.0445 -9 -1 -24 0 1
0.171241 0.7 0.01913 0.000641976 16.0445 -9 -1 -24 0 1
0.171241 0.7 0.00956501 0.000320988 16.0445 -9 -1 -24 0 1
0.171241 0.8 0.0047825 0.000160494 16.0445 -9 -1 -24 0 1
0.171241 0.8 0.00239125 8.0247e-005 16.0445 -9 -1 -24 0 1
0.136993 0.8 -24.9988 4.01235e-005 16.0445 -9 -1 -24 0 1
0.109594 0.8 -37.4994 2.00617e-005 16.0445 -9 -1 -24 0 1
0.679454 0.766667 -43.7497 -25 -11.5822 -34 -1 -34 0 1
0.726138 0.7 -46.8749 -37.5 -20.2329 -19 -4 14 0 1
0.90141 0.666667 -48.4374 -43.75 -0.29315 -14 -2 22 0 1
0.964507 0.6 -49.2187 -46.875 -7.31726 -25 -3 -13 0 1
0.978704 0.6 -49.6094 -30.4888 12.6731 -31 3 -42 0 1
0.869778 0.566667 -49.8047 -40.2444 5.06924 -7 -2 20 0 1
0.556658 0.566667 -49.9023 -45.1222 3.2277 -13 -3 -6 0 1
0.667196 0.6 -49.9512 -27.8496 1.89108 -13 -3 -6 0 1
0.720254 0.566667 -49.9756 -20.5336 -4.04357 -13 -3 -6 0 1
0.745722 0.6 -49.9878 -35.2668 -5.21743 -8 -1 -22 0 1
0.854768 0.6 -49.9939 -42.6334 -1.48697 -10 0 -29 0 1
0.912861 0.633333 -31.3198 -21.3458 -6.59479 -8 -1 -23 0 1
0.838173 0.6 -13.6862 -8.72964 -1.43792 -11 0 -30 0 1
0.802323 0.666667 -2.67644 -9.17251 10.8248 -11 0 -29 0 1
0.785115 0.633333 -26.3382 -7.72728 -1.67007 -9 -1 -24 0 0
0.701484 0.7 -38.1691 -28.8636 6.53197 -8 -1 -23 0 0
0.892534 0.666667 -44.0846 -39.4318 22.4128 -9 -1 -24 0 0
0.828416 0.633333 -47.0423 -44.7159 -31.2349 -6 -1 -18 0 0
0.93823 0.633333 -48.5211 -47.358 -9.49395 -5 -1 -15 0 0
0.977763 0.6 -49.2606 -48.679 -1.99758 -5 -1 -13 0 0
0.986658 0.566667 -22.2442 -25.4292 -1.99903 -2 -1 -10 0 0
0.873596 0.566667 -8.37212 -11.4646 19.6004 2 -1 -10 0 0
0.819326 0.533333 -8.79132 -7.37704 3.04015 0 -1 -9 0 0
0.793276 0.566667 -3.11361 -5.37771 5.41606 -4 -1 10 0 0
0.780773 0.533333 -3.20154 -6.47175 -8.63358 -3 -1 9 0 0
0.774771 0.6 -3.43348 -5.53851 4.34657 -4 -1 10 0 0
0.77189 0.566667 0.256946 -6.71662 -16.8614 -4 -1 9 0 0
0.770507 0.6 1.70505 -4.70966 -7.34455 -4 -1 10 0 0
0.769843 0.533333 4.09871 -4.11746 17.4622 -3 -1 9 0 0
0.861715 0.633333 -22.9506 -27.0587 5.78487 1 -1 -5 0 0
0.917029 0.566667 -8.0762 -15.832 -17.4861 -3 -1 -7 0 0
0.840174 0.633333 -2.39336 -11.1211 17.6056 -2 -1 -5 0 0
0.803283 0.6 -0.209839 -7.8632 2.24223 -6 0 -17 0 0
0.785576 0.666667 2.7797 -6.56318 3.89689 -2 -1 -6 0 0
0.866246 0.566667 -23.6102 -28.2816 -21.2412 -4 -1 -11 0 0
0.919748 0.633333 -4.89718 -16.4434 15.5035 -5 -1 -11 0 0
0.841479 0.6 0.929788 -10.5866 5.6014 -4 -1 -10 0 0
0.538546 0.6 2.38797 -0.940609 4.04056 -6 -1 -15 0 0
0.34467 0.6 -2.09549 0.845485 -0.783776 -6 -1 -16 0 0
0.220589 0.633333 2.07726 3.15712 3.88649 -9 0 -24 0 0
0.141177 0.566667 2.68336 1.24961 3.3546 -9 0 -24 0 0
0.467765 0.566667 -3.26358 1.9406 15.7418 -6 -1 -17 0 0
0.579622 0.6 -26.6318 -24.0297 -18.3033 -9 0 -23 0 0
0.463697 0.633333 -10.2754 -13.6596 -1.92131 -9 0 -23 0 0
0.296766 0.666667 -2.83505 -3.31417 -10.3685 -9 0 -25 0 0
0.542448 0.633333 0.0627413 -2.18705 37.2526 -9 0 -24 0 0
0.347167 0.666667 -5.71187 -2.44488 14.901 -9 0 -24 0 0
0.222187 0.6 0.522442 -2.8151 -21.6396 -9 0 -23 0 0
0.50665 0.666667 -0.967412 -0.749657 18.9442 -9 0 -24 0 0
0.324256 0.6 2.14787 -0.374829 7.57767 -9 0 -24 0 0
0.207524 0.633333 5.12799 -0.525252 -23.9689 -10 0 -25 0 0
0.132815 0.566667 0.327152 -0.903652 16.8124 -9 0 -25 0 0
0.451001 0.6 -24.8364 -25.4518 -20.275 -8 -1 -22 0 0
0.360801 0.566667 -10.3349 -10.6426 -6.31001 -10 0 -27 0 0
0.230913 0.6 -3.03978 -2.49871 -34.924 -10 0 -26 0 0
0.147784 0.533333 -3.51185 -1.77932 11.8304 -9 0 -24 0 0
0.0945818 0.6 1.13273 -2.62286 7.73216 -9 0 -25 0 0
0.0605323 0.533333 2.54005 -4.16857 -16.1071 -10 0 -26 0 0
0.0387407 0.566667 -3.99313 -2.70106 15.1571 -11 0 -29 0 0
0.024794 0.533333 -2.65446 0.826889 -22.7371 -2 -4 -4 0 0
0.0158682 0.566667 -26.3272 2.44336 50.9051 -5 -4 -11 0 0
0.0101556 0.5 -11.4249 -0.129671 -37.2379 -5 -4 -12 0 0
0.404875 0.6 -7.04223 4.44396 15.1048 -3 -5 -5 0 0
0.59434 0.533333 -4.3224 4.84295 4.84193 -11 -2 -30 0 0
0.380378 0.6 -0.351989 1.59911 -26.8632 -13 -1 -34 0 0
0.582581 0.566667 -25.176 4.36016 -8.34529 -11 -2 -29 0 0
0.372852 0.6 -37.588 -22.8199 17.0619 -13 -1 -36 0 0
0.238625 0.566667 -43.794 -6.13652 -17.7752 -12 -3 -30 0 0
0.15272 0.633333 -46.897 -3.06826 -17.7752 -12 -3 -30 0 0
0.122176 0.566667 -48.4485 -0.539812 49.2899 -13 -4 -35 0 0
0.458645 0.6 -49.2242 -0.269906 49.2899 -13 -4 -35 0 0
0.675187 0.533333 -49.6121 -0.134953 49.2899 -13 -4 -35 0 0
0.675187 0.566667 -24.8061 -0.0674765 49.2899 -13 -4 -35 0 0
0.675187 0.633333 -12.403 -0.0337382 49.2899 -13 -4 -35 0 1
0.675187 0.666667 -6.20152 -0.0168691 49.2899 -13 -4 -35 0 1
0.675187 0.7 -3.10076 -0.00843456 49.2899 -13 -4 -35 0 1
0.675187 0.733333 -26.5504 -0.00421728 49.2899 -13 -4 -35 0 1
0.659272 0.7 -38.2752 -25.0021 17.316 -13 -4 -35 0 1
0.527417 0.733333 -44.1376 -13.6729 -45.8736 -25 -1 -40 0 1
0.602528 0.733333 -47.0688 -31.8365 18.8506 -31 -1 -39 0 1
0.689214 0.7 -48.5344 -40.9182 15.9402 -13 -6 14 0 1
0.730823 0.7 -49.2672 -45.4591 -20.6239 -13 -5 14 0 1
0.750795 0.6 -49.6336 -47.7296 -0.449564 -12 -5 8 0 1
0.600636 0.6 -49.8168 -27.1055 0.420174 -14 -5 -5 0 1
0.812983 0.533333 -49.9084 -38.5528 0.16807 -16 -4 -12 0 1
0.790232 0.6 -49.9542 -44.2764 -27.5328 -17 -4 -17 0 1
0.632186 0.6 -19.7688 -25.1655 18.3869 -11 -4 -11 0 1
0.404599 0.666667 -3.76736 -11.1122 4.95476 -11 -4 -12 0 1
0.258943 0.666667 0.747898 -5.92374 -23.2181 -7 -4 -11 0 1
0.165724 0.633333 3.09134 -5.78445 12.9128 -6 -2 -23 0 1
0.106063 0.666667 18.2123 0.171502 0.365104 -6 -3 -11 0 1
0.440728 0.633333 -15.8938 -24.9142 -17.254 -9 -1 -24 0 1
0.664437 0.7 -32.9469 -8.60612 12.8984 -8 -1 -22 0 1
0.655144 0.666667 -41.4735 -29.3031 3.35937 -10 0 -27 0 1
0.793086 0.633333 -20.4162 -16.4945 -13.6563 -9 0 -24 0 1
0.704545 0.633333 -35.2081 -33.2472 16.1375 -9 0 -24 0 0
0.563636 0.633333 -16.5326 -18.3073 -1.345 -9 0 -24 0 0
0.616436 0.566667 -33.2663 -34.1536 -1.138 -9 0 -23 0 0
0.769862 0.566667 -18.9358 -18.7216 0.1448 -9 0 -24 0 0
0.769534 0.633333 -13.4822 -11.5865 -8.94208 -5 -1 -13 0 0
0.769376 0.566667 -8.48718 -8.65981 6.02317 -8 0 -22 0 0
0.769301 0.6 -5.23043 -7.29043 3.60927 -9 0 -23 0 0
0.492352 0.566667 8.60927 -7.69927 2.04371 -5 -1 -13 0 0
0.636329 0.6 12.8153 -8.1625 0.217483 -9 0 -24 0 0
0.407251 0.633333 16.8243 -7.79747 4.28699 -7 -1 -18 0 0
0.26064 0.566667 10.816 -6.14232 -2.4852 -7 -1 -18 0 0
0.16681 0.6 -0.97358 -6.16327 -24.3941 -9 0 -24 0 0
0.106758 0.533333 4.00039 -4.89944 18.4424 -7 -1 -17 0 0
0.0683253 0.6 3.31598 -4.07749 4.97695 -7 -1 -18 0 0
0.0437282 0.566667 3.58107 -0.90238 31.3908 -2 -2 -6 0 0
0.416792 0.6 -23.2095 -25.4512 -33.0437 -10 0 -23 0 0
0.333433 0.566667 -13.7324 -8.20947 2.98252 -3 -2 -7 0 0
0.560048 0.566667 -4.94312 -6.02781 1.19301 -9 0 -23 0 0
0.358431 0.6 -4.16075 -5.37877 -4.3228 -9 0 -24 0 0
0.229396 0.6 0.222257 -4.33412 -16.7291 -7 -1 -17 0 0
0.146813 0.666667 2.74271 -2.86151 -6.69165 -6 -1 -16 0 0
0.0939605 0.666667 -1.83377 -0.148701 14.1233 -6 -1 -18 0 0
0.0601347 0.766667 6.58311 0.347726 10.4493 -7 -1 -16 0 0
0.423092 0.733333 -21.7084 -24.8261 7.17973 -10 0 -23 0 0
0.338473 0.7 -9.86738 -14.1023 -23.5281 -9 0 -23 0 0
0.216623 0.733333 -2.23099 -6.71329 39.7888 -9 0 -23 0 0
0.483183 0.733333 -26.1155 -28.3566 -10.4845 -6 -1 -15 0 0
0.813946 0.7 -38.0577 -39.1783 -5.3938 -5 -1 -15 0 0
0.651157 0.666667 -25.7856 -20.2085 40.4425 -5 -1 -14 0 0
0.41674 0.666667 -21.9206 -11.4353 5.37699 -5 -1 -14 0 0
0.600035 0.7 -15.2366 -8.02027 -41.0492 -5 -1 -13 0 0
0.384023 0.666667 -10.9967 -6.64172 -15.8197 -5 -1 -12 0 0
0.584331 0.733333 -8.20104 -7.26823 -5.72787 -5 -1 -12 0 0
0.373972 0.733333 -29.1005 -28.6341 -2.29115 -5 -1 -13 0 0
0.239342 0.7 -39.5503 -39.3171 0.88354 -6 -1 -10 0 0
0.514884 0.666667 -44.7751 -24.7974 0.953416 -2 -1 -5 0 0
0.647144 0.666667 -23.3744 -15.2833 -2.01863 -2 -1 -5 0 0
0.710629 0.633333 -16.3346 -11.1673 1.59255 -3 -1 -6 0 0
0.741102 0.6 -33.1673 -30.5837 0.637019 -7 0 -17 0 0
0.474305 0.6 -41.5837 -20.0616 -14.1452 -4 -1 -10 0 0
0.7766 0.566667 -45.7918 -35.0308 9.34192 -7 0 -18 0 0
0.62128 0.6 -28.5411 -17.861 4.93677 -7 0 -18 0 0
0.397619 0.633333 -16.3539 -7.54162 -14.2253 -8 1 -21 0 0
0.552686 0.633333 -33.1769 -28.7708 -6.29012 -8 1 -21 0 0
0.665289 0.633333 -41.5885 -39.3854 -3.11605 -3 0 -7 0 0
0.719339 0.6 -45.7942 -44.6927 -1.84642 -4 1 -10 0 0
0.745283 0.6 -47.8971 -47.3464 1.66143 -4 1 -11 0 0
0.757736 0.566667 -48.9486 -48.6732 -0.535427 -3 1 -8 0 0
0.763713 0.6 -49.4743 -49.3366 1.58583 -1 1 -2 0 0
0.61097 0.533333 -23.001 -26.9366 67.8343 -3 2 -8 0 0
0.634613 0.6 -36.5005 -38.4683 7.93373 -3 2 -8 0 0
0.50769 0.566667 -16.9345 -20.0864 12.1735 -3 2 -8 0 0
0.324922 0.6 -6.77804 -12.3116 -4.7306 -6 3 -14 0 0
0.20795 0.566667 -4.10331 -8.29863 -55.2922 -8 4 -21 0 0
0.479853 0.6 -27.0517 -29.1493 42.6831 -6 3 -14 0 0
0.812747 0.6 -38.5258 -39.5747 -47.7268 -8 4 -21 0 0
0.650198 0.666667 -21.7629 -20.0424 -13.6907 -8 4 -21 0 0
0.827257 0.633333 -35.8815 -35.0212 40.7237 -14 7 -39 0 0
0.896354 0.666667 -17.2997 -17.8311 -29.9105 -13 6 -33 0 0
0.83025 0.633333 -7.68831 -8.83543 -10.1642 -13 6 -33 0 0
0.53136 0.6 -3.14971 -5.6764 -1.06568 -13 6 -33 0 0
0.34007 0.533333 0.564784 -5.73294 0.173727 -8 4 -20 0 0
0.217645 0.6 1.97158 -5.5748 -2.93051 -9 4 -21 0 0
0.139293 0.6 1.31474 -4.67885 0.627796 -8 4 -20 0 0
0.0891474 0.533333 -0.496224 -4.70429 0.851119 -4 3 -8 0 0
0.0570544 0.6 -3.02589 -4.34867 2.14045 -4 3 -8 0 0
0.0365148 0.533333 -0.471278 -4.87704 0.856179 -6 4 -16 0 0
0.0233695 0.6 1.45355 -4.32302 1.54247 -9 5 -22 0 0
0.0149565 0.6 3.42948 -4.18854 -10.783 -6 4 -14 0 0
0.00957213 0.7 -7.21383 -0.879982 -1.9132 -6 4 -14 0 0
0.00612616 0.633333 -2.17298 -3.81086 4.63472 -6 4 -14 0 0
0.00392075 0.733333 -1.74439 -5.28381 -3.54611 -6 4 -14 0 0
0.00250928 0.733333 -2.26108 -5.7669 11.1816 -8 4 -20 0 0
0.00160594 0.733333 -4.25554 -5.86956 -8.12738 -6 4 -15 0 0
0.400617 0.733333 -27.1278 -27.9348 6.34905 -8 5 -21 0 0
0.784222 0.733333 -38.5639 -38.9674 -3.46038 -8 5 -21 0 0
0.627378 0.733333 -16.9171 -19.8408 -0.784152 -8 5 -21 0 0
0.401522 0.7 -2.90298 -12.0038 5.68634 -6 5 -15 0 0
0.755638 0.7 -26.4515 -31.0019 1.67454 -10 5 -20 0 0
0.853383 0.633333 -10.8609 -17.0936 0.669814 -8 5 -20 0 0
0.727699 0.633333 -30.4304 -33.5468 -9.93207 -9 5 -21 0 0
0.582159 0.666667 -15.5724 -18.5081 2.02717 -9 5 -21 0 0
0.807662 0.633333 -32.7862 -34.254 1.41087 -9 5 -22 0 0
0.787678 0.6 -41.3931 -42.127 -0.0356528 -9 5 -21 0 0
0.923564 0.633333 -45.6965 -46.0635 2.38574 -6 4 -14 0 0
0.843311 0.633333 -47.8483 -48.0318 -1.4457 -6 4 -14 0 0
0.674649 0.633333 -20.8836 -23.9314 -1.17828 -7 4 -15 0 0
0.834299 0.6 -35.4418 -36.9657 -9.47131 -13 6 -33 0 0
0.667439 0.666667 -14.5959 -19.9631 -3.78853 -9 4 -21 0 0
0.720371 0.6 -32.2979 -34.9816 2.08459 -4 2 -11 0 0
0.745778 0.633333 -41.149 -42.4908 10.4338 -4 1 -11 0 0
0.477298 0.533333 -45.5745 -44.2293 4.17353 -8 1 -21 0 0
0.305471 0.6 -47.7872 -21.724 -7.33059 -8 0 -19 0 0
0.195501 0.5 -48.8936 -14.1515 -2.93223 -8 0 -21 0 0
0.493841 0.6 -49.4468 -4.32276 42.6271 -8 0 -21 0 0
0.316058 0.566667 -15.8692 -2.16138 42.6271 -8 0 -21 0 1
0.589635 0.533333 3.28697 1.29 42.6271 -8 0 -21 0 1
0.589635 0.566667 1.64349 0.645 42.6271 -8 0 -21 0 1
0.589635 0.533333 0.821743 0.3225 42.6271 -8 0 -21 0 1
0.589635 0.566667 0.410871 0.16125 42.6271 -8 0 -21 0 1
0.589635 0.533333 0.205436 0.0806249 42.6271 -8 0 -21 0 1
0.589635 0.6 0.102718 0.0403125 42.6271 -8 0 -21 0 1
0.589635 0.533333 0.0513589 0.0201562 42.6271 -8 0 -21 0 1
0.589635 0.6 0.0256795 0.0100781 42.6271 -8 0 -21 0 1
0.589635 0.5 0.0128397 0.00503906 42.6271 -8 0 -21 0 1
0.589635 0.6 0.00641987 0.00251953 42.6271 -8 0 -21 0 1
0.589635 0.6 0.00320993 0.00125976 42.6271 -8 0 -21 0 1
0.471708 0.6 10.7775 3.2901 42.6271 -8 0 -21 0 1
0.471708 0.6 5.38873 1.64505 42.6271 -8 0 -21 0 1
0.683025 0.5 -22.3056 0.822526 42.6271 -8 0 -21 0 1
0.683025 0.6 -11.1528 0.411263 42.6271 -8 0 -21 0 1
0.683025 0.5 -5.57641 0.205631 42.6271 -8 0 -21 0 1
0.683025 0.6 -27.7882 0.102816 42.6271 -8 0 -21 0 1
0.836711 0.5 -38.8941 -24.9486 -20.7492 -24 0 -16 0 1
0.941216 0.6 -44.4471 -37.4743 -2.89966 -33 2 -24 0 1
0.978838 0.566667 -47.2235 -43.7371 -2.95987 -33 2 -24 0 1
0.78307 0.6 -19.8127 -8.78264 2.41605 -36 1 -7 0 1
0.775874 0.566667 -25.3014 -5.32476 0.966422 -36 1 -5 0 1
0.697935 0.533333 -37.6507 -27.6624 3.38657 -35 2 -8 0 1
0.735009 0.6 -43.8253 -38.8312 -12.4454 -31 2 -2 0 1
0.752804 0.566667 -46.9127 -44.4156 2.82185 -37 5 -23 0 1
0.91101 0.6 -48.4563 -47.2078 4.12874 -34 3 -17 0 1
0.837285 0.633333 -49.2282 -48.6039 -1.9485 -30 3 -15 0 1
0.669828 0.566667 -49.6141 -49.3019 -14.5794 -30 6 -34 0 1
0.535862 0.6 -24.807 -24.651 -14.5794 -30 6 -34 0 1
0.657214 0.5 -37.4035 -37.3255 -2.23176 -30 6 -34 0 1
0.657214 0.6 -18.7018 -18.6627 -2.23176 -30 6 -34 0 1
0.794328 0.5 -34.3509 -9.33137 -2.23176 -30 6 -34 0 1
0.794328 0.6 -17.1754 -4.66569 -2.23176 -30 6 -34 0 1
0.794328 0.5 -8.58772 -2.33284 -2.23176 -30 6 -34 0 1
0.876597 0.566667 -29.2939 -1.16642 -2.23176 -30 6 -34 0 1
0.876597 0.566667 -14.6469 -0.583211 -2.23176 -30 6 -34 0 1
0.876597 0.566667 -7.32347 -0.291605 -2.23176 -30 6 -34 0 1
0.876597 0.6 -3.66173 -0.145803 -2.23176 -30 6 -34 0 1
0.876597 0.5 -1.83087 -0.0729013 -2.23176 -30 6 -34 0 1
0.876597 0.6 -0.915433 -0.0364507 -2.23176 -30 6 -34 0 1
0.876597 0.5 -0.457717 -0.0182253 -2.23176 -30 6 -34 0 1
0.876597 0.6 -0.228858 -0.00911267 -2.23176 -30 6 -34 0 1
0.876597 0.6 -0.114429 -0.00455633 -2.23176 -30 6 -34 0 1
0.876597 0.7 -0.0572146 -0.00227817 -2.23176 -30 6 -34 0 1
0.876597 0.7 -0.0286073 -0.00113908 -2.23176 -30 6 -34 0 1
0.876597 0.8 -0.0143036 -0.000569542 -2.23176 -30 6 -34 0 1
0.876597 0.8 -0.00715182 -0.000284771 -2.23176 -30 6 -34 0 1
0.820767 0.9 -25.0036 -25.0001 20.7073 -30 6 -34 0 1
0.656613 0.8 -37.5018 -15.7895 -9.71708 -30 6 -34 0 1
0.420232 0.8 -23.3562 -12.0614 23.7132 -30 0 -19 0 1
0.268949 0.7 -15.0613 -12.1561 -12.1147 -19 -1 8 0 1
0.172127 0.7 -9.45371 -10.5288 -0.645893 -20 -1 1 0 1
0.482621 0.6 -29.7269 -13.5977 -13.4584 -14 0 9 0 1
0.308877 0.6 -5.03437 -13.2505 6.61666 -24 3 -24 0 1
0.548261 0.5 5.26254 -16.1647 -11.1533 -16 1 -5 0 1
0.350887 0.6 -0.548556 -13.8938 -0.261335 -6 1 9 0 1
0.224568 0.566667 1.78912 -10.2663 5.29547 -10 1 -5 0 1
0.143723 0.6 7.94584 -8.65877 -0.281814 -10 1 -3 0 1
0.091983 0.566667 8.78061 -9.07297 1.08727 -1 1 0 0 1
0.0588691 0.666667 8.55697 -7.23919 -3.16509 -4 1 2 0 1
0.0376762 0.633333 -3.78072 -4.44196 -2.46604 -4 2 -11 0 1
0.0241128 0.666667 -4.71924 -3.05432 2.01359 -4 2 -11 0 0
0.411574 0.633333 -4.60321 -4.09126 5.00543 0 2 0 0 0
0.597556 0.666667 2.16268 -4.7242 0.802174 -2 2 -5 0 0
0.382436 0.633333 -2.4443 -5.50313 -5.67913 -2 2 -5 0 0
0.244759 0.633333 -0.142717 -6.91823 1.32835 -2 2 -5 0 0
0.156646 0.633333 1.85172 -7.30527 -1.26866 -3 2 -7 0 0
0.100253 0.666667 3.48996 -7.40124 0.0925356 -2 2 -6 0 0
0.064162 0.6 -2.10117 -6.26472 -1.16299 -1 2 -3 0 0
0.0410637 0.566667 1.03275 -4.59721 0.734806 -1 2 -3 0 0
0.0262808 0.6 4.46374 -2.9822 10.4939 -6 3 -15 0 0
0.0168197 0.566667 3.83444 -2.49916 10.7976 -5 3 -13 0 0
0.406459 0.533333 -23.0828 -26.2496 -0.480972 -4 3 -9 0 0
0.325167 0.6 -36.5414 -38.1248 15.4076 -8 4 -21 0 0
0.524864 0.566667 -43.2707 -44.0624 19.963 -4 2 -11 0 0
0.828951 0.6 -46.6353 -47.0312 -33.4148 -4 2 -11 0 0
0.663161 0.533333 -48.3177 -23.5156 -33.4148 -4 2 -11 0 0
0.530529 0.6 -49.1588 -11.7578 -33.4148 -4 2 -11 0 0
0.424423 0.533333 -27.5794 -2.09102 -33.4148 -4 2 -11 0 0
0.339538 0.5 -9.77185 -1.04551 -33.4148 -4 2 -11 0 0
0.603723 0.533333 -4.88593 6.97724 -33.4148 -4 2 -11 0 0
0.482978 0.5 -27.443 3.48862 -33.4148 -4 2 -11 0 0
0.386383 0.533333 -38.7215 3.82764 -10.9659 -4 2 -11 0 1
0.247285 0.566667 -44.3607 -23.0862 -10.9864 -11 0 -26 0 1
0.494957 0.5 -47.1804 -36.5431 8.80545 -8 1 -21 0 1
0.63758 0.566667 -48.5902 -43.2715 4.12218 -4 2 -10 0 1
0.869529 0.533333 -49.2951 -46.6358 2.84887 -8 4 -20 0 1
0.95303 0.566667 -49.6475 -48.3179 0.539549 -8 5 -21 0 1
0.983091 0.533333 -49.8238 -49.1589 2.01582 -8 5 -20 0 1
0.989855 0.633333 -32.2036 -26.3156 0.806328 -6 5 -14 0 1
0.633507 0.566667 -19.5109 -13.1578 0.922531 -3 5 -8 0 1
0.82245 0.6 -34.7554 -31.5789 0.369012 -3 5 -8 0 1
0.936082 0.633333 -42.3777 -40.7894 -1.05239 -1 5 -2 0 1
0.97699 0.6 -46.1889 -45.3947 -1.02096 -3 6 -8 0 1
0.991716 0.6 -48.0944 -47.6974 1.99162 -2 5 -2 0 0
0.99503 0.633333 -49.0472 -48.8487 -1.60335 -3 6 -9 0 0
0.636819 0.6 -49.5236 -27.6316 -17.4413 -6 6 -7 0 0
0.407564 0.6 -26.1904 -13.7563 9.22346 -6 6 -10 0 0
0.260841 0.633333 -38.0952 -31.8781 -7.11061 -11 5 -2 0 0
0.525204 0.6 -44.0476 -40.9391 -5.84425 -7 5 -7 0 0
0.33613 0.533333 -14.458 -22.4121 2.4623 -7 5 -7 0 0
0.529074 0.633333 -32.229 -36.2061 10.5849 -4 4 -2 0 0
0.423259 0.6 -41.1145 -20.4057 -14.966 -3 4 -2 0 0
0.270886 0.566667 -20.1711 -11.4185 -5.98641 -5 4 -8 0 0
0.50402 0.6 -35.0855 -30.7093 -1.79457 -4 4 -8 0 0
0.403216 0.6 -20.5833 -16.706 1.68217 -8 5 -20 0 0
0.554835 0.566667 -35.2917 -33.353 12.6729 -8 5 -20 0 0
0.443868 0.6 -14.6053 -16.729 -7.53085 -8 5 -20 0 0
0.284076 0.633333 -6.23122 -8.72165 13.1877 -9 5 -20 0 0
0.509085 0.633333 -28.1156 -29.3608 6.47506 -8 5 -20 0 0
0.407268 0.633333 -17.1828 -17.111 -13.01 -7 5 -20 0 0
0.556391 0.666667 -33.5914 -33.5555 5.59601 -8 5 -20 0 0
0.445113 0.7 -13.8352 -18.9864 -10.9616 -8 5 -20 0 0
0.570923 0.666667 -31.9176 -34.4932 5.21536 -6 5 -20 0 0
0.456739 0.7 -16.554 -16.3537 -3.31386 -9 5 -20 0 0
0.575388 0.666667 -33.277 -33.1769 4.07446 -9 5 -20 0 0
0.676186 0.666667 -41.6385 -41.5884 -0.770217 -9 5 -20 0 0
0.724569 0.633333 -45.8193 -45.7942 -3.90809 -9 5 -20 0 0
0.834742 0.633333 -20.8263 -20.0697 -1.56323 -9 5 -15 0 0
0.880406 0.566667 -35.4131 -35.0349 60.5747 -6 5 -13 0 0
0.956946 0.6 -42.7066 -42.5174 29.0299 -4 5 -2 0 0
0.974168 0.533333 -46.3533 -46.2587 -21.388 -7 5 -2 0 0
0.92056 0.6 -48.1766 -48.1294 17.8448 -7 6 -8 0 0
0.971402 0.6 -49.0883 -49.0647 -18.6621 2 6 -11 0 0
0.982841 0.666667 -20.6064 -27.1059 -15.2648 -11 6 -8 0 0
0.871764 0.6 -2.93142 -15.6669 -4.30593 -13 6 -9 0 0
0.891068 0.666667 -26.4657 -32.8335 -0.522374 -12 5 -2 0 0
0.712854 0.666667 -10.5916 -17.632 -2.60895 -13 6 -9 0 0
0.845302 0.666667 -30.2958 -33.816 6.75642 -11 5 -2 0 0
0.805745 0.7 -40.1479 -41.908 -31.4974 -13 5 -8 0 0
0.786758 0.666667 -45.0739 -45.954 -11.999 -8 5 -2 0 0
0.872055 0.666667 -18.9655 -21.4889 -5.39959 -12 6 -16 0 0
0.818586 0.7 -11.5661 -8.80993 -7.55984 -15 5 -14 0 0
0.792921 0.666667 -6.74459 -1.76073 1.17607 -11 5 -14 0 0
0.50747 0.633333 -5.15801 1.90981 1.67043 -14 5 -14 0 0
0.643585 0.666667 -1.68615 4.52633 7.26817 -17 6 -21 0 0
0.411895 0.666667 -4.4145 5.8346 2.30727 -16 6 -21 0 0
0.597709 0.7 -0.682861 5.59587 0.922907 -17 6 -21 0 0
0.382534 0.633333 -3.11921 1.01222 -0.830837 -7 5 -2 0 0
0.583616 0.633333 -1.88855 0.647012 -5.73233 -7 5 -2 0 0
0.624109 0.666667 -25.9443 -24.6765 46.3071 -6 5 -2 0 0
0.699572 0.7 -37.9721 -37.3382 21.5228 -7 5 -2 0 0
0.819743 0.7 -17.5498 -17.2802 -43.5909 -4 5 -2 0 0
0.524636 0.633333 -4.4892 -5.69541 -18.0363 -3 5 -2 0 0
0.60146 0.633333 -27.2446 -27.8477 53.3855 -4 5 -2 0 0
0.856526 0.566667 -38.6223 -38.9239 -40.4458 -4 5 -2 0 0
0.913915 0.6 -25.3456 -19.2426 -16.1783 -3 6 -9 0 0
0.838679 0.6 -37.6728 -10.5188 -8.27133 -3 6 -8 0 0
0.802566 0.6 -43.8364 -6.73964 -3.90853 -3 6 -8 0 0
0.871139 0.6 -46.9182 -28.3698 -0.963413 -2 5 -2 0 0
0.818147 0.6 -48.4591 -39.1849 -0.985365 -1 5 -2 0 0
0.79271 0.6 -49.2296 -44.5925 -0.394146 -3 5 -8 0 0
0.780501 0.633333 -49.6148 -47.2962 5.84234 -3 5 -8 0 0
0.774641 0.6 -49.8074 -48.6481 0.536937 -8 5 -20 0 0
0.619712 0.566667 -49.9037 -24.5257 -0.385225 -8 5 -20 0 0
0.63797 0.6 -49.9518 -37.2628 1.04591 -14 8 -39 0 0
0.782782 0.6 -49.9759 -43.6314 1.61836 -14 8 -39 0 0
0.50098 0.6 -49.988 -21.5469 5.44735 -14 8 -39 0 0
0.320627 0.6 -49.994 -35.7734 3.37894 -14 8 -39 0 0
0.205202 0.6 -49.997 -20.0419 0.151575 -14 8 -39 0 0
0.498497 0.6 -49.9985 -35.0209 1.86063 -14 9 -39 0 0
0.319038 0.566667 -49.9992 -22.198 -10.6557 -14 9 -39 0 0
0.204184 0.566667 -49.9996 -36.099 -5.4623 -4 5 -8 0 0
0.130678 0.566667 -49.9998 -43.0495 0.21508 -4 5 -8 0 0
0.462725 0.533333 -49.9999 -26.2122 10.886 -14 10 -39 0 0
0.773265 0.6 -50 -38.1061 3.75441 -14 10 -39 0 0
0.918375 0.533333 -50 -44.0531 0.301765 -14 10 -39 0 0
0.84082 0.6 -50 -47.0265 6.12071 -4 6 -8 0 0
0.904492 0.5 -50 -26.1695 -7.75172 -14 10 -39 0 0
0.578875 0.6 -50 -12.5166 -10.3007 -14 10 -39 0 0
0.37048 0.533333 -50 -5.43108 10.2797 -14 10 -39 0 0
0.746698 0.633333 -50 -27.7155 5.91189 -3 5 -8 0 0
0.758415 0.633333 -50 -38.8578 -6.63524 -3 5 -8 0 0
0.855049 0.633333 -50 -44.4289 0.945902 -6 5 -14 0 0
0.547231 0.633333 -50 -47.2144 2.77836 -6 5 -14 0 0
0.662671 0.633333 -50 -48.6072 -12.0887 -6 5 -14 0 0
0.830849 0.633333 -50 -49.3036 1.16454 -13 8 -39 0 0
0.89851 0.666667 -50 -49.6518 3.46582 -5 4 -14 0 0
0.831285 0.6 -50 -49.8259 -6.41367 -7 4 -20 0 0
0.87941 0.6 -50 -49.913 -2.56547 -7 4 -20 0 0
0.87941 0.5 -50 -24.9565 -2.56547 -7 4 -20 0 0
0.822117 0.533333 -50 -12.4782 -2.56547 -7 4 -20 0 0
0.89327 0.5 -50 -6.23912 -2.56547 -7 4 -20 0 0
0.89327 0.533333 -25 -3.11956 -2.56547 -7 4 -20 0 1
0.89327 0.5 -12.5 -1.55978 -2.56547 -7 4 -20 0 1
0.89327 0.533333 -6.25 -0.77989 -2.56547 -7 4 -20 0 1
0.89327 0.6 -3.125 -0.389945 -2.56547 -7 4 -20 0 1
0.89327 0.533333 -1.5625 -0.194972 -2.56547 -7 4 -20 0 1
0.89327 0.6 -0.78125 -0.0974862 -2.56547 -7 4 -20 0 1
0.89327 0.533333 -0.390625 -0.0487431 -2.56547 -7 4 -20 0 1
0.89327 0.6 -0.195312 -0.0243716 -2.56547 -7 4 -20 0 1
0.89327 0.6 -25.0977 -0.0121858 -2.56547 -7 4 -20 0 1
0.571693 0.6 -37.5488 -25.0061 33.1738 -7 4 -20 0 1
0.61953 0.6 -43.7744 -37.503 -20.9305 -21 2 -14 0 1
0.771718 0.666667 -46.8872 -43.7515 -2.37219 0 1 0 0 1
0.770425 0.633333 -48.4436 -46.8758 3.85112 -1 1 -2 0 1
0.493072 0.566667 -49.2218 -24.9181 -0.85955 -4 2 -12 0 1
0.58934 0.566667 -49.6109 -37.4591 -8.14382 -3 2 -8 0 1
0.471472 0.6 -49.8055 -43.7295 -2.65753 -8 4 -20 0 1
0.626306 0.6 -49.9027 -46.8648 -3.46301 -8 5 -21 0 1
0.640502 0.6 -49.9514 -48.4324 0.414795 -8 5 -20 0 1
0.512401 0.6 -49.9757 -29.5047 2.56592 -6 5 -15 0 1
0.327937 0.6 -49.9878 -39.7523 5.82637 -3 4 -2 0 1
0.525928 0.566667 -49.9939 -44.8762 -0.069453 -12 5 -15 0 1
0.420742 0.6 -49.997 -47.4381 4.17222 -15 5 -13 0 1
0.269275 0.566667 -49.9985 -48.719 1.66889 -19 5 -13 0 1
0.503402 0.633333 -49.9992 -49.3595 3.06755 -14 4 4 0 1
0.402721 0.6 -21.7902 -26.2 -5.97298 -14 5 6 0 1
0.257742 0.666667 -15.2628 -16.2616 -1.78919 -14 5 10 0 1
0.498973 0.633333 -32.6314 -33.1308 -0.115676 -14 5 11 0 1
0.699384 0.7 -18.8851 -17.8766 -1.24627 -14 6 12 0 1
0.447606 0.633333 -34.4426 -33.9383 -2.89851 -9 9 27 0 1
0.286468 0.633333 -42.2213 -41.9691 0.0405967 -13 8 21 0 1
0.510004 0.633333 -46.1106 -45.9846 6.01624 -13 8 21 0 1
