1020 8 1
0.22692 0.6 -30.3234 6.16874 -5.49615 0 0 0 0
0.145229 0.566667 -40.1617 6.35818 -5.49615 0 0 0 0
0.0929466 0.6 -45.0808 5.50593 -5.49615 0 0 0 0
0.444614 0.6 -47.5404 9.81818 -5.49615 0 0 0 0
0.284553 0.666667 -48.7702 6.45671 -5.49615 0 0 0 0
0.182114 0.666667 -49.3851 10.7876 -5.49615 0 0 0 0
0.487415 0.666667 -49.6926 11.9156 -5.49615 0 0 0 0
0.633959 0.666667 -49.8463 9.36687 -5.49615 0 0 0 0
0.405734 0.7 -49.9231 11.2052 -5.49615 0 0 0 0
0.25967 0.766667 -49.9616 11.3997 -5.49615 0 0 0 0
0.524641 0.7 -49.9808 8.35136 -5.49615 0 0 0 0
0.651828 0.666667 -49.9904 -20.8243 -5.19692 0 0 0 0
0.712877 0.7 -49.9952 -35.4122 -5.19692 0 0 0 0
0.742181 0.666667 -49.9976 -42.7061 -5.19692 0 0 0 0
0.474996 0.733333 -29.8283 -16.353 -5.19692 0 0 0 0
0.303997 0.666667 -18.8427 -12.1051 -5.19692 0 0 0 0
0.194558 0.633333 -28.1714 -9.33361 -5.19692 0 0 0 0
0.124517 0.566667 -30.0536 -4.07157 -5.19692 0 0 0 0
0.0796911 0.633333 -28.122 -6.69848 -5.19692 0 0 0 0
0.0510023 0.633333 -31.311 -4.13049 -5.19692 0 0 0 0
0.0326415 0.6 3.59672 -10.4191 -5.19692 0 0 0 0
0.0208905 0.6 6.34382 -9.37622 -5.19692 0 0 0 0
0.408022 0.6 -21.8281 -29.6881 -5.19692 0 0 0 0
0.326418 0.6 -27.9595 -18.7131 -4.15754 0 0 0 0
0.208907 0.6 -23.0707 -13.902 -4.15754 0 0 0 0
0.133701 0.666667 -36.5353 -15.2843 -4.15754 0 0 0 0
0.0855684 0.633333 -30.7677 -9.9149 -4.15754 0 0 0 0
0.0547638 0.666667 -21.0657 -5.7511 -4.15754 0 0 0 0
0.426287 0.6 -16.2146 -7.13691 -3.12603 0 0 0 0
0.604618 0.666667 -15.4603 -5.273 -3.12603 0 0 0 0
0.690216 0.6 -13.7907 -3.77286 -3.12603 0 0 0 0
0.731304 0.6 -13.7136 -4.15916 -3.12603 0 0 0 0
0.468034 0.633333 -31.8568 1.54361 -3.12603 0 0 0 0
0.624657 0.633333 -40.9284 0.771805 -3.12603 0 0 0 0
0.774794 0.6 -45.4642 0.385902 -3.12603 0 0 0 1
0.864876 0.6 -47.7321 4.61842 -3.12603 0 0 0 1
0.889084 0.6 -48.866 -22.6908 -3.12603 0 0 0 1
0.96007 0.633333 -49.433 -36.3454 -3.12603 0 0 0 1
0.768056 0.633333 -20.8253 -14.006 -3.12603 0 0 0 1
0.8612 0.633333 -35.4127 -32.003 -3.12603 0 0 0 1
0.68896 0.6 -42.7063 -11.4561 -3.12603 0 0 0 0
0.730701 0.633333 -46.3532 -4.02348 -3.12603 0 0 0 0
0.750736 0.633333 -48.1766 -27.0117 -3.12603 0 0 0 0
0.480471 0.666667 -16.7966 -11.6309 -3.12603 0 0 0 0
0.584501 0.633333 -33.3983 -30.8154 -3.12603 0 0 0 0
0.68056 0.666667 -41.6992 -40.4077 -3.12603 0 0 0 0
0.726669 0.6 -45.8496 -45.2039 -3.12603 0 0 0 0
0.836001 0.6 -18.2866 -24.8747 -3.12603 0 0 0 0
0.801281 0.566667 -1.24042 -13.832 -3.12603 0 0 0 0
0.784615 0.633333 1.23991 -6.95318 -3.12603 0 0 0 0
0.701292 0.6 -24.38 -28.4766 -3.12603 0 0 0 0
0.73662 0.666667 -37.19 -39.2383 -3.12603 0 0 0 0
0.589296 0.666667 -30.4998 -24.9763 -3.12603 0 0 0 0
0.62629 0.7 -40.2499 -37.4881 -3.12603 0 0 0 0
0.700619 0.733333 -45.1249 -43.7441 -3.12603 0 0 0 0
0.560495 0.7 -29.1101 -25.4435 -3.12603 0 0 0 0
0.61523 0.7 -39.555 -37.7217 -3.12603 0 0 0 0
0.69531 0.666667 -44.7775 -43.8609 -3.12603 0 0 0 0
0.556248 0.666667 -31.3173 -29.6685 -3.12603 0 0 0 0
0.355999 0.6 -25.6587 -15.928 -3.12603 0 0 0 0
0.227839 0.6 -23.5436 -10.1961 -3.12603 0 0 0 0
0.145817 0.6 -18.0549 -6.94993 -3.12603 0 0 0 0
0.093323 0.633333 -15.7735 -6.64957 -3.12603 0 0 0 0
0.0597267 0.633333 -17.0117 -5.19978 -3.12603 0 0 0 0
0.422935 0.7 -33.5059 -27.5999 -3.12603 0 0 0 0
0.338348 0.7 -20.3244 -16.1809 -3.12603 0 0 0 0
0.529926 0.7 -35.1622 -33.0904 -3.12603 0 0 0 0
0.423941 0.7 -26.1038 -21.0907 -3.12603 0 0 0 0
0.271322 0.7 -19.3019 -15.9025 -3.12603 0 0 0 0
0.173646 0.7 -18.1737 -11.3603 -3.12603 0 0 0 0
0.111133 0.7 -19.3141 -6.81653 -3.12603 0 0 0 0
0.0711254 0.766667 -15.6094 -6.24917 -3.12603 0 0 0 0
0.427312 0.766667 -32.8047 -28.1246 -3.12603 0 0 0 0
0.60511 0.766667 -41.4024 -39.0623 -3.12603 0 0 0 0
0.484088 0.866667 -25.4631 -26.0788 -3.12603 0 0 0 0
0.58589 0.766667 -37.7315 -38.0394 -3.12603 0 0 0 0
0.468712 0.766667 -35.9112 -22.4288 -3.12603 0 0 0 0
0.299976 0.766667 -25.0985 -15.3811 -3.12603 0 0 0 0
0.191984 0.766667 -19.4242 -11.4405 -3.12603 0 0 0 0
0.473722 0.8 -34.7121 -30.7203 -3.12603 0 0 0 0
0.627387 0.8 -42.3561 -40.3601 -3.12603 0 0 0 0
0.701146 0.766667 -46.178 -45.1801 -3.12603 0 0 0 0
0.73655 0.766667 -48.089 -47.59 -3.12603 0 0 0 0
0.58924 0.833333 -34.1636 -26.7712 -3.12603 0 0 0 0
0.377114 0.8 -26.6056 -19.2388 -3.12603 0 0 0 0
0.544812 0.8 -38.3028 -34.6194 -3.12603 0 0 0 0
0.435849 0.766667 -29.4639 -18.8722 -3.12603 0 0 0 0
0.567366 0.766667 -39.7319 -34.4361 -3.12603 0 0 0 0
0.672336 0.666667 -44.866 -42.218 -3.12603 0 0 0 0
0.537869 0.7 -28.9806 -20.7122 -3.12603 0 0 0 0
0.344236 0.6 -20.0459 -12.3402 -3.12603 0 0 0 0
0.220311 0.633333 -35.0229 -9.63086 -3.12603 0 0 0 0
0.140999 0.6 -42.5115 -7.31543 -3.12603 0 0 0 0
0.0902394 0.633333 -46.2557 -4.56049 -3.12603 0 0 0 0
0.434652 0.6 -48.1279 -27.2802 -3.12603 0 0 0 0
0.347722 0.666667 -15.7306 -16.9883 -3.12603 0 0 0 0
0.533525 0.633333 -32.8653 -33.4942 -3.12603 0 0 0 0
0.656092 0.633333 -41.4326 -41.7471 -3.12603 0 0 0 0
0.714924 0.733333 -45.7163 -45.8735 -3.12603 0 0 0 0
0.571939 0.733333 -19.882 -28.2939 -3.12603 0 0 0 0
0.619625 0.8 -34.941 -39.147 -3.12603 0 0 0 0
0.4957 0.833333 -17.8114 -22.6985 -3.12603 0 0 0 0
0.590349 0.8 -33.9057 -36.3492 -3.12603 0 0 0 0
0.683367 0.733333 -41.9529 -43.1746 -3.12603 0 0 0 0
0.728016 0.766667 -45.9764 -46.5873 -3.12603 0 0 0 0
0.749448 0.766667 -47.9882 -48.2937 -3.12603 0 0 0 0
0.759735 0.7 -48.9941 -49.1468 -3.12603 0 0 0 0
0.764673 0.666667 -49.4971 -49.5734 -3.12603 0 0 0 0
0.767043 0.666667 -49.7485 -49.7867 -3.12603 0 0 0 0
0.768181 0.633333 -49.8743 -49.8934 -3.12603 0 0 0 0
0.768727 0.633333 -49.9371 -49.9467 -3.12603 0 0 0 0
0.768989 0.7 -49.9686 -49.9733 -3.12603 0 0 0 0
0.769115 0.7 -49.9843 -49.9867 -3.12603 0 0 0 0
0.615292 0.7 -20.6171 -30.6183 -3.12603 0 0 0 0
0.393787 0.766667 -30.5467 -20.4534 -3.12603 0 0 0 0
0.551214 0.733333 -40.2733 -35.2267 -3.12603 0 0 0 0
0.664583 0.766667 -45.1367 -42.6133 -3.12603 0 0 0 0
0.719 0.733333 -47.5683 -46.3067 -3.12603 0 0 0 0
0.74512 0.733333 -48.7842 -48.1533 -3.12603 0 0 0 0
0.757658 0.733333 -49.3921 -49.0767 -3.12603 0 0 0 0
0.763676 0.733333 -49.696 -49.5383 -3.12603 0 0 0 0
0.610941 0.666667 -18.0298 -26.9269 -3.12603 0 0 0 0
0.693251 0.666667 -12.1399 -11.3385 -3.12603 0 0 0 0
0.443681 0.633333 5.73151 -8.47535 -3.12603 0 0 0 0
0.570373 0.7 -22.1342 -29.2377 -3.12603 0 0 0 0
0.673779 0.7 -36.0671 -39.6188 -1.90082 0 0 0 0
0.539023 0.666667 -28.3461 -20.1219 -1.92066 0 0 0 0
0.344975 0.666667 -39.173 -18.5837 -1.92066 0 0 0 0
0.565588 0.633333 -44.5865 -18.9509 -0.536527 0 0 0 0
0.361976 0.666667 -47.2933 -16.6183 -0.536527 0 0 0 0
0.231665 0.633333 -48.6466 -14.2615 -0.536527 0 0 0 0
0.148266 0.7 -31.1415 -9.4035 -0.536527 0 0 0 0
0.0948899 0.633333 -40.5707 -10.6541 -0.536527 0 0 0 0
0.0607296 0.633333 -30.5126 -14.418 0.170779 0 0 0 0
0.0388669 0.633333 -10.4386 -10.582 0.536623 0 0 0 0
0.0248748 0.6 -13.5526 -10.41 -0.370702 0 0 0 0
0.41194 0.633333 -13.5945 -7.33571 -1.69656 0 0 0 0
0.263642 0.633333 -19.0808 -6.42759 -1.69656 0 0 0 0
0.526548 0.6 -17.2785 -4.70189 0.242751 0 0 0 0
0.652743 0.566667 -18.5751 -5.92237 -0.00579926 0 0 0 0
0.417756 0.633333 -4.53497 -6.53262 -0.00463941 0 0 0 0
0.267364 0.566667 -10.0056 -4.7544 -0.203712 0 0 0 0
0.717001 0.633333 -30.0028 -27.3772 -0.203712 0 0 0 0
0.8302 0.566667 -22.9793 -18.0537 -0.203712 0 0 0 0
0.798496 0.633333 -17.1775 -13.7887 -0.203712 0 0 0 0
0.783278 0.566667 9.0675 -11.6563 -0.162969 0 0 0 0
0.501298 0.633333 24.7042 -12.135 -0.162969 0 0 0 0
0.640623 0.566667 25.0226 -10.8577 0.269625 0 0 0 0
0.645999 0.6 -12.4887 -30.4289 -0.1843 0 0 0 0
0.7876 0.633333 -31.2444 -21.7621 0.45256 0 0 0 0
0.504064 0.7 -22.1698 -15.2461 0.162048 0 0 0 0
0.322601 0.633333 -23.0167 -12.1685 0.162048 0 0 0 0
0.554848 0.666667 -18.543 -10.3171 -0.0703617 0 0 0 0
0.613062 0.733333 -34.2715 -30.1585 0.143711 0 0 0 0
0.490449 0.7 -21.4842 -18.6507 -0.0850315 0 0 0 0
0.313888 0.733333 -35.7421 -15.5753 -0.0680252 0 0 0 0
0.200888 0.633333 -30.9663 -11.2103 -0.0544202 0 0 0 0
0.128568 0.633333 -40.4831 -5.60515 -0.0435361 0 0 0 0
0.44937 0.633333 -45.2416 -27.8026 -0.0348289 0 0 0 0
0.669622 0.666667 -47.6208 -14.943 -0.0278631 0 0 0 0
0.721419 0.633333 -48.8104 -10.5965 -0.222291 0 0 0 0
0.461708 0.666667 -23.2147 -6.1911 0.0221676 0 0 0 0
0.62162 0.633333 -15.6699 -7.15805 0.0221676 0 0 0 0
0.397837 0.7 -13.623 -7.92685 -0.182266 0 0 0 0
0.254615 0.666667 -0.859106 -9.32057 0.0541873 0 0 0 0
0.497772 0.7 -25.4296 -29.6603 0.0433498 0 0 0 0
0.398218 0.633333 -26.1888 -18.4016 0.23468 0 0 0 0
0.591145 0.633333 -23.0944 -12.9508 -0.0122561 0 0 0 0
0.683749 0.7 -16.7853 -13.0655 -0.0098049 0 0 0 0
0.7282 0.633333 -17.0101 -9.37367 -0.00784392 0 0 0 0
0.466048 0.633333 -0.766941 -8.09593 0.193725 0 0 0 0
0.623703 0.666667 -6.71464 -8.21463 0.15498 0 0 0 0
0.39917 0.7 -6.92875 -7.08351 -0.0760161 0 0 0 0
0.754961 0.7 -28.4644 -28.5418 -0.0608129 0 0 0 0
0.603969 0.733333 -9.43815 -17.8964 -0.0486503 0 0 0 0
0.813943 0.7 -29.7191 -33.9482 -0.0389202 0 0 0 0
0.651154 0.666667 -12.2033 -20.5455 -0.0311362 0 0 0 0
0.416739 0.633333 -1.15373 -13.4474 -0.024909 0 0 0 0
0.760021 0.7 -25.5769 -31.7237 -0.0199272 0 0 0 0
0.856012 0.666667 -37.7884 -19.2349 -0.0199272 0 0 0 0
0.547848 0.666667 -9.37041 -13.1889 -0.0159417 0 0 0 0
0.350623 0.633333 1.09466 -10.7814 0.387247 0 0 0 0
0.568299 0.666667 -12.5479 -10.1526 0.109797 0 0 0 0
0.363711 0.666667 -3.29776 -8.48539 0.0878378 0 0 0 0
0.232775 0.733333 -5.05797 -8.40936 0.0878378 0 0 0 0
0.148976 0.733333 -5.93808 -7.61377 0.0878378 0 0 0 0
0.457207 0.7 -27.969 -28.8069 0.0878378 0 0 0 0
0.365765 0.7 -26.4845 -19.4034 0.0878378 0 0 0 0
0.575567 0.7 -24.5518 -11.2493 0.0878378 0 0 0 0
0.621018 0.733333 -37.2759 -30.6247 -0.32973 0 0 0 0
0.863566 0.7 -43.6379 -40.3123 -0.0637838 0 0 0 0
0.814512 0.7 -46.819 -45.1562 -0.0637838 0 0 0 0
0.65161 0.666667 -31.1476 -24.959 0.148973 0 0 0 0
0.41703 0.633333 -16.7457 -15.9021 -1.08082 0 0 0 0
0.266899 0.6 -7.28966 -12.7713 -1.06466 0 0 0 0
0.502489 0.633333 -28.6448 -31.3857 -1.06466 0 0 0 0
0.401991 0.566667 -11.3462 -19.2643 -1.06466 0 0 0 0
0.592956 0.6 -11.1114 -13.6094 -1.06466 0 0 0 0
0.684619 0.666667 -12.9421 -9.64561 -1.06466 0 0 0 0
0.662894 0.666667 -31.471 -29.8228 -1.06466 0 0 0 0
0.530315 0.7 -10.0064 -18.086 -1.06466 0 0 0 0
0.339402 0.733333 -30.0032 -34.043 -1.06466 0 0 0 0
0.562913 0.7 -40.0016 -42.0215 -1.06466 0 0 0 0
0.360264 0.7 -45.0008 -23.8233 -1.06466 0 0 0 0
0.230569 0.766667 -47.5004 -15.6616 -1.06466 0 0 0 0
0.147564 0.766667 -48.7502 -10.6433 -1.06466 0 0 0 0
0.0944411 0.8 -49.3751 -8.29785 -1.06466 0 0 0 0
0.0604423 0.8 -21.0938 -6.52988 -1.06466 0 0 0 0
0.0386831 0.833333 -5.9098 -6.38994 -1.06466 0 0 0 0
0.418568 0.866667 -6.89728 -4.11802 -1.06466 0 0 0 0
0.267883 0.766667 -10.2668 -6.60446 -1.06466 0 0 0 0
0.171445 0.8 -11.0858 -6.87366 -1.06466 0 0 0 0
0.109725 0.766667 -0.985605 -6.41302 -1.06466 0 0 0 0
0.070224 0.733333 5.7572 -6.62913 -1.06466 0 0 0 0
0.433708 0.733333 -6.04997 -3.9098 -1.06466 0 0 0 0
0.277573 0.7 -0.681236 -5.52633 -1.06466 0 0 0 0
0.177647 0.666667 -2.89164 -6.8448 -1.06466 0 0 0 0
0.113694 0.733333 1.23275 -9.01764 -1.06466 0 0 0 0
0.0727641 0.733333 -3.75862 -7.34973 -1.06466 0 0 0 0
0.046569 0.7 -21.4031 -7.24629 -1.06466 0 0 0 0
0.0298042 0.733333 -12.5766 -5.9669 -1.06466 0 0 0 0
0.0190747 0.7 -11.943 -7.98345 -1.06466 0 0 0 0
0.409156 0.666667 -0.112146 -6.16975 -1.06466 0 0 0 0
0.26186 0.633333 -5.1156 -9.03726 0.548274 0 0 0 0
0.16759 0.666667 -0.484481 -8.00653 0.548274 0 0 0 0
0.107258 0.6 -5.897 -9.36041 -1.36138 0 0 0 0
0.068645 0.633333 -9.52841 -8.54751 -1.36138 0 0 0 0
0.0439328 0.533333 -6.95171 -7.29459 -1.36138 0 0 0 0
0.028117 0.6 -1.52273 -5.92002 -1.36138 0 0 0 0
0.0179949 0.533333 1.28551 -7.74572 -1.36138 0 0 0 0
0.40691 0.633333 -24.3572 -28.8729 -1.36138 0 0 0 0
0.325528 0.566667 7.82138 -21.9364 -1.0891 0 0 0 0
0.208338 0.666667 -1.71431 -14.5396 -1.0891 0 0 0 0
0.133336 0.666667 -22.4481 -7.98005 -1.0891 0 0 0 0
0.451201 0.733333 -36.224 -28.99 -1.0891 0 0 0 0
0.360961 0.7 -43.112 -39.495 -1.0891 0 0 0 0
0.231015 0.7 -46.556 -22.8725 -1.0891 0 0 0 0
0.14785 0.7 -31.403 -15.1863 -1.0891 0 0 0 0
0.682581 0.666667 -40.7015 -32.5931 -1.0891 0 0 0 0
0.546065 0.633333 -26.2883 -20.0466 -1.0891 0 0 0 0
0.349481 0.6 -30.406 -14.1899 -1.0891 0 0 0 0
0.567751 0.6 -20.2295 -9.47593 -1.0891 0 0 0 0
0.363361 0.6 -6.54331 -9.49987 -1.0891 0 0 0 0
0.232551 0.6 -0.146653 -8.49993 -1.0891 0 0 0 0
0.148833 0.566667 -4.76083 -7.99997 -0.871284 0 0 0 0
0.682864 0.6 -27.3804 -29 -0.871284 0 0 0 0
0.546291 0.6 -20.9402 -17.625 -0.871284 0 0 0 0
0.349626 0.566667 -20.7826 -10.5982 -0.697027 0 0 0 0
0.567821 0.6 -17.5883 -4.16274 -0.697027 0 0 0 0
0.363405 0.533333 -13.556 -3.86709 -0.697027 0 0 0 0
0.232579 0.6 -13.3256 -4.90973 -0.697027 0 0 0 0
0.148851 0.566667 -9.36528 -6.64511 -0.697027 0 0 0 0
0.471448 0.666667 -11.0368 -6.73164 -0.697027 0 0 0 0
0.301727 0.6 -15.5184 -6.89146 -0.697027 0 0 0 0
0.193105 0.666667 -23.8306 -4.93383 -0.697027 0 0 0 0
0.123587 0.633333 -15.9476 -4.17146 -0.697027 0 0 0 0
0.0790959 0.633333 -13.9179 -5.06192 -0.697027 0 0 0 0
0.0506214 0.633333 -1.68553 -3.72144 -0.697027 0 0 0 0
0.0323977 0.666667 -25.8428 -26.8607 -0.697027 0 0 0 0
0.0207345 0.566667 -37.9214 -38.4304 -0.697027 0 0 0 0
0.0132701 0.6 -43.9607 -44.2152 -0.697027 0 0 0 0
0.00849286 0.566667 -46.9803 -18.0315 -0.697027 0 0 0 0
0.00543543 0.633333 -48.4902 -9.31337 -0.697027 0 0 0 0
0.00347867 0.6 -49.2451 -8.54863 -0.697027 0 0 0 0
0.00222635 0.633333 -32.1225 -8.64931 -0.697027 0 0 0 0
0.401069 0.633333 -12.155 -8.07466 -0.697027 0 0 0 0
0.55401 0.7 -31.0775 -29.0373 -0.697027 0 0 0 0
0.665925 0.633333 -40.5388 -39.5187 -0.697027 0 0 0 0
0.879733 0.666667 -45.2694 -44.7593 -0.697027 0 0 0 0
0.822272 0.6 -47.6347 -47.3797 -0.697027 0 0 0 0
0.79469 0.6 -48.8173 -48.6898 -0.697027 0 0 0 0
0.781451 0.633333 -49.4087 -49.3449 -0.697027 0 0 0 0
0.775097 0.666667 -49.7043 -49.6725 1.04238 0 0 0 0
0.772046 0.6 -49.8522 -49.8362 -0.566097 0 0 0 0
0.770582 0.7 -49.9261 -49.9181 -0.566097 0 0 0 0
0.769879 0.7 -49.963 -49.9591 -0.566097 0 0 0 0
0.615904 0.633333 -28.3906 -28.3886 -0.566097 0 0 0 0
0.394178 0.7 -8.16232 -18.4271 -0.566097 0 0 0 0
0.252274 0.6 -0.906558 -10.6198 -0.566097 0 0 0 0
0.496873 0.6 -25.4533 -30.3099 -0.566097 0 0 0 0
0.397499 0.666667 -30.8516 -18.905 -0.566097 0 0 0 0
0.254399 0.6 -7.94374 -14.2805 -0.566097 0 0 0 0
0.162815 0.566667 2.59063 -10.7117 -0.566097 0 0 0 0
0.104202 0.6 7.82433 -9.9013 -0.566097 0 0 0 0
0.440014 0.566667 -21.0878 -29.9506 -0.566097 0 0 0 0
0.352011 0.6 -11.7344 -18.5468 -0.566097 0 0 0 0
0.225287 0.633333 -3.9922 -14.5455 -0.566097 0 0 0 0
0.704883 0.633333 -26.9961 -32.2727 -0.566097 0 0 0 0
0.738344 0.633333 -38.498 -41.1364 -0.566097 0 0 0 0
0.754405 0.733333 -44.249 -45.5682 -0.566097 0 0 0 0
0.603524 0.733333 -17.4995 -27.6783 -0.566097 0 0 0 0
0.386255 0.766667 -4.79142 -20.7141 -0.566097 0 0 0 0
0.247203 0.8 1.00707 -14.1852 -0.566097 0 0 0 0
0.15821 0.766667 2.65631 -11.8545 -0.566097 0 0 0 0
0.475941 0.8 3.59006 -8.66534 -0.566097 0 0 0 0
0.582761 0.8 -23.205 -29.3327 -0.566097 0 0 0 0
0.466209 0.766667 -5.66499 -18.4163 -0.566097 0 0 0 0
0.579024 0.733333 -27.8325 -34.2082 -0.566097 0 0 0 0
0.463219 0.733333 -38.9162 -20.6755 -0.566097 0 0 0 0
0.29646 0.7 -44.4581 -16.9003 -0.566097 0 0 0 0
0.542301 0.733333 -47.2291 -33.4501 -0.566097 0 0 0 0
0.660304 0.7 -48.6145 -41.7251 -0.566097 0 0 0 0
0.716946 0.7 -49.3073 -45.8625 -0.566097 0 0 0 0
0.744134 0.666667 -49.6536 -47.9313 -0.566097 0 0 0 0
0.476246 0.7 -49.8268 -48.9656 -0.566097 0 0 0 0
0.628598 0.6 -49.9134 -17.1459 -0.566097 0 0 0 0
0.402303 0.666667 -49.9567 -33.5729 -0.566097 0 0 0 0
0.593105 0.666667 -49.9784 -41.7865 0.347122 0 0 0 0
0.379587 0.666667 -49.9892 -45.8932 -0.722302 0 0 0 0
0.582202 0.666667 -49.9946 -47.9466 -0.722302 0 0 0 1
0.679457 0.666667 -49.9973 -48.9733 -0.722302 0 0 0 1
0.434852 0.633333 -49.9986 -28.2935 -0.722302 0 0 0 1
0.278306 0.6 -49.9993 -10.8729 -0.722302 0 0 0 1
0.178116 0.666667 -49.9997 -4.54361 -0.577842 0 0 0 1
0.113994 0.666667 -49.9998 -2.86704 -0.577842 0 0 0 1
0.0729561 0.666667 -49.9999 -4.40971 -0.577842 0 0 0 0
0.0466919 0.633333 -50 -5.32986 -0.577842 0 0 0 0
0.0298828 0.7 -20 0.460072 -0.577842 0 0 0 0
0.019125 0.666667 -15.3571 -2.44854 -0.577842 0 0 0 0
0.01224 0.666667 -13.9286 -4.34927 -0.577842 0 0 0 0
0.00783361 0.7 -11.9517 -2.74282 -0.577842 0 0 0 0
0.00501351 0.666667 -11.9133 -0.924979 1.33773 0 0 0 0
0.401925 0.666667 -30.9567 -25.4625 1.67018 0 0 0 0
0.32154 0.7 -11.7283 -17.7312 1.13614 0 0 0 0
0.205786 0.666667 -1.17667 -13.0323 0.908916 0 0 0 0
0.498777 0.633333 -5.64786 -8.8971 2.52713 0 0 0 0
0.319217 0.666667 -13.8358 -0.698548 2.52713 0 0 0 0
0.204299 0.6 -12.8703 -3.9207 -0.978294 0 0 0 0
0.130751 0.633333 -1.19321 -5.53178 -0.978294 0 0 0 0
0.0836809 0.533333 18.1534 4.10911 -0.978294 0 0 0 0
0.0535558 0.6 7.2017 -1.51687 -0.978294 0 0 0 0
0.0342757 0.566667 2.42897 4.00347 -0.978294 0 0 0 0
0.413162 0.6 -23.7855 -22.9983 3.81736 0 0 0 0
0.788738 0.6 -36.8928 -36.4991 3.81736 0 0 0 0
0.778594 0.6 -43.4464 -43.2496 -1.94611 0 0 0 0
0.622876 0.6 -23.4277 -23.3293 -1.94611 0 0 0 0
0.39864 0.6 -7.41699 -15.2361 -0.756886 0 0 0 0
0.25513 0.6 2.00387 -10.5942 -0.805509 0 0 0 0
0.163283 0.533333 5.59178 -8.27331 -0.805509 0 0 0 0
0.104501 0.633333 8.32974 -8.89856 -0.805509 0 0 0 0
0.0668807 0.6 -20.8351 -29.4493 -0.805509 0 0 0 0
0.432103 0.633333 -35.4176 -39.7246 -0.805509 0 0 0 0
0.276546 0.633333 -42.7088 -21.7373 -0.805509 0 0 0 0
0.176989 0.633333 -12.37 -14.4401 -0.805509 0 0 0 0
0.113273 0.666667 -4.13144 -11.595 -0.805509 0 0 0 0
0.0724948 0.6 -1.44072 -9.66657 -0.805509 0 0 0 0
0.0463967 0.7 -3.69655 -7.21424 -0.805509 0 0 0 0
0.0296939 0.633333 4.16735 -7.26358 -0.805509 0 0 0 0
0.0190041 0.666667 8.0993 -2.56036 1.95559 0 0 0 0
0.0121626 0.6 -1.32535 -2.53018 1.95559 0 0 0 0
0.00778407 0.633333 -5.03767 -5.64009 1.95559 0 0 0 0
0.00498181 0.566667 -6.89384 -6.30219 1.95559 0 0 0 0
0.401913 0.566667 -28.4469 -28.1511 1.95559 0 0 0 0
0.32153 0.6 -19.2235 -17.8255 1.95559 0 0 0 0
0.205779 0.666667 -3.96657 -13.6747 1.95559 0 0 0 0
0.131699 0.666667 -7.93567 -9.81353 1.95559 0 0 0 0
0.0842873 0.6 -0.712623 -8.27978 1.95559 0 0 0 0
0.0539439 0.7 -8.35631 -5.38989 1.95559 0 0 0 0
0.0345241 0.6 -9.5353 -6.13245 1.95559 0 0 0 0
0.416572 0.633333 -8.30932 -4.10789 1.95559 0 0 0 0
0.266606 0.633333 -10.2707 -5.80395 1.95559 0 0 0 0
0.170628 0.633333 -11.0101 -7.8968 -1.03553 0 0 0 0
0.465521 0.566667 -30.5051 -28.9484 -1.03553 0 0 0 0
0.372417 0.666667 -25.2525 -17.5992 -1.03553 0 0 0 0
0.238347 0.666667 -5.82338 -10.5853 -0.228421 0 0 0 0
0.152542 0.666667 -9.78669 -8.27877 0.217263 0 0 0 0
0.0976268 0.666667 -13.6433 -7.26438 0.217263 0 0 0 0
0.0624812 0.7 -14.9467 -7.35243 0.217263 0 0 0 0
0.039988 0.6 -15.0491 -5.57015 0.217263 0 0 0 0
0.0255923 0.633333 -15.4179 -5.29543 -0.426189 0 0 0 0
0.0163791 0.7 -14.747 -4.03358 -0.140951 0 0 0 0
0.0104826 0.6 -14.8735 -3.26679 -0.512761 0 0 0 0
0.00670887 0.666667 -10.5618 -3.5084 -0.512761 0 0 0 0
0.00429367 0.633333 0.679306 -1.59659 -0.512761 0 0 0 0
0.00274795 0.666667 2.20654 -3.0139 -0.512761 0 0 0 0
0.00175869 0.566667 7.05565 -6.86409 -1.81021 0 0 0 0
0.00112556 0.666667 5.40282 -6.16314 -1.81021 0 0 0 0
0.400432 0.666667 -22.2986 -28.0816 -1.81021 0 0 0 0
0.320346 0.7 -8.29215 -19.2194 -1.81021 0 0 0 0
0.205021 0.666667 1.43188 -12.4506 -1.81021 0 0 0 0
0.131214 0.633333 4.83921 -8.01101 -1.81021 0 0 0 0
0.0839767 0.6 9.27444 -10.5531 -1.81021 0 0 0 0
0.0537451 0.566667 9.47593 -8.84799 -1.81021 0 0 0 0
0.0343969 0.6 11.8952 -8.174 -1.81021 0 0 0 0
0.022014 0.633333 -19.0524 -29.087 -1.04817 0 0 0 0
0.014089 0.633333 -34.5262 -39.5435 -1.04817 0 0 0 0
0.406763 0.633333 -42.2631 -44.7717 -1.04817 0 0 0 0
0.260328 0.7 -46.1315 -47.3859 -1.04817 0 0 0 0
0.16661 0.666667 -48.0658 -48.6929 -1.04817 0 0 0 0
0.10663 0.766667 -49.0329 -49.3465 -1.04817 0 0 0 0
0.0682435 0.666667 -49.5164 -18.4232 -1.04817 0 0 0 0
0.432757 0.666667 -31.2533 -4.85556 -1.04817 0 0 0 0
0.607723 0.633333 -40.6267 -3.56414 -1.04817 0 0 0 0
0.691707 0.633333 -45.3133 0.935321 -1.04817 0 0 0 0
0.442693 0.6 -47.6567 -24.5323 1.76147 0 0 0 0
0.283323 0.6 -48.8283 -12.2662 1.76147 0 0 0 1
0.535995 0.566667 -49.4142 -31.1331 1.76147 0 0 0 1
0.535995 0.566667 -36.2601 -15.5665 1.76147 0 0 0 1
0.428796 0.566667 -28.6769 -7.78327 1.76147 0 0 0 1
0.763493 0.566667 -39.3385 -28.8916 2.40917 0 0 0 1
0.763493 0.566667 -19.6692 -14.4458 2.40917 0 0 0 1
0.763493 0.533333 -9.83462 -7.22291 2.40917 0 0 0 1
0.763493 0.6 -4.91731 -3.61145 2.40917 0 0 0 1
0.763493 0.533333 -8.88723 -1.80573 2.40917 0 0 0 1
0.488636 0.6 -19.2646 -0.902864 2.40917 0 0 0 1
0.693181 0.5 -34.6323 -0.451432 2.40917 0 0 0 1
0.815909 0.6 -42.3161 -0.225716 2.40917 0 0 0 1
0.652727 0.533333 -46.1581 -0.112858 2.40917 0 0 0 1
0.652727 0.566667 -23.079 -0.056429 2.40917 0 0 0 1
0.652727 0.6 -15.8848 -0.0282145 2.40917 0 0 0 1
0.417745 0.6 -17.2132 5.24905 3.32734 0 0 0 1
0.560414 0.6 -33.6066 -22.3755 3.32734 0 0 0 1
0.668999 0.533333 -41.8033 -36.1877 3.66187 0 0 0 1
0.721119 0.633333 -45.9017 -43.0939 1.5295 0 0 0 1
0.576896 0.566667 -43.7842 -12.1719 1.5295 0 0 0 1
0.369213 0.633333 -12.9635 -3.51889 1.5295 0 0 0 1
0.236296 0.633333 10.283 -5.92611 1.5295 0 0 0 1
0.15123 0.633333 18.3768 -7.96306 1.5295 0 0 0 1
0.096787 0.6 14.9302 -1.04035 -1.1764 0 0 0 1
0.0619437 0.533333 -2.95158 -3.02018 -3.54112 0 0 0 1
0.039644 0.633333 5.39921 6.10355 0.167102 0 0 0 1
0.0317152 0.566667 -22.3004 3.05177 0.167102 0 0 0 1
0.415223 0.6 -36.1502 -23.4741 -2.86632 0 0 0 1
0.265743 0.6 -43.0751 -6.30227 -2.29305 0 0 0 1
0.170075 0.566667 -16.5375 -3.77614 1.16556 0 0 0 1
0.108848 0.566667 -33.2688 -4.86426 -1.46755 0 0 0 1
0.0696629 0.6 -14.6379 -5.22468 -1.46755 0 0 0 1
0.0445843 0.633333 -32.3189 -6.18377 -1.46755 0 0 0 1
0.41712 0.666667 -41.1595 -28.0919 3.62596 0 0 0 1
0.333696 0.666667 -10.3169 -22.4334 3.62596 0 0 0 1
0.213566 0.7 -0.306501 -17.1691 3.62596 0 0 0 1
0.136682 0.666667 2.49826 -13.6982 3.62596 0 0 0 1
0.0874765 0.666667 -23.7509 -12.8556 0.100765 0 0 0 1
0.0559849 0.666667 -23.9848 -9.40398 0.0806119 0 0 0 1
0.0358304 0.666667 8.90603 -5.89247 0.0806119 0 0 0 0
0.0229314 0.6 10.0283 -6.57177 -0.53551 0 0 0 0
0.0146761 0.6 11.621 -4.99043 -0.53551 0 0 0 0
0.00939271 0.566667 -9.07046 -4.04283 -1.02841 0 0 0 0
0.404509 0.6 -12.5709 -3.27142 -0.222727 0 0 0 0
0.258885 0.6 -6.65312 0.570174 -0.222727 0 0 0 0
0.165687 0.6 -28.3266 -2.64323 -0.222727 0 0 0 0
0.463624 0.6 -39.1633 -26.3216 -0.222727 0 0 0 0
0.806904 0.566667 -44.5816 -38.1608 -0.222727 0 0 0 0
0.930486 0.6 -47.2908 -44.0804 -0.222727 0 0 0 0
0.958291 0.533333 -48.6454 -47.0402 -0.222727 0 0 0 0
0.613306 0.6 -49.3227 -21.9439 -0.222727 0 0 0 0
0.63551 0.566667 -49.6614 -35.9719 -0.222727 0 0 0 0
0.705045 0.633333 -49.8307 -42.986 -0.222727 0 0 0 0
0.738421 0.566667 -49.9153 -46.493 -0.222727 0 0 0 0
0.843053 0.533333 -27.8988 -26.2768 -0.222727 0 0 0 0
0.539554 0.6 -20.4879 -16.5475 -0.222727 0 0 0 0
0.607189 0.533333 -35.2439 -33.2737 -0.222727 0 0 0 0
0.485751 0.566667 -19.3333 -18.9245 -0.222727 0 0 0 0
0.779896 0.533333 -34.6666 -34.4622 -0.222727 0 0 0 0
0.623917 0.6 -14.8333 -18.7463 -0.222727 0 0 0 0
0.69948 0.5 -13.1859 -4.87313 -0.222727 0 0 0 0
0.447667 0.6 -4.27813 -5.08808 -0.222727 0 0 0 0
0.571904 0.533333 -27.1391 -27.544 -0.222727 0 0 0 0
0.457523 0.6 -22.2749 -12.4327 -0.222727 0 0 0 0
0.575689 0.533333 -36.1374 -31.2164 -0.222727 0 0 0 0
0.676331 0.633333 -43.0687 -40.6082 -0.222727 0 0 0 0
0.541065 0.533333 -36.1177 -22.3874 -0.222727 0 0 0 0
0.346281 0.6 -14.6498 -12.3842 -0.222727 0 0 0 0
0.532972 0.566667 -32.3249 -31.1921 -0.222727 0 0 0 0
0.426378 0.6 -35.1842 -16.3773 -0.222727 0 0 0 0
0.272882 0.533333 -20.0921 -10.1886 -0.222727 0 0 0 0
0.71859 0.633333 -35.046 -30.0943 -0.222727 0 0 0 0
0.574872 0.533333 -17.8907 -16.8854 -0.222727 0 0 0 0
0.367918 0.6 0.0546653 -12.3713 -0.222727 0 0 0 0
0.541281 0.566667 -24.9727 -31.1856 -0.222727 0 0 0 0
0.724768 0.6 -9.44579 -13.5928 -0.222727 0 0 0 0
0.747889 0.566667 -17.6017 -9.06914 -0.222727 0 0 0 0
0.478649 0.6 -14.8372 -5.97688 -0.222727 0 0 0 0
0.583801 0.6 -32.4186 -27.9884 -0.222727 0 0 0 0
0.850168 0.6 -41.2093 -38.9942 -0.222727 0 0 0 0
0.808081 0.633333 -45.6046 -44.4971 -0.222727 0 0 0 0
0.646465 0.6 -10.3023 -27.0105 -0.222727 0 0 0 0
0.648242 0.633333 -30.1512 -38.5052 -0.222727 0 0 0 0
0.518594 0.633333 -25.4017 -19.6098 -0.222727 0 0 0 0
0.648925 0.666667 -10.6614 -8.80488 -0.222727 0 0 0 0
0.415312 0.6 -30.3307 -6.63458 -0.222727 0 0 0 0
0.75961 0.6 -40.1653 -28.3173 -0.222727 0 0 0 0
0.607688 0.633333 -45.0827 -39.1586 -0.222727 0 0 0 0
0.815014 0.633333 -47.5413 -44.5793 -0.222727 0 0 0 0
0.791207 0.666667 -48.7707 -47.2897 -0.222727 0 0 0 0
0.632965 0.666667 -49.3853 -48.6448 -0.222727 0 0 0 0
0.643059 0.633333 -49.6927 -49.3224 -0.222727 0 0 0 0
0.514447 0.666667 -49.8463 -19.5686 -0.222727 0 0 0 0
0.597548 0.633333 -49.9232 -34.7843 -0.222727 0 0 0 0
0.686823 0.666667 -49.9616 -42.3922 -0.222727 0 0 0 0
0.549458 0.6 -26.5251 -18.3115 -0.222727 0 0 0 0
0.66374 0.566667 -25.4336 -4.65573 3.62182 0 0 0 0
0.831157 0.6 -37.7168 -27.3279 3.62182 0 0 0 0
0.664926 0.566667 -21.0857 -16.6185 3.69745 0 0 0 0
0.655331 0.6 -35.5428 -33.3092 3.55796 0 0 0 0
0.714559 0.566667 -42.7714 -41.6546 3.55796 0 0 0 0
0.742988 0.6 -46.3857 -45.8273 3.55796 0 0 0 0
0.756634 0.566667 -48.1929 -47.9137 3.55796 0 0 0 0
0.605308 0.566667 -24.9029 -27.7068 3.55796 0 0 0 0
0.387397 0.566667 -14.0139 -16.8296 3.55796 0 0 0 0
0.247934 0.633333 -5.71124 -12.6323 2.64637 0 0 0 0
0.495207 0.6 -27.8556 -31.3161 2.3171 0 0 0 0
0.396165 0.6 -30.7247 -13.8724 2.3171 0 0 0 0
0.552127 0.6 -40.3623 -31.9362 2.3171 0 0 0 0
0.665021 0.633333 -45.1812 -40.9681 2.3171 0 0 0 0
0.532017 0.566667 -32.1144 -27.0317 2.3171 0 0 0 0
0.340491 0.633333 -18.5572 -20.0635 2.3171 0 0 0 0
0.217914 0.633333 -5.87582 -16.9762 2.3171 0 0 0 0
0.504599 0.666667 -2.00041 -7.04578 1.85368 0 0 0 0
0.593766 0.6 -26.0002 -28.5229 1.85368 0 0 0 0
0.475013 0.666667 -27.9195 -15.4519 1.85368 0 0 0 0
0.582405 0.633333 -38.9597 -32.726 1.85368 0 0 0 0
0.679554 0.6 -44.4799 -41.363 1.85368 0 0 0 0
0.726186 0.566667 -47.2399 -45.6815 -5.71706 0 0 0 0
0.580949 0.633333 -26.6503 -19.8996 -5.71706 0 0 0 0
0.623084 0.566667 -38.3251 -34.9498 -5.71706 0 0 0 0
0.699081 0.566667 -44.1626 -42.4749 -5.71706 0 0 0 0
0.559264 0.6 -23.9752 -18.1926 -5.71706 0 0 0 0
0.357929 0.633333 -7.1265 -2.59629 -5.71706 0 0 0 0
0.537445 0.6 -28.5633 -26.2981 -5.71706 0 0 0 0
0.429956 0.633333 -39.2816 -8.64907 -5.71706 0 0 0 0
0.275172 0.633333 -18.5991 -6.9287 -5.71706 0 0 0 0
0.17611 0.633333 -23.0816 0.535649 -5.71706 0 0 0 0
0.484533 0.666667 -13.6241 -0.148842 -5.71706 0 0 0 0
0.310101 0.666667 -17.1246 2.70336 -5.71706 0 0 0 0
0.519079 0.6 -33.5623 -23.6483 -5.71706 0 0 0 0
0.649158 0.666667 -41.7811 -36.8242 -5.71706 0 0 0 0
0.519326 0.6 -36.6994 -17.6768 -5.71706 0 0 0 0
0.332369 0.633333 -37.0997 -9.73125 -5.71706 0 0 0 0
0.212716 0.566667 -29.0762 -2.86563 -5.71706 0 0 0 0
0.481683 0.6 -39.5381 -26.4328 -5.71706 0 0 0 0
0.813406 0.566667 -44.769 -38.2164 -5.71706 0 0 0 0
0.790435 0.533333 -47.3845 -44.1082 -5.71706 0 0 0 0
0.874261 0.6 -25.8882 -18.8446 -5.71706 0 0 0 0
0.735716 0.533333 -37.9441 -34.4223 -5.71706 0 0 0 0
0.904858 0.6 -43.9721 -42.2112 -5.71706 0 0 0 0
0.834332 0.533333 -46.986 -46.1056 -5.71706 0 0 0 0
0.800479 0.6 -48.493 -48.0528 -5.71706 0 0 0 0
0.640383 0.5 -28.2644 -24.5699 -5.71706 0 0 0 0
0.645907 0.6 -39.1322 -37.2849 -5.71706 0 0 0 0
0.787544 0.6 -22.7804 -22.571 -5.71706 0 0 0 0
0.702417 0.6 -36.3902 -36.2855 -5.71706 0 0 0 0
0.561934 0.6 -24.5263 -20.3749 -5.71706 0 0 0 0
0.359638 0.566667 -25.5207 -12.0814 -5.71706 0 0 0 0
0.538101 0.6 -37.7604 -31.0407 -5.71706 0 0 0 0
0.430481 0.566667 -35.4124 -16.3268 -5.71706 0 0 0 0
0.275508 0.633333 -30.5352 -5.1634 -4.57365 0 0 0 0
0.176325 0.533333 -26.2051 0.196078 -3.65892 0 0 0 0
0.112848 0.6 -19.6859 -0.533273 -3.65892 0 0 0 0
0.0722227 0.566667 -28.3429 -1.5534 -3.65892 0 0 0 0
0.427734 0.6 -39.1715 -25.7767 -3.65892 0 0 0 0
0.605312 0.566667 -44.5857 -37.8884 -3.65892 0 0 0 0
0.69055 0.666667 -47.2929 -43.9442 -3.65892 0 0 0 0
0.731464 0.6 -48.6464 -46.9721 -3.65892 0 0 0 0
0.751103 0.633333 -49.3232 -48.486 -3.65892 0 0 0 0
0.760529 0.666667 -49.6616 -49.243 -3.65892 0 0 0 0
0.608423 0.7 -28.6407 -23.9794 -3.65892 0 0 0 0
0.815226 0.666667 -39.3204 -36.9897 -3.65892 0 0 0 0
0.652181 0.666667 -18.1896 -20.3331 -3.65892 0 0 0 0
0.713047 0.6 -7.17172 -8.03742 -3.65892 0 0 0 0
0.67381 0.6 -28.5859 -29.0187 -3.65892 0 0 0 0
0.882572 0.6 -39.2929 -39.5094 -3.65892 0 0 0 0
0.706057 0.6 -38.2544 -21.2725 -3.65892 0 0 0 0
0.451877 0.533333 -22.2522 -5.71677 -3.65892 0 0 0 0
0.289201 0.566667 -12.3456 0.382357 -3.65892 0 0 0 0
0.185089 0.533333 -7.21448 -2.83912 -3.65892 0 0 0 0
0.471074 0.566667 -28.6072 -26.4196 -3.65892 0 0 0 0
0.376859 0.566667 -12.3505 -6.34837 -3.65892 0 0 0 0
0.24119 0.633333 -31.1752 5.87754 -3.65892 0 0 0 0
0.154362 0.6 -40.5876 9.42025 -3.65892 0 0 0 0
0.474094 0.633333 -45.2938 9.49408 -3.65892 0 0 0 0
0.30342 0.6 -47.6469 13.1522 -3.65892 0 0 0 0
0.727385 0.6 -48.8235 -18.4239 -3.65892 0 0 0 0
0.581908 0.633333 -49.4117 -34.2119 -3.65892 0 0 0 0
0.679316 0.6 -49.7059 -42.106 -3.65892 0 0 0 0
0.726072 0.6 -49.8529 -46.053 -3.65892 0 0 0 0
0.464686 0.5 -49.9265 -48.0265 -3.65892 0 0 0 0
0.623049 0.6 -49.9632 -49.0132 -3.65892 0 0 0 0
0.639251 0.5 -49.9816 -49.5066 -3.65892 0 0 0 1
0.783551 0.6 -49.9908 -49.7533 -3.65892 0 0 0 1
0.501472 0.566667 -49.9954 -49.8767 -3.65892 0 0 0 1
0.640707 0.666667 -49.9977 -49.9383 -3.65892 0 0 0 1
0.410052 0.566667 -49.9989 -49.9692 -3.65892 0 0 0 1
0.758095 0.633333 -49.9994 -49.9846 -3.65892 0 0 0 1
0.606476 0.666667 -49.9997 -49.9923 -3.65892 0 0 0 1
0.691109 0.733333 -49.9999 -49.9961 -3.65892 0 0 0 1
0.442309 0.666667 -49.9999 -13.1925 -3.65892 0 0 0 1
0.612309 0.7 -50 -31.5963 -3.65892 0 0 0 1
0.693908 0.6 -50 -6.53089 -3.65892 0 0 0 1
0.444101 0.633333 -50 6.5154 -3.65892 0 0 0 0
0.284225 0.633333 -50 6.70598 -3.65892 0 0 0 0
0.181904 0.666667 -50 12.2816 -3.65892 0 0 0 0
0.487314 0.633333 -50 13.6839 -3.65892 0 0 0 0
0.311881 0.7 -50 21.1565 -2.92713 0 0 0 0
0.199604 0.666667 -50 -14.4218 -2.34171 0 0 0 1
0.49581 0.633333 -50 -32.2109 -2.34171 0 0 0 1
0.590391 0.7 -50 -41.1054 -2.34171 0 0 0 1
0.852541 0.633333 -50 -45.5527 -2.34171 0 0 0 1
0.911524 0.633333 -50 -47.7764 -2.34171 0 0 0 1
0.902519 0.666667 -50 -48.8882 -2.34171 0 0 0 1
0.833209 0.7 -50 -49.4441 -2.34171 0 0 0 1
0.666567 0.633333 -50 -49.722 -2.34171 0 0 0 1
0.719952 0.633333 -50 -49.861 -2.34171 0 0 0 1
0.745577 0.633333 -50 -49.9305 -2.34171 0 0 0 1
0.477169 0.633333 -50 -49.9653 -2.34171 0 0 0 1
0.305388 0.6 -50 -49.9826 -2.34171 0 0 0 1
0.727952 0.6 -50 -49.9913 -2.34171 0 0 0 1
0.582361 0.6 -50 -49.9957 -2.34171 0 0 0 1
0.679533 0.533333 -50 -49.9978 -2.34171 0 0 0 1
0.726176 0.6 -50 -49.9989 -2.34171 0 0 0 1
0.748564 0.5 -50 -49.9995 -2.34171 0 0 0 1
0.479081 0.6 -50 -49.9997 -2.34171 0 0 0 1
0.629959 0.566667 -50 -49.9999 -2.34171 0 0 0 1
0.403174 0.633333 -50 -49.9999 -2.34171 0 0 0 1
0.593523 0.6 -50 -50 -2.34171 0 0 0 1
0.684891 0.7 -50 -50 -2.34171 0 0 0 1
0.43833 0.7 -50 -22.2826 -2.34171 0 0 0 1
0.280531 0.7 -50 -10.5163 -2.34171 0 0 0 1
0.720793 0.7 -50 -30.2582 -2.34171 0 0 0 1
0.745981 0.633333 -50 -40.1291 -2.34171 0 0 0 1
0.596785 0.666667 -50 -17.386 -2.34171 0 0 0 1
0.381942 0.6 -50 0.103313 -2.34171 0 0 0 1
0.244443 0.6 -50 2.14282 -2.34171 0 0 0 1
0.517333 0.6 -18.5417 6.62697 -2.34171 0 0 0 1
0.331093 0.6 -14.3112 10.2579 -1.87337 0 0 0 1
0.211899 0.6 -2.49872 6.84465 -1.87337 0 0 0 1
0.481369 0.633333 -26.2494 -21.5777 -1.87337 0 0 0 1
0.385096 0.7 -16.9708 -10.8204 -1.87337 0 0 0 1
0.246461 0.666667 -11.0495 1.80134 -1.87337 0 0 0 1
0.157735 0.666667 -5.09373 0.363034 -1.87337 0 0 0 1
0.10095 0.7 -7.67507 7.39306 -1.87337 0 0 0 1
0.0646083 0.6 -21.0789 2.40342 -1.87337 0 0 0 1
0.0413493 0.6 -17.5395 -1.57607 -1.87337 0 0 0 1
0.419848 0.6 -18.9671 3.21197 -1.87337 0 0 0 1
0.601527 0.6 -25.2094 2.23098 -1.87337 0 0 0 1
0.630986 0.533333 -37.6047 -23.8845 -1.87337 0 0 0 1
0.504789 0.6 -20.2516 -14.9828 -1.87337 0 0 0 1
0.323065 0.566667 -7.62581 -7.4914 -1.87337 0 0 0 1
0.524057 0.6 -28.8129 -28.7457 -1.87337 0 0 0 1
0.651547 0.6 -39.4065 -39.3728 -1.87337 0 0 0 1
0.521238 0.566667 -32.8282 -16.5168 -1.87337 0 0 0 0
0.600155 0.6 -41.4141 -33.2584 -1.87337 0 0 0 0
0.856056 0.6 -45.7071 -41.6292 -1.87337 0 0 0 0
0.684845 0.633333 -18.0066 -21.2052 -1.87337 0 0 0 0
0.66298 0.633333 -34.0033 -35.6026 -1.87337 0 0 0 0
0.718231 0.666667 -42.0016 -42.8013 -1.87337 0 0 0 0
0.574584 0.633333 -15.5321 -26.7578 -1.87337 0 0 0 0
0.80548 0.6 -32.766 -38.3789 -1.87337 0 0 0 0
0.644384 0.566667 -25.4739 -12.9394 -1.87337 0 0 0 0
0.647444 0.6 -37.737 -31.4697 -1.87337 0 0 0 0
0.517955 0.6 -33.7878 -15.7349 -1.87337 0 0 0 0
0.331491 0.566667 -10.0391 -15.3674 -1.87337 0 0 0 0
0.212154 0.566667 -12.46 -13.6361 -1.87337 0 0 0 0
0.7011 0.533333 -31.23 -31.818 -1.87337 0 0 0 0
0.56088 0.566667 -12.6057 -9.65902 -1.87337 0 0 0 0
0.801534 0.533333 -31.3029 -29.8295 -1.87337 0 0 0 0
0.641227 0.566667 -15.9563 -8.43327 -1.87337 0 0 0 0
0.410385 0.533333 -32.9782 11.2245 -1.87337 0 0 0 0
0.596985 0.5 -41.4891 12.5319 -1.87337 0 0 0 0
0.686553 0.533333 -45.7445 -18.734 -1.87337 0 0 0 0
0.729545 0.566667 -47.8723 -34.367 -1.87337 0 0 0 0
0.466909 0.566667 -48.9361 -42.1835 -1.87337 0 0 0 0
0.77447 0.566667 -49.4681 -46.0918 -1.87337 0 0 0 0
0.918809 0.633333 -49.734 -48.0459 -1.87337 0 0 0 0
0.841028 0.566667 -49.867 -49.0229 -1.87337 0 0 0 0
0.672823 0.6 -49.9335 -49.5115 3.30131 0 0 0 0
0.430607 0.566667 -49.9668 -49.7557 3.30131 0 0 0 0
0.565353 0.6 -49.9834 -49.8779 3.30131 0 0 0 0
0.739212 0.5 -49.9917 -49.9389 3.30131 0 0 0 0
0.754822 0.6 -49.9958 -49.9695 3.30131 0 0 0 0
0.483086 0.5 -49.9979 -49.9847 3.30131 0 0 0 1
0.779129 0.533333 -49.999 -49.9924 3.30131 0 0 0 1
0.867477 0.6 -49.9995 -7.45586 3.30131 0 0 0 1
0.816389 0.6 -49.9997 -28.7279 3.30131 0 0 0 1
0.522489 0.6 -49.9999 -39.364 4.24105 0 0 0 1
0.650795 0.6 -49.9999 -44.682 4.24105 0 0 0 1
0.712381 0.6 -50 -47.341 4.24105 0 0 0 1
0.741943 0.6 -50 -48.6705 4.24105 0 0 0 1
0.756133 0.6 -50 -49.3352 4.24105 0 0 0 1
0.857766 0.633333 -50 -49.6676 4.24105 0 0 0 1
0.91466 0.666667 -50 -49.8338 4.24105 0 0 0 1
0.903422 0.7 -50 -49.9169 4.24105 0 0 0 1
0.942053 0.7 -50 -11.8335 4.24105 0 0 0 1
0.911311 0.766667 -50 -30.9167 4.24105 0 0 0 1
0.837429 0.766667 -50 -40.4584 4.24105 0 0 0 1
0.669944 0.766667 -50 -17.4018 4.24105 0 0 0 1
0.428764 0.766667 -50 0.674099 4.24105 0 0 0 1
0.605807 0.766667 -22.2426 3.07142 4.24105 0 0 0 1
0.63263 0.766667 -36.1213 -23.4643 4.24105 0 0 0 1
0.779578 0.8 -43.0607 -8.16072 4.24105 0 0 0 1
0.774197 0.8 -46.5303 0.0863096 4.24105 0 0 0 1
0.862969 0.8 -48.2652 -24.9568 4.24105 0 0 0 1
0.690375 0.8 -49.1326 -1.1881 4.24105 0 0 0 1
0.44184 0.766667 -20.66 -1.51998 4.24105 0 0 0 1
0.76725 0.8 -35.33 -25.76 4.24105 0 0 0 1
0.76828 0.766667 -42.665 -37.88 4.24105 0 0 0 1
0.614624 0.766667 -36.9575 -18.2188 4.24105 0 0 0 1
0.393359 0.733333 -25.464 -10.9477 4.24105 0 0 0 1
0.25175 0.7 -32.1765 -4.08494 4.24105 0 0 0 1
0.16112 0.7 -14.2065 4.65831 4.24105 0 0 0 1
0.46187 0.666667 -32.1033 -22.6708 4.24105 0 0 0 1
0.369496 0.666667 -13.438 -7.63172 4.24105 0 0 0 1
0.746415 0.6 -31.719 -28.8159 4.24105 0 0 0 1
0.908709 0.6 -40.8595 -39.4079 4.24105 0 0 0 1
0.726967 0.533333 -17.3883 -20.4727 4.24105 0 0 0 1
0.679155 0.6 -33.6942 -35.2363 4.24105 0 0 0 1
0.725995 0.5 -41.8471 -42.6182 4.24105 0 0 0 1
0.748477 0.6 -45.9235 -46.3091 4.24105 0 0 0 1
0.598782 0.5 -47.9618 -28.8364 4.24105 0 0 0 1
0.38322 0.6 -21.8976 -16.6241 4.24105 0 0 0 1
0.245261 0.5 -12.5113 -5.99722 4.24105 0 0 0 1
0.49418 0.6 -31.2556 -27.9986 4.24105 0 0 0 1
0.696508 0.533333 -14.0149 -17.2251 4.24105 0 0 0 1
0.667459 0.6 -32.0075 -33.6126 4.24105 0 0 0 1
0.72038 0.533333 -41.0037 -41.8063 4.24105 0 0 0 1
0.899337 0.6 -45.5019 -45.9031 4.24105 0 0 0 1
0.71947 0.5 -47.7509 -14.1553 4.24105 0 0 0 1
0.745345 0.6 -25.0701 -0.487804 4.24105 0 0 0 1
0.854659 0.566667 -37.5351 -25.2439 4.24105 0 0 0 1
0.810237 0.6 -43.7675 -37.622 -2.80716 0 0 0 1
0.648189 0.566667 -12.7041 -18.811 -2.80716 0 0 0 1
0.648905 0.666667 -31.352 -34.4055 -2.80716 0 0 0 1
0.711474 0.566667 -40.676 -42.2027 -2.80716 0 0 0 1
0.741508 0.666667 -45.338 -46.1014 -2.80716 0 0 0 1
0.844905 0.6 -35.3643 -14.9241 -2.80716 0 0 0 1
0.540739 0.6 -21.7352 -1.90651 -2.80716 0 0 0 1
0.346073 0.6 -7.64179 -6.3104 -2.80716 0 0 0 1
0.221487 0.6 1.86459 -8.1552 -2.80716 0 0 0 1
0.506314 0.6 -7.38382 -5.21396 -2.80716 0 0 0 1
0.324041 0.566667 1.09412 -1.70736 -2.80716 0 0 0 1
0.207386 0.6 -3.20294 1.02132 -2.80716 0 0 0 1
0.132727 0.6 -26.6015 4.88566 -2.80716 0 0 0 1
0.678225 0.633333 -38.3007 -22.5572 -2.80716 0 0 0 1
0.54258 0.6 -44.1504 5.38808 -2.80716 0 0 0 1
0.796263 0.633333 -47.0752 -22.306 -2.80716 0 0 0 1
0.63701 0.666667 -48.5376 4.0814 -2.80716 0 0 0 1
0.407687 0.633333 -49.2688 2.48713 -2.80716 0 0 0 1
0.757414 0.733333 -49.6344 -23.7564 -2.80716 0 0 0 1
0.763559 0.7 -49.8172 -36.8782 -2.80716 0 0 0 1
0.610847 0.7 -21.486 -3.11653 -2.80716 0 0 0 1
0.634565 0.7 -35.743 -26.5583 -2.80716 0 0 0 1
0.868443 0.766667 -42.8715 -38.2791 -2.80716 0 0 0 1
0.694755 0.666667 -25.3382 -11.7322 -2.80716 0 0 0 1
0.666786 0.7 -37.6691 -30.8661 3.95427 0 0 0 1
0.720057 0.7 -43.8345 -40.433 3.95427 0 0 0 1
0.576046 0.633333 -23.1673 -14.9281 3.95427 0 0 0 1
0.621202 0.633333 -36.5836 -32.464 3.95427 0 0 0 1
0.863633 0.666667 -43.2918 -41.232 3.95427 0 0 0 1
0.690906 0.6 -30.5986 -20.2484 3.36342 0 0 0 1
0.44218 0.6 -17.1022 -2.91264 3.36342 0 0 0 1
0.569797 0.5 -33.5511 -26.4563 3.36342 0 0 0 1
0.455838 0.6 -18.0255 -6.74668 3.36342 0 0 0 1
0.575042 0.566667 -34.0128 -28.3733 3.36342 0 0 0 1
0.67602 0.633333 -42.0064 -39.1867 2.49073 0 0 0 1
0.883367 0.566667 -46.0032 -44.5933 2.49073 0 0 0 1
0.706694 0.633333 -20.7281 -20.9291 2.49073 0 0 0 1
0.452284 0.6 -15.1259 -11.0598 2.49073 0 0 0 1
0.289462 0.633333 -8.77265 -7.14279 2.49073 0 0 0 1
0.511153 0.633333 -29.3863 -28.5714 2.49073 0 0 0 1
0.408923 0.6 -20.6455 -18.4524 2.49073 0 0 0 1
0.557026 0.6 -35.3228 -34.2262 2.49073 0 0 0 1
0.445621 0.666667 -14.3077 -11.1131 2.49073 0 0 0 1
0.768339 0.633333 -32.1539 -30.5565 2.49073 0 0 0 1
0.861003 0.633333 -41.0769 -33.1023 2.49073 0 0 0 1
0.551042 0.6 -45.5385 -41.5512 2.49073 0 0 0 1
0.7987 0.633333 -47.7692 -45.7756 2.49073 0 0 0 1
0.87922 0.633333 -48.8846 -15.9948 2.49073 0 0 0 1
0.822026 0.666667 -49.4423 -3.72624 2.49073 0 0 0 1
0.794572 0.7 -49.7212 -26.8631 2.49073 0 0 0 1
0.508526 0.633333 -49.8606 -38.4316 2.49073 0 0 0 1
0.325457 0.666667 -49.9303 -44.2158 2.49073 0 0 0 1
0.208292 0.633333 -49.9651 -20.1193 -2.60741 0 0 0 1
0.479984 0.666667 -49.9826 -35.0596 -2.60741 0 0 0 0
0.687991 0.633333 -49.9913 -13.435 -3.88593 0 0 0 0
0.664188 0.666667 -49.9956 -31.7175 -3.88593 0 0 0 0
0.798513 0.6 -49.9978 -9.83196 -3.88593 0 0 0 0
0.511048 0.633333 -49.9989 -29.916 -0.708745 0 0 0 0
0.787182 0.633333 -49.9995 -39.958 -0.708745 0 0 0 0
0.629746 0.666667 -49.9997 -14.16 -0.708745 0 0 0 0
0.702278 0.666667 -49.9999 -32.08 -0.708745 0 0 0 0
0.449458 0.633333 -49.9999 -4.87929 -0.708745 0 0 0 0
0.61574 0.666667 -50 3.36392 -0.708745 0 0 0 0
0.695555 0.633333 -50 -23.318 -0.708745 0 0 0 0
0.445155 0.633333 -50 -27.6312 -0.708745 0 0 0 0
0.284899 0.533333 -38.9062 -9.41747 -0.708745 0 0 0 0
0.182336 0.6 -17.6674 -6.49445 -0.708745 0 0 0 0
0.116695 0.5 -6.96682 -2.24723 -0.708745 0 0 0 0
0.0746847 0.566667 -6.08758 -1.12361 -0.708745 0 0 0 0
0.428679 0.5 -28.0438 -25.5618 -0.708745 0 0 0 0
0.657207 0.566667 -39.0219 -37.7809 -0.708745 0 0 0 0
0.71546 0.533333 -44.5109 -43.8905 -0.708745 0 0 0 0
0.743421 0.6 -47.2555 -46.9452 -0.708745 0 0 0 0
0.756842 0.6 -48.6277 -48.4726 -0.708745 0 0 0 0
0.763284 0.666667 -49.3139 -19.8382 -0.708745 0 0 0 0
0.766376 0.7 -49.6569 11.6326 -0.708745 0 0 0 0
0.490481 0.7 -49.8285 -19.1837 -0.708745 0 0 0 0
0.781258 0.733333 -49.9142 -34.5918 -0.708745 0 0 0 0
0.775004 0.733333 -49.9571 -42.2959 -0.708745 0 0 0 0
0.620003 0.733333 -16.7841 -19.6202 -0.708745 0 0 0 0
0.638081 0.666667 -33.3921 -34.8101 -0.708745 0 0 0 0
0.510465 0.666667 -41.696 -9.8819 -0.708745 0 0 0 0
0.787014 0.6 -45.848 -29.9409 -0.708745 0 0 0 0
0.629611 0.666667 -25.424 -20.5955 -1.367 0 0 0 0
0.402951 0.6 -37.712 -12.9763 -1.367 0 0 0 0
0.554733 0.6 -43.856 -31.4882 -1.367 0 0 0 0
0.666272 0.566667 -46.928 -40.7441 -1.367 0 0 0 0
0.533018 0.633333 -5.78543 -19.8363 -1.367 0 0 0 0
0.655848 0.6 14.5705 -8.99224 -1.367 0 0 0 0
0.714807 0.566667 11.9995 -0.996118 -1.367 0 0 0 0
0.457477 0.633333 2.84043 -2.23417 -1.367 0 0 0 0
0.292785 0.6 -1.07978 -0.117085 -1.367 0 0 0 0
0.540537 0.633333 2.42063 3.44146 -1.367 0 0 0 0
0.659458 0.633333 7.39521 0.679062 -1.367 0 0 0 0
0.653232 0.633333 -21.3024 -24.6605 -1.367 0 0 0 0
0.791939 0.633333 -5.67434 -7.7006 -1.367 0 0 0 0
0.780131 0.6 1.32949 -0.484918 -1.367 0 0 0 0
0.499284 0.633333 5.38697 8.89216 -1.367 0 0 0 0
0.639656 0.6 -22.3065 4.16199 -1.367 0 0 0 0
0.707035 0.6 -36.1533 -22.919 -1.367 0 0 0 0
0.739377 0.6 -43.0766 -36.4595 -1.367 0 0 0 0
0.473201 0.6 -4.29805 -18.6464 -1.367 0 0 0 0
0.627137 0.6 -0.22595 -6.43859 -1.367 0 0 0 0
0.701026 0.633333 1.13702 -2.77287 -1.367 0 0 0 0
0.736492 0.6 -4.13737 1.97895 -1.367 0 0 0 0
0.471355 0.6 0.824835 -0.439096 -1.367 0 0 0 0
0.301667 0.6 0.650512 -2.12431 -1.367 0 0 0 0
0.193067 0.6 -4.76734 0.366416 -1.367 0 0 0 0
0.123563 0.566667 -19.9329 0.614242 -1.367 0 0 0 0
0.447448 0.6 -34.9665 -24.6929 -1.367 0 0 0 0
0.668469 0.6 -29.3076 -7.34644 -1.367 0 0 0 0
0.832519 0.6 -39.6538 -28.6732 -1.367 0 0 0 0
0.799609 0.633333 -44.8269 -39.3366 -1.367 0 0 0 0
0.879766 0.6 -29.0801 -21.2308 -1.367 0 0 0 0
0.56305 0.633333 -19.3195 -10.1007 -1.367 0 0 0 0
0.360352 0.6 -8.60931 -6.83606 -1.367 0 0 0 0
0.230625 0.633333 -8.87455 -5.50136 -1.367 0 0 0 0
0.5107 0.6 -5.58859 0.249318 -1.367 0 0 0 0
0.326848 0.633333 -6.88521 -5.23248 -1.367 0 0 0 0
0.52551 0.566667 -28.4426 -27.6162 -1.367 0 0 0 0
0.652245 0.6 -39.2213 -38.8081 -1.367 0 0 0 0
0.521796 0.566667 -20.62 -21.0034 -1.367 0 0 0 0
0.650462 0.633333 -10.6776 -11.7517 -1.367 0 0 0 0
0.416296 0.633333 -12.1403 -8.26557 -1.367 0 0 0 0
0.266429 0.666667 -22.1416 -6.31532 -1.4936 0 0 0 0
0.716732 0.7 -36.0708 -28.1577 -1.4936 0 0 0 0
0.573385 0.666667 -20.1783 -16.4827 -1.4936 0 0 0 0
0.366967 0.7 -16.9857 -9.96548 -1.4936 0 0 0 0
0.576144 0.633333 -11.9303 -5.90866 -1.4936 0 0 0 0
0.368732 0.666667 -15.6874 -3.88026 -1.4936 0 0 0 0
0.576991 0.666667 -16.0334 -3.66427 -1.4936 0 0 0 0
0.676956 0.6 -16.35 -4.33213 -1.4936 0 0 0 0
0.433252 0.6 -15.7837 -4.7396 -1.4936 0 0 0 0
0.277281 0.566667 -19.8919 -3.41146 -1.4936 0 0 0 0
0.533095 0.6 -34.9459 -0.779806 -1.4936 0 0 0 0
0.655886 0.566667 -42.473 -25.3899 -1.4936 0 0 0 0
0.714825 0.6 -46.2365 -3.98959 -1.4936 0 0 0 0
0.84587 0.6 -48.1182 -26.9948 -1.4936 0 0 0 0
0.907522 0.5 -49.0591 -10.1045 -1.4936 0 0 0 0
0.748488 0.6 -49.5296 -30.0523 -1.4936 0 0 0 0
0.849093 0.566667 -49.7648 -8.10649 -1.4936 0 0 0 0
0.726052 0.633333 -49.8824 -29.0532 -1.4936 0 0 0 0
0.835631 0.633333 -49.9412 -39.5266 -1.4936 0 0 0 0
0.720882 0.666667 -49.9706 -44.7633 -1.4936 0 0 0 1
0.832529 0.666667 -49.9853 -16.3472 -1.4936 0 0 0 1
0.719691 0.633333 -49.9926 -33.1736 -1.4936 0 0 0 1
0.575753 0.733333 -49.9963 -12.3254 -1.4936 0 0 0 1
0.368482 0.666667 -49.9982 1.17424 -1.4936 0 0 0 1
0.235828 0.7 -49.9991 3.23135 -1.4936 0 0 0 1
0.490558 0.633333 -49.9995 -23.3843 -1.4936 0 0 0 1
0.694335 0.633333 -49.9998 -2.89587 -1.4936 0 0 0 1
0.444374 0.7 -49.9999 -26.4479 -1.4936 0 0 0 1
0.6133 0.633333 -49.9999 -38.224 -1.4936 0 0 0 1
0.392512 0.633333 -50 -44.112 -1.4936 0 0 0 1
0.550725 0.633333 -50 -47.056 -1.4936 0 0 0 1
0.730435 0.6 -50 -48.528 -1.4936 0 0 0 1
0.467478 0.6 -50 -49.264 -1.4936 0 0 0 1
0.62439 0.6 -50 -49.632 -1.4936 0 0 0 1
0.399609 0.633333 -50 -6.10151 -1.4936 0 0 0 1
0.55345 0.6 -50 -28.0508 -1.4936 0 0 0 1
0.73207 0.633333 -50 -3.89607 -1.4936 0 0 0 1
0.751394 0.6 -50 -26.948 -1.4936 0 0 0 1
0.760669 0.633333 -50 -6.37175 -1.4936 0 0 0 1
0.765121 0.6 -50 13.2725 -1.4936 0 0 0 1
0.767258 0.633333 -50 19.1362 -1.4936 0 0 0 1
0.768284 0.633333 -50 11.742 -1.4936 0 0 0 1
0.768776 0.566667 -50 19.8889 -1.4936 0 0 0 1
0.769013 0.6 -50 25.4747 -1.4936 0 0 0 1
0.695301 0.633333 -50 -12.2626 -1.4936 0 0 0 1
0.817181 0.6 -50 -31.1313 -1.4936 0 0 0 1
0.792247 0.566667 -50 -30.1184 -1.4936 0 0 0 1
0.507038 0.633333 -50 -5.54835 0.00512257 0 0 0 1
0.324504 0.566667 -50 6.73669 -0.195902 0 0 0 1
0.207683 0.566667 -50 3.36835 -0.195902 0 0 0 1
0.52461 0.633333 -50 -23.3158 -0.195902 0 0 0 1
0.33575 0.566667 -50 -19.7829 -0.195902 0 0 0 1
0.56116 0.6 -50 -34.8915 -0.195902 0 0 0 1
0.669357 0.666667 -50 -42.4457 -0.195902 0 0 0 1
0.428388 0.633333 -50 -20.1382 -0.195902 0 0 0 1
0.605626 0.633333 -50 -8.08044 -0.195902 0 0 0 1
0.387601 0.7 -19.6705 -0.468791 -0.195902 0 0 0 1
0.548839 0.633333 -34.8353 -25.2344 -0.195902 0 0 0 1
0.439071 0.7 -8.98961 -16.5945 -0.195902 0 0 0 1
0.281005 0.633333 -0.432303 -5.51946 -0.195902 0 0 0 1
0.179843 0.633333 6.97135 -1.8338 -0.195902 0 0 0 1
0.1151 0.566667 8.66425 -2.61333 -0.195902 0 0 0 1
0.455248 0.6 8.57696 0.5808 -0.195902 0 0 0 1
0.771111 0.6 -20.7115 -24.7096 -0.195902 0 0 0 1
0.770133 0.5 -35.3558 -37.3548 -0.195902 0 0 0 1
0.769664 0.6 -42.6779 -43.6774 -0.195902 0 0 0 1
0.917079 0.6 -46.3389 -46.8387 -0.195902 0 0 0 1
0.840198 0.566667 -48.1695 -48.4194 -0.195902 0 0 0 1
0.672158 0.6 -25.424 -25.549 -0.195902 0 0 0 1
0.658109 0.6 -37.712 -37.7745 -0.195902 0 0 0 1
0.526487 0.633333 -16.9029 -21.8634 -0.195902 0 0 0 1
0.602171 0.566667 -33.4514 -35.9317 -0.195902 0 0 0 1
0.761303 0.633333 -28.5114 -15.823 -0.195902 0 0 0 1
0.487234 0.6 -25.5057 -14.0127 -0.556722 0 0 0 1
0.31183 0.533333 -15.1338 -10.6522 -0.556722 0 0 0 1
0.199571 0.6 -21.3409 -8.167 -0.445377 0 0 0 1
0.476635 0.566667 -35.6705 -29.0835 -0.445377 0 0 0 0
0.381308 0.566667 -12.4781 -19.3578 -0.445377 0 0 0 0
0.546422 0.6 -31.239 -34.6789 -0.445377 0 0 0 0
0.437138 0.6 -12.8851 -19.1252 -0.445377 0 0 0 0
0.279768 0.633333 -19.0863 -10.9994 -0.445377 0 0 0 0
0.179052 0.566667 -15.4025 -5.10905 -0.445377 0 0 0 0
0.114593 0.633333 0.450923 -5.67953 -0.445377 0 0 0 0
0.455005 0.566667 -4.46204 -5.97468 -0.445377 0 0 0 0
0.618402 0.666667 -17.8689 -2.47294 -0.445377 0 0 0 0
0.637466 0.633333 -33.9344 -26.2365 -0.445377 0 0 0 0
0.78248 0.633333 -18.1326 -14.5071 -0.445377 0 0 0 0
0.500787 0.6 -12.6847 -1.75356 -0.445377 0 0 0 0
0.640378 0.633333 -23.1527 -3.08266 -0.445377 0 0 0 0
0.707381 0.6 -15.9262 -0.579793 -0.445377 0 0 0 0
0.671634 0.566667 -32.9631 -25.2899 -0.445377 0 0 0 0
0.802981 0.633333 -31.6667 -16.2164 -0.445377 0 0 0 0
0.513908 0.566667 -19.4048 -9.17962 -0.445377 0 0 0 0
0.328901 0.6 -15.117 -4.78493 -0.445377 0 0 0 0
0.210497 0.6 -15.2078 -7.73184 -0.445377 0 0 0 0
0.134718 0.633333 -15.342 -10.4731 -0.445377 0 0 0 0
0.678799 0.6 -32.671 -30.2365 -0.445377 0 0 0 0
0.543039 0.666667 -6.81169 -17.4992 -0.445377 0 0 0 0
0.660659 0.666667 -9.88732 -9.44405 -0.445377 0 0 0 0
0.422822 0.666667 -7.13116 0.812456 -0.445377 0 0 0 0
0.270606 0.633333 -28.5656 -2.71877 -0.445377 0 0 0 0
0.173188 0.6 -7.654 -2.92189 -0.445377 0 0 0 0
0.11084 0.6 -28.827 -2.59731 -0.445377 0 0 0 0
0.0709377 0.6 -39.4135 -26.2987 -0.445377 0 0 0 0
0.0454001 0.6 -44.7068 -38.1493 -0.445377 0 0 0 0
0.421792 0.633333 -47.3534 -44.0747 -0.445377 0 0 0 0
0.269947 0.633333 -48.6767 -47.0373 -0.445377 0 0 0 0
0.529575 0.6 -49.3383 -48.5187 -0.445377 0 0 0 0
0.338928 0.7 -49.6692 -49.2593 -0.445377 0 0 0 1
0.562685 0.633333 -49.8346 -49.6297 -0.445377 0 0 0 1
0.360119 0.733333 -49.9173 -49.8148 -0.445377 0 0 0 1
0.230476 0.666667 -49.9586 -49.9074 -0.445377 0 0 0 1
0.510628 0.666667 -49.9793 -49.9537 -0.445377 0 0 0 1
0.787061 0.566667 -49.9897 -49.9769 -0.445377 0 0 0 1
0.777789 0.633333 -49.9948 -49.9884 -0.445377 0 0 0 1
0.622231 0.566667 -49.9974 -49.9942 -0.445377 0 0 0 1
0.698671 0.6 -49.9987 -49.9971 -0.445377 0 0 0 1
0.44715 0.533333 -49.9994 -49.9986 -0.445377 0 0 0 1
0.571705 0.566667 -49.9997 -49.9993 -0.445377 0 0 0 1
0.743023 0.5 -49.9998 -49.9996 -0.445377 0 0 0 1
0.756651 0.566667 -49.9999 -49.9998 -0.445377 0 0 0 1
0.484257 0.533333 -27.0375 -14.7321 -0.445377 0 0 0 1
0.779466 0.533333 -38.5188 -32.366 -0.445377 0 0 0 1
0.774144 0.6 -44.2594 -41.183 -0.445377 0 0 0 1
0.771589 0.533333 -47.1297 -45.5915 -0.445377 0 0 0 1
0.617271 0.6 -18.4867 -22.7958 -0.445377 0 0 0 1
0.395054 0.633333 -13.7888 -14.2388 -0.445377 0 0 0 1
0.589626 0.6 0.968496 -16.9408 -0.445377 0 0 0 1
0.37736 0.6 -15.3491 -10.9704 0.643698 0 0 0 1
0.544906 0.5 -32.6745 -30.4852 -1.68504 0 0 0 1
0.435925 0.6 -9.07921 -18.6517 -1.54803 0 0 0 1
0.278992 0.566667 -12.2777 -12.302 0.961573 0 0 0 1
0.533916 0.666667 -31.1388 -31.151 0.961573 0 0 0 0
0.605024 0.6 -40.5694 -40.5755 0.961573 0 0 0 0
0.763014 0.7 -45.2847 -45.2878 -1.43074 0 0 0 0
0.766247 0.666667 -47.6424 -47.6439 -0.544593 0 0 0 0
0.490398 0.666667 -48.8212 -20.3046 0.164326 0 0 0 0
0.313855 0.7 -26.9497 -8.19572 -0.46854 0 0 0 0
0.200867 0.666667 -22.2248 2.77714 -0.46854 0 0 0 0
0.128555 0.666667 -7.48338 2.01357 1.82517 0 0 0 0
0.461706 0.633333 -28.7417 5.26815 1.82517 0 0 0 0
0.621619 0.666667 -6.98448 11.8732 1.82517 0 0 0 0
0.698377 0.666667 -28.4922 16.8062 1.82517 0 0 0 0
0.735221 0.7 -39.2461 12.9485 1.82517 0 0 0 0
0.752906 0.6 -44.6231 10.8221 1.82517 0 0 0 0
0.761395 0.7 -47.3115 16.2806 -1.73987 0 0 0 0
0.76547 0.6 -48.6558 -16.8597 -1.39189 0 0 0 0
0.860455 0.6 -49.3279 -33.4298 -0.913514 0 0 0 0
0.916273 0.666667 -49.6639 -16.7149 0.869189 0 0 0 0
0.586415 0.6 -49.832 -33.3575 0.695351 0 0 0 0
0.375305 0.6 -17.8196 -7.98308 -1.24372 0 0 0 0
0.240196 0.566667 -1.63709 -3.99154 1.40502 0 0 0 0
0.153725 0.6 17.5148 1.75423 -1.27598 0 0 0 1
0.0983841 0.666667 14.4026 3.37712 -1.27598 0 0 0 1
0.0629658 0.666667 11.752 3.56356 -1.27598 0 0 0 1
0.0402981 0.633333 10.233 8.95885 -1.27598 0 0 0 1
0.415474 0.7 -19.8835 -20.5206 -1.27598 0 0 0 1
0.33238 0.666667 -3.30114 -7.2841 -1.27598 0 0 0 1
0.212723 0.7 -16.6089 -6.91586 -1.27598 0 0 0 1
0.136143 0.7 -11.7252 -3.0457 -1.27598 0 0 0 1
0.0871313 0.6 -11.8013 -4.88542 -1.27598 0 0 0 1
0.055764 0.633333 -13.0435 -4.31771 -1.27598 0 0 0 1
0.035689 0.633333 -14.8551 -4.53981 0.579216 0 0 0 1
0.417131 0.6 -14.5704 -6.0199 0.579216 0 0 0 1
0.600223 0.6 -3.98116 -7.47824 0.579216 0 0 0 1
0.384143 0.633333 -12.4759 -8.50102 0.579216 0 0 0 1
0.245851 0.6 -15.7618 -10.2029 1.06337 0 0 0 1
0.157345 0.533333 -14.9642 -5.93478 0.650698 0 0 0 1
0.100701 0.633333 -14.9821 -6.09239 -0.0794415 0 0 0 1
0.0644484 0.566667 11.0573 -3.61438 -1.66355 0 0 0 1
0.041247 0.6 26.9803 -4.04808 -1.66355 0 0 0 1
0.415839 0.633333 -11.5099 -27.024 -1.66355 0 0 0 0
0.332671 0.666667 -13.2549 -16.637 0.669157 0 0 0 0
0.212909 0.6 -2.25247 -13.3185 1.33533 0 0 0 0
0.481757 0.666667 -26.1262 -31.6593 1.06826 0 0 0 0
0.385406 0.6 -4.13454 -16.4249 -1.14539 0 0 0 0
0.584995 0.666667 -5.98956 -10.891 1.28369 0 0 0 0
