898 8 2
0.847957 0.633333 -25.6595 -25.0732 -7.52531 0 0 0 0 0
0.908774 0.6 -21.0335 -17.3443 16.7899 0 0 0 0 0
0.748969 0.6 -35.5168 -33.6722 7.31595 0 0 0 0 0
0.849382 0.6 -7.53289 -20.2655 -30.0736 0 0 0 0 0
0.807703 0.6 -12.6079 -12.4476 -5.42945 0 0 0 0 0
0.787697 0.533333 6.30418 -7.26544 23.0282 0 0 0 0 0
0.866857 0.633333 -21.8479 -28.6327 -9.98871 0 0 0 0 0
0.816091 0.533333 -35.924 -39.3164 16.4045 0 0 0 0 0
0.889655 0.566667 -23.7188 -22.8989 6.56181 0 0 0 0 0
0.741627 0.533333 -36.8594 -36.4495 8.62472 0 0 0 0 0
0.906986 0.566667 -43.4297 -43.2247 -3.75011 0 0 0 0 0
0.966515 0.533333 -46.7149 -46.6124 -5.10004 0 0 0 0 0
0.987945 0.6 -48.3574 -48.3062 3.35998 0 0 0 0 0
0.874214 0.533333 -49.1787 -49.1531 0.143993 0 0 0 0 0
0.924528 0.566667 -38.5775 -28.5685 4.8576 0 0 0 0 0
0.591698 0.533333 -31.4296 -18.586 -1.05696 0 0 0 0 0
0.627212 0.566667 -40.7148 -34.293 -8.82278 0 0 0 0 0
0.865796 0.6 -45.3574 -42.1465 3.67089 0 0 0 0 0
0.919478 0.566667 -47.6787 -46.0733 -3.93165 0 0 0 0 0
0.841349 0.566667 -48.8394 -35.5366 3.22734 0 0 0 0 0
0.803848 0.533333 -49.4197 -17.7683 3.22734 0 0 0 0 0
0.785847 0.566667 -49.7098 -33.8842 3.09094 0 0 0 0 0
0.871508 0.5 -49.8549 -16.9421 3.09094 0 0 0 0 0
0.871508 0.566667 -26.1775 -8.47104 3.09094 0 0 0 0 0
0.818324 0.533333 -38.0887 -4.23552 3.09094 0 0 0 0 0
0.654659 0.566667 -44.0444 -2.11776 3.09094 0 0 0 0 0
0.523727 0.566667 -47.0222 -1.05888 3.09094 0 0 0 0 0
0.714236 0.533333 -48.5111 -0.52944 3.09094 0 0 0 0 0
0.714236 0.566667 -19.2555 2.23528 3.09094 0 0 0 1 0
0.571389 0.5 -9.62777 1.11764 3.09094 0 0 0 1 0
0.571389 0.6 -4.81389 0.55882 3.09094 0 0 0 1 0
0.571389 0.6 -2.40694 0.27941 3.09094 0 0 0 1 0
0.571389 0.6 -1.20347 0.139705 3.09094 0 0 0 1 0
0.571389 0.6 18.0087 0.0698525 3.09094 0 0 0 1 0
0.457111 0.5 9.00434 0.0349263 3.09094 0 0 0 1 0
0.457111 0.6 4.50217 0.0174631 3.09094 0 0 0 1 0
0.457111 0.533333 2.25109 0.00873156 3.09094 0 0 0 1 0
0.457111 0.6 17.5839 0.00436578 3.09094 0 0 0 1 0
0.365689 0.533333 8.79194 0.00218289 3.09094 0 0 0 1 0
0.365689 0.566667 -20.604 0.00109145 3.09094 0 0 0 1 0
0.575531 0.533333 -35.302 0.000545723 3.09094 0 0 0 1 0
0.460425 0.5 -42.651 0.000272861 3.09094 0 0 0 1 0
0.676255 0.566667 -46.3255 0.000136431 3.09094 0 0 0 1 0
0.541004 0.5 -48.1628 6.82153e-005 3.09094 0 0 0 1 0
0.724602 0.566667 -49.0814 3.41077e-005 3.09094 0 0 0 1 0
0.724602 0.5 -34.9574 1.70538e-005 3.09094 0 0 0 1 0
0.678247 0.566667 -42.4787 -25 0.636375 0 0 0 1 0
0.678247 0.533333 -21.2393 -12.5 0.636375 0 0 0 1 0
0.542598 0.566667 -35.6197 -6.25 0.636375 0 0 0 1 0
0.725559 0.533333 -42.8098 -3.125 0.636375 0 0 0 1 0
0.835335 0.566667 -5.76794 -8.03571 -3.94545 0 0 0 1 0
0.800961 0.566667 -27.884 -4.01786 -3.94545 0 0 0 1 0
0.800961 0.566667 -13.942 -2.00893 -3.94545 0 0 0 1 0
0.880577 0.6 -31.971 -1.00446 -3.94545 0 0 0 1 0
0.928346 0.6 -40.9855 -7.82982 -5.17818 0 0 0 1 0
0.742677 0.566667 -20.4927 -3.91491 -5.17818 0 0 0 1 0
0.845606 0.6 -18.5797 -4.63603 6.32873 0 0 0 1 0
0.676485 0.633333 -9.28985 -2.31801 6.32873 0 0 0 1 0
0.541188 0.6 -29.6449 -4.06079 25.3315 0 0 0 1 0
0.34636 0.666667 -39.8225 -27.0304 -24.0674 0 0 0 1 0
0.566253 0.566667 -44.9112 -13.5152 -24.0674 0 0 0 1 0
0.453002 0.6 -47.4556 -19.2576 -4.82696 0 0 0 1 0
0.617441 0.5 -48.7278 -21.4709 1.06922 0 0 0 1 0
0.395162 0.6 -49.3639 -35.7355 41.8277 0 0 0 1 0
0.252904 0.533333 -5.26529 -22.3549 -53.4689 0 0 0 1 0
0.161858 0.566667 4.86736 -16.6396 18.8124 0 0 0 1 0
0.103589 0.566667 -12.5663 -10.8198 -33.275 0 0 0 1 0
0.0662972 0.6 12.613 -5.11751 8.88999 0 0 0 1 0
0.425458 0.566667 -18.6935 -27.5588 -11.444 0 0 0 1 0
0.340367 0.566667 -23.8354 -16.2794 -5.7776 0 0 0 1 0
0.738026 0.566667 -36.9177 -33.1397 24.689 0 0 0 1 0
0.842815 0.533333 -22.4709 -19.5552 -15.3244 0 0 0 1 0
0.804551 0.633333 -22.1001 -13.0671 -8.52977 0 0 0 1 0
0.871711 0.533333 -36.05 -31.5335 -2.21191 0 0 0 1 0
0.923026 0.6 -24.021 -19.5168 -1.48476 0 0 0 1 0
0.754442 0.633333 -37.0105 -34.7584 25.8061 0 0 0 1 0
0.852665 0.6 -24.1302 -21.0829 8.52244 0 0 0 1 0
0.809279 0.6 -8.15999 -15.3455 5.80898 0 0 0 1 0
0.788454 0.6 -8.06936 -12.1082 -0.0764099 0 0 0 1 0
0.778458 0.6 0.965321 -10.8335 -0.030564 0 0 0 1 0
0.498213 0.533333 -14.934 -5.41676 1.18777 0 0 0 1 0
0.639142 0.566667 -32.467 -10.5987 -19.9249 0 0 0 1 0
0.409051 0.533333 -41.2335 -9.65201 11.23 0 0 0 1 0
0.261793 0.566667 -45.6168 -4.51736 4.49202 0 0 0 1 0
0.167547 0.533333 -47.8084 -1.09797 -10.8032 0 0 0 1 0
0.480423 0.566667 -48.9042 -1.68535 -21.7213 0 0 0 1 0
0.630603 0.5 -30.4777 -0.842673 -21.7213 0 0 0 1 0
0.504482 0.6 -40.2389 -0.421337 -21.7213 0 0 0 1 0
0.403586 0.566667 -17.6573 0.641605 -21.7213 0 0 0 1 0
0.322869 0.566667 -8.51616 0.968951 -21.7213 0 0 0 1 0
0.258295 0.6 -29.2581 0.484476 -21.7213 0 0 0 1 0
0.258295 0.533333 -14.629 0.242238 -21.7213 0 0 0 1 0
0.206636 0.6 -32.3145 -2.48305 20.1115 0 0 0 1 0
0.165309 0.533333 -16.1573 -1.24152 20.1115 0 0 0 1 0
0.499185 0.6 -33.0786 4.37924 -6.9554 0 0 0 1 0
0.399348 0.566667 -16.5393 2.18962 -6.9554 0 0 0 1 0
0.399348 0.6 -8.26966 1.09481 -6.9554 0 0 0 1 0
0.399348 0.6 -4.13483 0.547405 -6.9554 0 0 0 1 0
0.399348 0.566667 -27.0674 0.273702 -6.9554 0 0 0 1 0
0.319479 0.6 -13.5337 0.136851 -6.9554 0 0 0 1 0
0.319479 0.533333 -6.76685 0.0684256 -6.9554 0 0 0 1 0
0.591687 0.6 -28.3834 0.0342128 -6.9554 0 0 0 1 0
0.755012 0.566667 -39.1917 1.91928 15.2178 0 0 0 1 0
0.483208 0.633333 -44.5959 0.95964 15.2178 0 0 0 1 0
0.689925 0.566667 -26.0182 0.47982 15.2178 0 0 0 1 0
0.55194 0.533333 -38.0091 0.23991 15.2178 0 0 0 1 0
0.441552 0.566667 -35.2545 -6.13004 -3.51286 0 0 0 1 0
0.569556 0.533333 -42.6273 -28.065 -3.20515 0 0 0 1 0
0.455645 0.533333 -39.9034 -17.9388 5.91794 0 0 0 1 0
0.291613 0.533333 -15.6375 -8.96938 5.91794 0 0 0 1 0
0.539974 0.533333 -32.8187 -29.4847 2.96718 0 0 0 1 0
0.431979 0.5 2.34063 -13.4923 -28.8131 0 0 0 1 0
0.276467 0.566667 -6.71092 -10.6666 1.07475 0 0 0 1 0
0.176939 0.533333 2.94084 -7.21633 -9.1701 0 0 0 1 0
0.113241 0.566667 -16.8629 -2.98316 22.132 0 0 0 1 0
0.454356 0.6 7.63997 2.88342 -16.9472 0 0 0 1 0
0.290788 0.533333 -21.18 -1.84776 15.4211 0 0 0 1 0
0.186104 0.6 -25.1733 -1.25283 -16.0316 0 0 0 1 0
0.119107 0.533333 -1.69903 -4.7152 19.3874 0 0 0 1 0
0.0762282 0.6 11.6213 1.3924 -18.045 0 0 0 1 0
0.0487861 0.5 -5.64769 -1.38713 -12.018 0 0 0 1 0
0.0312231 0.6 9.35564 1.28731 20.3928 0 0 0 1 0
0.41199 0.5 -20.3222 -24.3563 11.1571 0 0 0 1 0
0.329592 0.6 -17.8698 -8.981 -20.7372 0 0 0 1 0
0.210939 0.5 6.52334 -5.35303 -10.0949 0 0 0 0 0
0.481 0.6 -21.7383 -27.6765 -1.63794 0 0 0 0 0
0.3848 0.5 5.3249 -15.8099 -1.25518 0 0 0 0 0
0.584704 0.6 17.7327 -0.404951 1.29793 0 0 0 0 0
0.374211 0.5 14.4585 -0.202476 26.9192 0 0 0 0 0
0.239495 0.6 10.1459 -1.79767 11.3677 0 0 0 0 0
0.153277 0.5 18.1682 -4.02383 -16.4529 0 0 0 0 0
0.458858 0.6 -15.9159 -27.0119 13.2188 0 0 0 0 0
0.675315 0.533333 -21.708 -20.9134 4.68753 0 0 0 0 0
0.724151 0.6 -35.854 -35.4567 5.47501 0 0 0 0 0
0.747593 0.566667 -42.927 -20.2581 -29.01 0 0 0 0 0
0.478459 0.566667 -46.4635 -10.1291 -29.01 0 0 0 0 0
0.478459 0.6 -6.74468 -5.06453 -29.01 0 0 0 1 0
0.306214 0.533333 7.34195 -11.9073 -9.804 0 0 0 1 0
0.244971 0.6 3.67097 -5.95363 -9.804 0 0 0 1 0
0.244971 0.533333 1.83549 -2.97682 -9.804 0 0 0 1 0
0.244971 0.566667 10.6116 -1.48841 -9.804 0 0 0 1 0
0.156782 0.533333 21.3772 -0.744204 -9.804 0 0 0 1 0
0.156782 0.566667 10.6886 -0.372102 -9.804 0 0 0 1 0
0.156782 0.6 19.0943 -0.186051 -9.804 0 0 0 1 0
0.125425 0.566667 9.54715 -0.0930255 -9.804 0 0 0 1 0
0.475255 0.566667 16.8425 -3.46913 26.6784 0 0 0 1 0
0.304163 0.6 16.2974 9.51543 4.67136 0 0 0 1 0
0.194665 0.566667 -16.8513 -9.82562 -24.5315 0 0 0 1 0
0.124585 0.533333 -13.4852 -4.91281 -24.5315 0 0 0 1 0
0.124585 0.6 -6.74258 -2.4564 -24.5315 0 0 0 1 0
0.0996682 0.533333 -28.3713 -8.2282 12.3874 0 0 0 1 0
0.0797346 0.566667 -14.1856 -4.1141 12.3874 0 0 0 1 0
0.447841 0.533333 -32.0928 -2.05705 12.3874 0 0 0 1 0
0.668704 0.566667 -38.7027 -4.15353 10.955 0 0 0 1 0
0.427971 0.533333 -44.3513 -14.5768 1.38199 0 0 0 1 0
0.273901 0.6 -47.1757 -7.28838 1.38199 0 0 0 1 0
0.564341 0.5 -33.1116 -3.64419 1.38199 0 0 0 1 0
0.738604 0.6 -37.2589 -5.98876 2.95279 0 0 0 1 0
0.472707 0.533333 -2.18602 -3.49661 -6.01888 0 0 0 1 0
0.302532 0.566667 -26.093 -1.74831 -6.01888 0 0 0 1 0
0.242026 0.566667 -38.0465 -11.6696 -16.2076 0 0 0 1 0
0.516172 0.566667 -5.38007 -10.759 16.917 0 0 0 1 0
0.788658 0.566667 -27.69 -30.3795 -21.4332 0 0 0 1 0
0.630926 0.566667 -30.095 -19.2339 -1.97328 0 0 0 1 0
0.403793 0.6 -29.2142 -13.5455 -7.38931 0 0 0 1 0
0.258427 0.5 -39.6071 -8.71969 -4.15573 0 0 0 1 0
0.165393 0.6 -44.8035 -8.86435 3.73771 0 0 0 1 0
0.687633 0.566667 -47.4018 -29.4322 -5.10492 0 0 0 1 0
0.550107 0.6 -14.5342 -10.9661 0.958034 0 0 0 1 0
0.352068 0.566667 0.23289 -2.98304 26.1832 0 0 0 1 0
0.225324 0.666667 16.4938 2.09644 26.1832 0 0 0 1 0
0.180259 0.566667 -6.75312 0.621799 -15.3267 0 0 0 1 0
0.115366 0.633333 -19.0742 -1.72398 20.2693 0 0 0 1 0
0.0738341 0.666667 2.32186 -1.99836 4.50773 0 0 0 0 0
0.428352 0.6 -23.8391 -25.9992 3.60309 0 0 0 0 0
0.342682 0.6 -0.0774304 -13.6575 2.04124 0 0 0 0 0
0.53159 0.633333 -25.0387 -31.8287 2.61649 0 0 0 0 0
0.655163 0.6 -37.5194 -40.9144 -29.5534 0 0 0 0 0
0.793098 0.566667 -15.8745 -23.6063 1.97864 0 0 0 0 0
0.868412 0.666667 -32.9372 -36.8032 18.1915 0 0 0 0 0
0.952628 0.633333 -41.4686 -43.4016 3.67658 0 0 0 0 0
0.971577 0.633333 -16.93 -21.8851 6.27063 0 0 0 0 0
0.621809 0.633333 -5.90088 -12.8656 3.70825 0 0 0 0 0
0.698468 0.633333 12.408 -16.0161 0.283301 0 0 0 0 0
0.558775 0.6 6.204 -8.00807 0.283301 0 0 0 0 0
0.558775 0.533333 3.102 -4.00403 0.283301 0 0 0 0 0
0.44702 0.6 1.01908 -2.00202 0.283301 0 0 0 0 0
0.44702 0.6 0.509542 -1.00101 0.283301 0 0 0 0 0
0.44702 0.633333 0.254771 -0.500504 0.283301 0 0 0 0 0
0.44702 0.7 7.62739 4.12475 0.283301 0 0 0 0 0
0.357616 0.6 3.81369 2.06237 0.283301 0 0 0 0 0
0.357616 0.666667 1.90685 1.03119 0.283301 0 0 0 0 0
0.357616 0.566667 8.71204 0.515593 0.283301 0 0 0 0 0
0.286093 0.666667 19.7145 0.257797 0.283301 0 0 0 0 0
0.228874 0.666667 21.5239 0.128898 0.283301 0 0 0 0 0
0.183099 0.7 10.7619 0.0644492 0.283301 0 0 0 0 0
0.183099 0.6 20.0361 0.0322246 0.283301 0 0 0 1 0
0.146479 0.6 10.0181 0.0161123 0.283301 0 0 0 1 0
0.117184 0.666667 -7.49096 -11.2419 -27.4867 0 0 0 1 0
0.0937469 0.6 -28.7455 -5.62097 -27.4867 0 0 0 1 0
0.0749975 0.666667 -2.9597 -2.81049 -27.4867 0 0 0 1 0
0.059998 0.6 -26.4798 -1.40524 -27.4867 0 0 0 1 0
0.0479984 0.6 -2.82326 -0.702621 -27.4867 0 0 0 1 0
0.0383987 0.533333 12.8125 -0.351311 -27.4867 0 0 0 1 0
0.030719 0.6 22.6081 -0.175655 -27.4867 0 0 0 1 0
0.414745 0.566667 -13.696 -13.2457 19.6053 0 0 0 1 0
0.599078 0.633333 -31.848 -31.6229 -3.55787 0 0 0 1 0
0.38341 0.6 -13.7898 -19.9781 2.17685 0 0 0 1 0
0.547229 0.7 -31.8949 -34.989 -25.5293 0 0 0 1 0
0.437783 0.6 -40.9475 -17.4945 -25.5293 0 0 0 1 0
0.610136 0.633333 -45.4737 -33.7473 19.1883 0 0 0 1 0
0.692865 0.6 -47.7369 -41.8736 -5.52468 0 0 0 1 0
0.889432 0.633333 -48.8684 -45.9368 7.39013 0 0 0 1 0
0.933659 0.533333 -30.4288 -26.0101 -4.24395 0 0 0 1 0
0.848156 0.6 -20.3197 -14.8449 5.50242 0 0 0 1 0
0.884269 0.566667 -35.1598 -32.4224 4.00097 0 0 0 1 0
0.930561 0.6 -15.1409 -17.8138 -17.5996 0 0 0 1 0
0.846669 0.6 3.45897 -7.17078 30.1602 0 0 0 1 0
0.883841 0.6 -23.2705 -28.5854 -8.93594 0 0 0 1 0
0.930304 0.6 -25.8794 -16.6576 -0.574375 0 0 0 1 0
0.846546 0.566667 -25.9953 -10.6436 0.37025 0 0 0 1 0
0.883805 0.6 -37.9976 -30.3218 -0.4519 0 0 0 1 0
0.824227 0.533333 -43.9988 -40.1609 4.61924 0 0 0 0 0
0.936722 0.566667 -46.9994 -45.0804 -1.7523 0 0 0 0 0
0.97722 0.533333 -48.4997 -47.5402 4.09908 0 0 0 0 0
0.869066 0.533333 -49.2499 -48.7701 -21.1604 0 0 0 0 0
0.921439 0.533333 -40.132 -23.6708 25.7359 0 0 0 0 0
0.753833 0.533333 -45.066 -36.8354 -2.30566 0 0 0 0 0
0.76184 0.6 -47.533 -43.4177 -0.922264 0 0 0 0 0
0.914262 0.6 -48.7665 -46.7088 0.831095 0 0 0 0 0
0.73141 0.6 -11.5696 -23.8009 -5.06756 0 0 0 0 0
0.751077 0.566667 -14.9515 -11.0148 2.77298 0 0 0 0 0
0.480689 0.633333 -4.48429 -4.14991 0.50919 0 0 0 0 0
0.630731 0.6 -15.5944 -5.82496 -17.7963 0 0 0 0 0
0.821651 0.6 -32.7972 -27.9125 3.68147 0 0 0 0 0
0.935794 0.6 -41.3986 -38.9562 4.47259 0 0 0 0 0
0.961477 0.633333 -10.4952 -21.4518 -25.811 0 0 0 0 0
0.615345 0.533333 -5.7157 -10.6945 23.8756 0 0 0 0 0
0.393821 0.6 1.37009 -0.455959 -24.0498 0 0 0 0 0
0.589034 0.6 -24.315 -0.227979 -24.0498 0 0 0 0 0
0.589034 0.6 -12.1575 -0.11399 -24.0498 0 0 0 0 0
0.471227 0.6 0.538908 2.11692 36.5801 0 0 0 0 0
0.626189 0.566667 -11.1194 -0.793393 -9.96796 0 0 0 0 0
0.500951 0.6 -8.00537 -0.396696 -9.96796 0 0 0 0 0
0.320609 0.5 -16.212 -5.6419 -4.58718 0 0 0 0 0
0.553892 0.6 -5.85797 -6.42554 -6.63487 0 0 0 0 0
0.443114 0.5 -5.2249 -3.21277 -6.63487 0 0 0 0 0
0.612695 0.6 -13.7827 -0.2671 11.1461 0 0 0 0 0
0.694093 0.533333 0.846763 -2.69765 -12.9416 0 0 0 0 0
0.733165 0.566667 6.30573 0.00986943 20.0234 0 0 0 0 0
0.751919 0.566667 8.63232 4.34167 -3.99065 0 0 0 0 0
0.760921 0.533333 11.6078 0.481646 3.20374 0 0 0 0 0
0.765242 0.566667 11.8803 5.18874 2.4815 0 0 0 0 0
0.767316 0.6 12.374 9.38785 2.1926 0 0 0 0 0
0.768312 0.533333 12.0693 12.8461 3.27704 0 0 0 0 0
0.861274 0.6 -18.9653 -18.577 4.91082 0 0 0 0 0
0.950059 0.6 -34.4827 -34.2885 3.16433 0 0 0 0 0
0.970035 0.666667 -12.4619 -13.3399 3.06573 0 0 0 0 0
0.620822 0.666667 -1.03616 -3.48367 4.22629 0 0 0 0 0
0.397326 0.666667 4.44516 5.86686 2.89052 0 0 0 0 0
0.590717 0.666667 7.14682 8.55843 2.35621 0 0 0 0 0
0.810126 0.6 -21.4266 -20.7208 -0.257517 0 0 0 0 0
0.931645 0.666667 -35.7133 -35.3604 -0.103007 0 0 0 0 0
0.958987 0.566667 -12.743 -17.958 1.1588 0 0 0 0 0
0.860314 0.6 -1.60177 -7.97899 -0.136481 0 0 0 1 0
0.812951 0.5 4.23643 1.28828 -0.0545924 0 0 0 1 0
0.520288 0.6 7.4491 7.43762 -0.021837 0 0 0 1 0
0.649738 0.5 12.7671 2.75727 0.591265 0 0 0 1 0
0.711874 0.6 10.9791 8.17211 -2.16349 0 0 0 1 0
0.4556 0.6 10.0852 10.8795 -2.0654 0 0 0 1 0
0.771213 0.7 -19.9574 -19.5602 -0.226159 0 0 0 1 0
0.862728 0.633333 -4.09636 -11.954 -3.09046 0 0 0 1 0
0.552146 0.733333 2.91506 -3.25962 -4.83619 0 0 0 1 0
0.612024 0.733333 -23.5425 -26.6298 -3.73447 0 0 0 1 0
0.767214 0.7 -12.4123 -14.4947 -4.49379 0 0 0 1 0
0.860958 0.733333 -31.2061 -32.2473 -4.19752 0 0 0 1 0
0.916575 0.666667 -24.6423 -12.8073 -6.47901 0 0 0 1 0
0.586608 0.666667 -5.48152 -8.04841 -7.3916 0 0 0 1 0
0.375429 0.566667 -8.59182 1.88489 -10.1566 0 0 0 1 0
0.580206 0.633333 -0.309426 -3.44945 20.5373 0 0 0 1 0
0.580206 0.533333 -0.154713 -1.72472 20.5373 0 0 0 1 0
0.371332 0.6 -5.56516 -5.32665 4.01494 0 0 0 1 0
0.578239 0.533333 0.84131 -6.50948 4.60598 0 0 0 1 0
0.677555 0.6 4.58732 -7.76863 4.24239 0 0 0 1 0
0.725226 0.566667 8.11558 -3.88431 -36.703 0 0 0 1 0
0.848865 0.6 -20.9422 -26.9422 -17.0812 0 0 0 1 0
0.679092 0.6 -2.5346 -9.60203 -8.03249 0 0 0 1 0
0.543274 0.6 -1.2673 -4.80102 -8.03249 0 0 0 1 0
0.543274 0.6 -0.63365 -2.40051 -8.03249 0 0 0 1 0
0.725964 0.6 1.44473 -4.53359 4.587 0 0 0 1 0
0.748463 0.566667 6.02734 -5.24409 40.2348 0 0 0 1 0
0.759262 0.6 -1.98633 -6.65079 -26.5061 0 0 0 1 0
0.858667 0.6 -25.9932 -28.3254 -2.80243 0 0 0 1 0
0.858667 0.6 -12.9966 -14.1627 -2.80243 0 0 0 1 0
0.81216 0.6 -31.4983 -32.0813 -12.521 0 0 0 1 0
0.649728 0.633333 -14.2081 -19.2802 3.39161 0 0 0 1 0
0.649728 0.633333 -7.10405 -9.64008 3.39161 0 0 0 1 0
0.71187 0.633333 7.65487 -10.6236 32.5566 0 0 0 1 0
0.71187 0.666667 3.82744 -5.31181 32.5566 0 0 0 1 0
0.741697 0.666667 -1.74482 -5.43368 -19.3773 0 0 0 1 0
0.756015 0.666667 6.30844 1.67505 -12.5509 0 0 0 1 0
0.756015 0.666667 3.15422 0.837526 -12.5509 0 0 0 1 0
0.756015 0.666667 1.57711 0.418763 -12.5509 0 0 0 1 0
0.756015 0.733333 0.788555 0.209381 -12.5509 0 0 0 0 0
0.756015 0.733333 0.394278 0.104691 -12.5509 0 0 0 0 0
0.483849 0.8 4.69926 -1.58343 24.9796 0 0 0 0 0
0.483849 0.7 2.34963 -0.791717 24.9796 0 0 0 0 0
0.309664 0.7 10.6576 -1.25793 16.5919 0 0 0 0 0
0.198185 0.7 13.1413 -1.98032 -22.1633 0 0 0 0 0
0.495129 0.7 13.4855 -2.27221 -6.4653 0 0 0 0 0
0.637662 0.633333 13.774 -1.77713 -5.58612 0 0 0 0 0
0.706078 0.633333 13.4087 -0.559618 4.96555 0 0 0 0 0
0.738917 0.6 16.2438 -0.444283 1.98622 0 0 0 0 0
0.75468 0.7 15.86 -2.365 4.99449 0 0 0 0 0
0.762247 0.6 14.7008 0.420065 -1.0022 0 0 0 0 0
0.765878 0.666667 14.2653 -0.831634 -5.80088 0 0 0 0 0
0.767622 0.6 14.4243 -2.49915 -2.32035 0 0 0 0 0
0.768458 0.666667 11.8078 3.09825 3.87186 0 0 0 0 0
0.861316 0.666667 -19.0961 -23.4509 -0.251256 0 0 0 0 0
0.91679 0.6 -2.10125 -14.156 0.499497 0 0 0 0 0
0.840059 0.6 6.76187 -9.16133 0.199799 0 0 0 0 0
0.537638 0.7 10.6726 -7.62121 0.0799196 0 0 0 0 0
0.658066 0.7 12.8884 -5.45534 0.0319678 0 0 0 0 0
0.715872 0.766667 13.4754 -2.72767 -0.587213 0 0 0 0 0
0.458158 0.766667 11.1495 3.79921 31.5651 0 0 0 0 0
0.293221 0.766667 11.8247 -1.06092 -13.174 0 0 0 0 0
0.293221 0.833333 5.91237 -0.530461 -13.174 0 0 0 0 0
0.293221 0.866667 2.95619 -0.265231 -13.174 0 0 0 0 0
0.293221 0.866667 1.47809 -0.132615 -13.174 0 0 0 0 0
0.293221 0.866667 0.739046 -0.0663076 -13.174 0 0 0 1 0
0.293221 0.9 0.369523 -0.0331538 -13.174 0 0 0 1 0
0.293221 0.9 0.184762 -0.0165769 -13.174 0 0 0 1 0
0.512597 0.9 -24.9076 -25.0083 19.3304 0 0 0 1 0
0.410078 0.866667 -6.9593 -14.7019 11.9322 0 0 0 1 0
0.26245 0.866667 -6.60465 -8.38707 8.37287 0 0 0 1 0
0.715585 0.766667 -28.3023 -29.1935 4.54915 0 0 0 1 0
0.743481 0.766667 -39.1512 -39.5968 3.61966 0 0 0 1 0
0.594785 0.766667 -15.5171 -13.9726 1.44786 0 0 0 1 0
0.380662 0.733333 -12.5458 -6.17315 0.579145 0 0 0 1 0
0.582718 0.666667 -2.31971 0.0632609 0.231658 0 0 0 1 0
0.679705 0.633333 -4.36498 -0.895404 -0.507337 0 0 0 1 0
0.435011 0.666667 -6.54296 3.56883 -0.202935 0 0 0 1 0
0.608805 0.7 -5.77148 4.89047 0.518826 0 0 0 1 0
0.389635 0.733333 1.92779 -0.543894 -0.39247 0 0 0 1 0
0.249367 0.633333 -0.560494 -2.56696 -1.95699 0 0 0 1 0
0.495757 0.666667 -25.2802 -26.2835 -2.5828 0 0 0 1 0
0.396605 0.666667 -10.4403 -7.17058 -2.23312 0 0 0 1 0
0.590371 0.633333 -2.47493 1.93809 -1.49325 0 0 0 1 0
0.683378 0.666667 2.33396 0.0761884 -0.597299 0 0 0 1 0
0.728021 0.633333 5.68114 -1.74762 -1.43892 0 0 0 1 0
0.84967 0.633333 -22.1594 -25.8738 -7.17557 0 0 0 1 0
0.945881 0.6 -36.0797 -37.9369 -9.47023 0 0 0 1 0
0.967529 0.633333 -10.7482 -19.9553 -10.9881 0 0 0 1 0
0.864414 0.6 1.80676 -11.0689 -10.3952 0 0 0 1 0
0.864414 0.666667 0.903378 -5.53446 -10.3952 0 0 0 1 0
0.814919 0.7 16.7017 -8.35607 21.6419 0 0 0 1 0
0.814919 0.633333 8.35084 -4.17804 21.6419 0 0 0 1 0
0.712929 0.666667 -20.8246 -27.089 -25.5432 0 0 0 1 0
0.896654 0.6 -35.4123 -38.5445 -19.2173 0 0 0 1 0
0.962796 0.633333 -42.7061 -44.2723 -2.88692 0 0 0 1 0
0.962796 0.6 -21.3531 -22.1361 -2.88692 0 0 0 1 0
0.962796 0.6 -10.6765 -11.0681 -2.88692 0 0 0 1 0
0.986606 0.6 -30.3383 -30.534 -7.15477 0 0 0 1 0
0.986606 0.633333 -15.1691 -15.267 -7.15477 0 0 0 1 0
0.986606 0.6 -7.58457 -7.63351 -7.15477 0 0 0 1 0
0.986606 0.7 -3.79228 -3.81675 -7.15477 0 0 0 1 0
0.873571 0.7 -26.8961 -26.9084 30.7381 0 0 0 1 0
0.873571 0.7 -13.4481 -13.4542 30.7381 0 0 0 1 0
0.819314 0.7 -31.724 -31.7271 11.6952 0 0 0 1 0
0.655451 0.7 -7.10003 -15.5163 11.2781 0 0 0 1 0
0.714617 0.6 2.64618 -12.6689 -37.4888 0 0 0 1 0
0.84581 0.7 -23.6769 -31.3344 -14.9955 0 0 0 1 0
0.805989 0.633333 -36.8385 -40.6672 -2.9982 0 0 0 1 0
0.805989 0.6 -18.4192 -20.3336 -2.9982 0 0 0 1 0
0.930156 0.7 -34.2096 -35.1668 -3.59928 0 0 0 1 0
0.744125 0.6 -8.60481 -14.0001 0.360288 0 0 0 1 0
0.744125 0.6 -4.3024 -7.00003 0.360288 0 0 0 1 0
0.744125 0.6 -2.1512 -3.50002 0.360288 0 0 0 1 0
0.5953 0.7 -1.0756 -1.75001 0.360288 0 0 0 1 0
0.5953 0.633333 -0.5378 -0.875004 0.360288 0 0 0 1 0
0.5953 0.733333 -0.2689 -0.437502 0.360288 0 0 0 1 0
0.47624 0.733333 8.05521 -2.05699 25.3441 0 0 0 1 0
0.582876 0.633333 -20.9724 -26.0285 -14.4624 0 0 0 1 0
0.582876 0.733333 -10.4862 -13.0142 -14.4624 0 0 0 1 0
0.466301 0.733333 -18.8069 -9.34803 -5.78494 0 0 0 1 0
0.466301 0.666667 -9.40346 -4.67402 -5.78494 0 0 0 1 0
0.623824 0.733333 11.3239 1.58927 0.686023 0 0 0 1 0
0.399248 0.666667 0.548318 -2.65364 -3.92559 0 0 0 1 0
0.399248 0.633333 0.274159 -1.32682 -3.92559 0 0 0 1 0
0.399248 0.633333 0.13708 -0.66341 -3.92559 0 0 0 1 0
0.255518 0.733333 6.45152 0.149064 50.0298 0 0 0 1 0
0.163532 0.633333 9.8747 0.31963 22.4119 0 0 0 1 0
0.10466 0.7 11.4478 8.19553 -26.4352 0 0 0 1 0
0.0669826 0.666667 10.6871 8.82749 -34.5741 0 0 0 1 0
0.432152 0.666667 10.3068 7.67462 20.3704 0 0 0 1 0
0.607433 0.733333 9.38134 9.00035 9.34814 0 0 0 1 0
0.691568 0.7 8.91861 9.93496 -30.4607 0 0 0 1 0
0.731952 0.666667 9.79019 10.1305 20.2157 0 0 0 1 0
0.850802 0.733333 -20.1049 -19.9347 -23.7137 0 0 0 1 0
0.910481 0.733333 -4.27926 -7.69464 -10.0855 0 0 0 1 0
0.728385 0.733333 -2.13963 -3.84732 -10.0855 0 0 0 1 0
0.728385 0.666667 -1.06981 -1.92366 -10.0855 0 0 0 1 0
0.728385 0.7 -0.534907 -0.96183 -10.0855 0 0 0 1 0
0.728385 0.633333 -0.267454 -0.480915 -10.0855 0 0 0 1 0
0.728385 0.633333 -0.133727 -0.240458 -10.0855 0 0 0 1 0
0.728385 0.7 -0.0668634 -0.120229 -10.0855 0 0 0 1 0
0.582708 0.7 7.36453 -4.37046 3.76581 0 0 0 1 0
0.62376 0.6 -21.3177 -27.1852 28.5063 0 0 0 1 0
0.774256 0.7 -4.12041 -12.4897 -19.7975 0 0 0 1 0
0.774256 0.6 -2.0602 -6.24484 -19.7975 0 0 0 1 0
0.495524 0.7 4.85225 2.04063 -1.91899 0 0 0 1 0
0.396419 0.7 2.42613 1.02031 -1.91899 0 0 0 1 0
0.396419 0.6 1.21306 0.510156 -1.91899 0 0 0 1 0
0.317135 0.6 -9.76581 -8.61589 28.0324 0 0 0 1 0
0.552225 0.6 2.29795 -16.4403 -22.987 0 0 0 1 0
0.353424 0.6 9.56734 -18.767 13.0052 0 0 0 1 0
0.569643 0.6 12.2837 -5.63351 11.8021 0 0 0 1 0
0.364572 0.6 -3.96455 -13.3636 -0.0791702 0 0 0 1 0
0.291657 0.566667 -1.98227 -6.68182 -0.0791702 0 0 0 1 0
0.291657 0.6 -0.991137 -3.34091 -0.0791702 0 0 0 1 0
0.291657 0.6 -0.495568 -1.67045 -0.0791702 0 0 0 1 0
0.291657 0.666667 9.8586 -0.835227 -0.0791702 0 0 0 1 0
0.233326 0.6 4.9293 -0.417613 -0.0791702 0 0 0 1 0
0.233326 0.6 2.46465 -0.208807 -0.0791702 0 0 0 1 0
0.233326 0.666667 1.23232 -0.104403 -0.0791702 0 0 0 1 0
0.233326 0.6 0.616162 -0.0522017 -0.0791702 0 0 0 1 0
0.233326 0.6 0.308081 -0.0261008 -0.0791702 0 0 0 1 0
0.233326 0.7 0.154041 -0.0130504 -0.0791702 0 0 0 1 0
0.233326 0.7 0.0770203 -0.00652521 -0.0791702 0 0 0 1 0
0.233326 0.7 0.0385102 -0.00326261 -0.0791702 0 0 0 1 0
0.233326 0.8 0.0192551 -0.0016313 -0.0791702 0 0 0 1 0
0.233326 0.8 0.00962754 -0.000815651 -0.0791702 0 0 0 1 0
0.233326 0.7 0.00481377 -0.000407826 -0.0791702 0 0 0 1 0
0.233326 0.8 0.00240688 -0.000203913 -0.0791702 0 0 0 1 0
0.233326 0.8 0.00120344 -0.000101956 -0.0791702 0 0 0 1 0
0.233326 0.8 0.000601721 -5.09782e-005 -0.0791702 0 0 0 1 0
0.233326 0.7 0.000300861 -2.54891e-005 -0.0791702 0 0 0 1 0
0.233326 0.7 0.00015043 -1.27446e-005 -0.0791702 0 0 0 1 0
0.186661 0.7 -24.9999 -13.8158 -22.2317 0 0 0 1 0
0.489597 0.6 -19.1666 -15.9805 19.3073 0 0 0 1 0
0.313342 0.7 -34.5833 -7.99024 19.3073 0 0 0 1 0
0.313342 0.6 -17.2917 -3.99512 19.3073 0 0 0 1 0
0.313342 0.6 -8.64583 -1.99756 19.3073 0 0 0 1 0
0.313342 0.6 -4.32291 -0.99878 19.3073 0 0 0 1 0
0.250674 0.7 -11.9271 -10.6184 -26.4771 0 0 0 1 0
0.520323 0.6 4.14284 -8.88065 -6.99083 0 0 0 1 0
0.333007 0.6 11.114 -7.04449 29.0037 0 0 0 1 0
0.213124 0.6 -8.86377 -9.02179 -23.7985 0 0 0 1 0
0.70138 0.6 -29.4319 -29.5109 23.4806 0 0 0 1 0
0.820828 0.633333 -11.5909 -19.0318 1.59223 0 0 0 1 0
0.52533 0.6 2.18325 -8.70066 25.2369 0 0 0 1 0
0.791295 0.533333 -23.9084 -29.3503 -12.1052 0 0 0 1 0
0.874777 0.6 -5.39169 -24.8604 -32.4421 0 0 0 1 0
0.891936 0.533333 -27.6958 -37.4302 18.8232 0 0 0 1 0
0.935161 0.6 -6.52034 -25.1806 14.7293 0 0 0 1 0
0.848877 0.533333 6.05279 -18.4236 7.69171 0 0 0 1 0
0.807461 0.6 11.6471 -14.0195 -38.9233 0 0 0 1 0
0.872549 0.533333 -19.1765 -32.0098 9.03067 0 0 0 1 0
0.818823 0.6 -34.5882 -41.0049 20.4123 0 0 0 1 0
0.891294 0.566667 -10.0913 -24.3817 9.96491 0 0 0 1 0
0.742257 0.633333 -30.0457 -37.1909 -12.214 0 0 0 1 0
0.907212 0.566667 -40.0228 -43.5954 -31.8856 0 0 0 1 0
0.944327 0.566667 -23.3514 -26.4108 20.2458 0 0 0 1 0
0.944327 0.633333 -11.6757 -13.2054 20.2458 0 0 0 1 0
0.911966 0.633333 -30.8378 -31.6027 -21.9017 0 0 0 1 0
0.968308 0.6 -40.4189 -40.8014 32.6393 0 0 0 1 0
0.774646 0.633333 -11.6257 -23.4412 -30.1443 0 0 0 1 0
0.495774 0.633333 2.15861 -15.8873 -12.0577 0 0 0 1 0
0.637971 0.6 13.0891 -8.83311 10.1769 0 0 0 1 0
0.706226 0.533333 15.0667 -10.2201 -9.72923 0 0 0 1 0
0.671191 0.6 -17.4666 -30.1101 12.9083 0 0 0 1 0
0.722172 0.6 -33.7333 -40.055 -12.8367 0 0 0 1 0
0.722172 0.5 -8.01249 -20.0275 -12.8367 0 0 0 1 0
0.746642 0.6 -29.0062 -10.0138 -12.8367 0 0 0 1 0
0.746642 0.5 -7.89851 -5.00688 -12.8367 0 0 0 1 0
0.477851 0.6 1.77991 14.0831 45.2653 0 0 0 1 0
0.305825 0.5 -9.65692 -0.77095 -32.2939 0 0 0 1 0
0.24466 0.6 2.5695 -0.385475 -32.2939 0 0 0 1 0
0.24466 0.533333 1.28475 -0.192738 -32.2939 0 0 0 1 0
0.517437 0.633333 7.32842 2.63801 37.4825 0 0 0 1 0
0.598696 0.566667 -21.3358 -23.681 -4.80702 0 0 0 1 0
0.759217 0.6 -4.28492 -18.6953 -25.9228 0 0 0 1 0
0.485899 0.633333 -13.7804 -19.2161 -18.1691 0 0 0 1 0
0.633232 0.6 -16.1987 -18.8822 33.5324 0 0 0 1 0
0.405268 0.6 0.727178 -16.5245 -18.9871 0 0 0 1 0
0.405268 0.633333 0.363589 -8.26223 -18.9871 0 0 0 1 0
0.324215 0.633333 8.64954 -4.13111 -18.9871 0 0 0 1 0
0.555623 0.533333 10.9914 -12.4822 -13.5948 0 0 0 1 0
0.555623 0.6 5.49572 -6.24111 -13.5948 0 0 0 1 0
0.444498 0.633333 11.2156 -3.12056 -13.5948 0 0 0 1 0
0.444498 0.6 5.6078 -1.56028 -13.5948 0 0 0 1 0
0.355599 0.6 12.0781 -0.780139 -13.5948 0 0 0 1 0
0.570687 0.633333 -4.84805 -10.3901 -7.83793 0 0 0 1 0
0.67393 0.6 3.09068 -4.10808 0.464828 0 0 0 1 0
0.67393 0.533333 1.54534 -2.05404 0.464828 0 0 0 1 0
0.539144 0.633333 0.77267 -1.02702 0.464828 0 0 0 1 0
0.539144 0.533333 10.0638 -0.51351 0.464828 0 0 0 1 0
0.431315 0.633333 5.03188 -0.256755 0.464828 0 0 0 1 0
0.431315 0.6 2.51594 -0.128377 0.464828 0 0 0 1 0
0.431315 0.666667 9.07047 -0.0641887 0.464828 0 0 0 1 0
0.276042 0.566667 -7.15831 -8.15709 3.18593 0 0 0 1 0
0.176667 0.666667 -12.8361 -10.8527 -3.52563 0 0 0 1 0
0.4848 0.6 -21.0014 -2.30134 -3.21025 0 0 0 1 0
0.310272 0.6 -20.1781 -8.65067 -1.2841 0 0 0 1 0
0.248218 0.566667 -2.43599 -4.32534 -1.2841 0 0 0 1 0
0.248218 0.6 -1.21799 -2.16267 -1.2841 0 0 0 1 0
0.158859 0.6 -12.3277 -10.847 27.6864 0 0 0 1 0
0.10167 0.533333 -16.3201 -16.733 -17.1255 0 0 0 1 0
0.0650688 0.6 6.42327 -19.304 -5.05018 0 0 0 1 0
0.041644 0.5 -8.14041 -12.9723 -3.22007 0 0 0 1 0
0.0333152 0.6 2.56245 -6.48616 -3.22007 0 0 0 1 0
0.0213217 0.566667 18.3646 -14.9855 4.11197 0 0 0 1 0
0.0170574 0.6 16.7344 -7.49275 4.11197 0 0 0 1 0
0.0136459 0.566667 20.0859 -3.74638 4.11197 0 0 0 1 0
0.0136459 0.533333 10.043 -1.87319 4.11197 0 0 0 1 0
0.0136459 0.6 5.02148 -0.936594 4.11197 0 0 0 1 0
0.0136459 0.633333 2.51074 -0.468297 4.11197 0 0 0 1 0
0.0136459 0.7 1.25537 -0.234148 4.11197 0 0 0 1 0
0.0136459 0.733333 0.627685 -0.117074 4.11197 0 0 0 1 0
0.0136459 0.8 0.313843 -0.0585371 4.11197 0 0 0 1 0
0.0136459 0.8 0.156921 -0.0292686 4.11197 0 0 0 1 0
0.0136459 0.9 0.0784607 -0.0146343 4.11197 0 0 0 1 0
0.0136459 0.9 0.0392303 -0.00731714 4.11197 0 0 0 1 1
0.0136459 0.9 0.0196152 -0.00365857 4.11197 0 0 0 1 1
0.0136459 0.9 0.00980758 -0.00182928 4.11197 0 0 0 1 1
0.0136459 0.9 0.00490379 -0.000914642 4.11197 0 0 0 1 1
0.0136459 0.9 0.0024519 -0.000457321 4.11197 0 0 0 1 1
0.0136459 0.9 0.00122595 -0.000228661 4.11197 0 0 0 1 1
0.0136459 0.9 0.000612974 -0.00011433 4.11197 0 0 0 1 1
0.0136459 0.9 0.000306487 -5.71652e-005 4.11197 0 0 0 1 1
0.0136459 0.9 0.000153243 -2.85826e-005 4.11197 0 0 0 1 1
0.0136459 0.9 7.66217e-005 -1.42913e-005 4.11197 0 0 0 1 1
0.0109167 0.9 3.83109e-005 -7.14564e-006 4.11197 0 0 0 1 1
0.0109167 0.8 1.91554e-005 -3.57282e-006 4.11197 0 0 0 1 1
0.0109167 0.8 9.57772e-006 -1.78641e-006 4.11197 0 0 0 1 1
0.0109167 0.8 9.89584 -8.93206e-007 4.11197 0 0 0 1 1
0.404192 0.7 -20.0521 -25 37.6448 0 0 0 1 1
0.323354 0.7 -21.1372 -15.625 6.65791 0 0 0 1 1
0.524168 0.633333 -35.5686 -32.8125 3.86317 0 0 0 1 1
0.419334 0.6 -8.40929 -18.5802 -5.05473 0 0 0 1 1
0.561024 0.633333 -29.2046 -34.2901 -10.4219 0 0 0 1 1
0.736615 0.6 -5.22732 -23.395 -19.1688 0 0 0 1 1
0.852145 0.566667 -27.6137 -36.6975 20.5325 0 0 0 1 1
0.946772 0.566667 -38.8068 -43.3488 -21.787 0 0 0 1 1
0.980838 0.533333 -44.4034 -46.6744 9.8852 0 0 0 1 1
0.988503 0.566667 -19.4578 -26.646 -15.2459 0 0 0 1 1
0.924689 0.533333 -34.7289 -38.323 28.1016 0 0 0 1 1
0.954813 0.566667 -27.3645 -26.8228 -25.3593 0 0 0 1 1
0.914986 0.566667 -38.6822 -38.4114 -2.94374 0 0 0 1 1
0.969395 0.6 -44.3411 -44.2057 19.2225 0 0 0 1 1
0.988982 0.6 -47.1706 -47.1028 -18.711 0 0 0 1 1
0.993389 0.6 -16.6887 -30.0169 20.1156 0 0 0 1 1
0.993389 0.633333 -8.34436 -15.0085 20.1156 0 0 0 0 0
0.876827 0.633333 -14.6561 -12.4149 8.04624 0 0 0 0 0
0.820877 0.633333 -1.71578 -10.2253 -14.7815 0 0 0 0 0
0.876413 0.633333 -25.8579 -30.1127 0.0873985 0 0 0 0 0
0.955509 0.7 -37.9289 -40.0563 -10.765 0 0 0 0 0
0.983983 0.633333 -43.9645 -45.0282 2.29398 0 0 0 0 0
0.872312 0.666667 -46.9822 -47.5141 -9.88241 0 0 0 0 0
0.81871 0.7 -48.4911 -48.757 10.447 0 0 0 0 0
0.891226 0.633333 -43.7223 -24.3785 10.447 0 0 0 0 0
0.891226 0.633333 -21.8612 -12.1893 10.447 0 0 0 0 0
0.934735 0.7 1.81452 -9.03581 7.77882 0 0 0 0 0
0.758938 0.633333 -24.0927 -29.5179 16.3115 0 0 0 0 0
0.913218 0.633333 -37.0464 -39.759 -0.67539 0 0 0 0 0
0.968758 0.566667 -43.5232 -44.8795 -24.8702 0 0 0 0 0
0.988753 0.6 -46.7616 -47.4397 -6.34806 0 0 0 0 0
0.874601 0.5 -48.3808 -48.7199 -0.739225 0 0 0 0 0
0.699681 0.6 -17.3712 -28.5266 29.7043 0 0 0 0 0
0.699681 0.533333 -8.68561 -14.2633 29.7043 0 0 0 0 0
0.447796 0.6 -14.065 -11.8192 -17.5183 0 0 0 0 0
0.447796 0.533333 -7.03251 -5.90958 -17.5183 0 0 0 0 0
0.447796 0.6 -3.51626 -2.95479 -17.5183 0 0 0 0 0
0.447796 0.6 -1.75813 -1.47739 -17.5183 0 0 0 0 0
0.614942 0.7 6.98151 -4.40679 10.9927 0 0 0 0 0
0.614942 0.6 3.49076 -2.20339 10.9927 0 0 0 0 0
0.817103 0.7 -23.2546 -26.1017 -13.0029 0 0 0 0 0
0.890262 0.633333 -5.41057 -16.643 10.3988 0 0 0 0 0
0.741861 0.7 -27.7053 -33.3215 -17.4405 0 0 0 0 0
0.741861 0.633333 -13.8526 -16.6608 -17.4405 0 0 0 0 0
0.741861 0.633333 -6.92632 -8.33038 -17.4405 0 0 0 0 0
0.741861 0.633333 -3.46316 -4.16519 -17.4405 0 0 0 0 0
0.741861 0.733333 -1.73158 -2.08259 -17.4405 0 0 0 0 0
0.741861 0.633333 -0.86579 -1.0413 -17.4405 0 0 0 0 0
0.845116 0.7 14.7662 5.53536 14.0238 0 0 0 0 0
0.724525 0.6 -17.6169 -22.2323 -11.1905 0 0 0 0 0
0.724525 0.7 -8.80846 -11.1162 -11.1905 0 0 0 0 0
0.724525 0.7 -4.40423 -5.55808 -11.1905 0 0 0 0 0
0.724525 0.7 -2.20212 -2.77904 -11.1905 0 0 0 0 0
0.724525 0.7 -1.10106 -1.38952 -11.1905 0 0 0 0 0
0.724525 0.8 -0.550529 -0.69476 -11.1905 0 0 0 0 0
0.724525 0.8 -0.275264 -0.34738 -11.1905 0 0 0 0 0
0.724525 0.733333 -0.137632 -0.17369 -11.1905 0 0 0 0 0
0.834715 0.8 7.07404 -2.40166 0.32381 0 0 0 0 0
0.880398 0.7 -21.463 -26.2008 9.72952 0 0 0 0 0
0.880398 0.7 -10.7315 -13.1004 9.72952 0 0 0 0 0
0.956943 0.7 -30.3657 -31.5502 -8.10819 0 0 0 0 0
0.9845 0.6 -40.1829 -40.7751 18.9567 0 0 0 0 0
0.9845 0.6 -20.0914 -20.3876 18.9567 0 0 0 0 0
0.9845 0.7 -10.0457 -10.1938 18.9567 0 0 0 0 0
0.7876 0.7 1.52476 -9.83827 -15.8173 0 0 0 0 0
0.63008 0.6 7.8276 -4.91913 -15.8173 0 0 0 1 0
0.63008 0.7 3.9138 -2.45957 -15.8173 0 0 0 1 0
0.504064 0.7 11.6343 -1.22978 -15.8173 0 0 0 1 0
0.403251 0.6 12.925 -0.614892 -15.8173 0 0 0 1 0
0.59356 0.7 13.8605 -8.20218 17.0731 0 0 0 1 0
0.379879 0.6 -4.00727 -14.8154 -22.5708 0 0 0 1 0
0.303903 0.6 6.06928 -7.40769 -22.5708 0 0 0 1 0
0.194498 0.533333 8.03464 -8.13933 -9.62831 0 0 0 1 0
0.155598 0.6 12.528 -4.06966 -9.62831 0 0 0 1 0
0.0995829 0.566667 -4.2829 -10.238 -2.05132 0 0 0 1 0
0.0796663 0.633333 -2.14145 -5.11898 -2.05132 0 0 0 1 0
0.0796663 0.566667 -1.07072 -2.55949 -2.05132 0 0 0 1 0
0.0637331 0.6 -25.5354 -17.4088 30.9795 0 0 0 1 0
0.0509865 0.566667 -12.7677 -8.70439 30.9795 0 0 0 1 0
0.0509865 0.6 -6.38384 -4.35219 30.9795 0 0 0 1 0
0.430592 0.633333 -28.1919 -15.8858 12.3918 0 0 0 1 0
0.430592 0.6 -14.096 -7.94289 12.3918 0 0 0 1 0
0.430592 0.6 -7.04798 -3.97144 12.3918 0 0 0 1 0
0.430592 0.7 -3.52399 -1.98572 12.3918 0 0 0 1 0
0.430592 0.7 -1.762 -0.992861 12.3918 0 0 0 1 0
0.430592 0.7 -0.880998 -0.49643 12.3918 0 0 0 1 0
0.430592 0.8 -0.440499 -0.248215 12.3918 0 0 0 1 1
0.430592 0.8 -0.220249 -0.124108 12.3918 0 0 0 1 1
0.430592 0.9 -0.110125 -0.0620538 12.3918 0 0 0 1 1
0.430592 0.9 -0.0550623 -0.0310269 12.3918 0 0 0 1 1
0.430592 0.9 -0.0275312 -0.0155135 12.3918 0 0 0 1 1
0.430592 0.9 -0.0137656 -0.00775673 12.3918 0 0 0 1 1
0.275579 0.9 -4.49406 2.9373 3.75672 0 0 0 1 1
0.275579 0.833333 -2.24703 1.46865 3.75672 0 0 0 1 1
0.532278 0.833333 -3.04659 10.1093 4.50269 0 0 0 1 1
0.532278 0.733333 -1.5233 5.05466 4.50269 0 0 0 1 1
0.655493 0.733333 -2.73533 11.9023 -0.598926 0 0 0 1 1
0.714637 0.633333 -22.082 4.93603 19.5604 0 0 0 1 1
0.845815 0.633333 -36.041 -22.532 -11.9758 0 0 0 1 1
0.845815 0.533333 -18.0205 -11.266 -11.9758 0 0 0 1 1
0.944494 0.6 -34.0102 -30.633 -32.9903 0 0 0 1 1
0.980018 0.5 -42.0051 -40.3165 9.60387 0 0 0 1 1
0.992806 0.6 -46.0026 -45.1582 5.04155 0 0 0 0 0
0.99741 0.5 -48.0013 -47.5791 8.61662 0 0 0 0 0
0.998446 0.6 -26.5575 -25.9447 -6.15335 0 0 0 0 0
0.927553 0.566667 -38.2787 -37.9724 5.93866 0 0 0 0 0
0.956532 0.6 -10.0968 -21.9183 -30.6245 0 0 0 0 0
0.915481 0.566667 -30.0484 -35.9591 15.9502 0 0 0 0 0
0.949289 0.533333 -5.83303 -21.2203 -2.61993 0 0 0 0 0
0.855659 0.5 -8.40432 -13.3365 15.152 0 0 0 0 0
0.728573 0.6 -29.2022 -31.6682 -13.1392 0 0 0 0 0
0.837144 0.5 -12.5801 -18.8763 12.7443 0 0 0 0 0
0.535772 0.6 0.28602 -15.2202 13.4977 0 0 0 0 0
0.657171 0.5 7.3519 -13.4137 -5.40091 0 0 0 0 0
0.652353 0.6 -21.324 -31.7068 -34.5604 0 0 0 0 0
0.652353 0.5 -10.662 -15.8534 -34.5604 0 0 0 0 0
0.652353 0.6 -5.33101 -7.92671 -34.5604 0 0 0 0 0
0.652353 0.6 -2.66551 -3.96336 -34.5604 0 0 0 0 0
0.791412 0.7 -15.8676 -8.23168 -12.0241 0 0 0 0 0
0.791412 0.6 -7.93382 -4.11584 -12.0241 0 0 0 0 0
0.506504 0.7 -14.0476 -7.05792 -1.80966 0 0 0 0 0
0.785873 0.6 -32.0238 -28.529 37.6761 0 0 0 0 0
0.922914 0.7 -41.0119 -39.2645 -19.1295 0 0 0 0 0
0.953749 0.6 -0.844486 -20.6088 -10.0518 0 0 0 0 0
0.91468 0.6 -25.4222 -35.3044 -2.82073 0 0 0 0 0
0.948808 0.5 -8.71112 -21.3287 -3.52829 0 0 0 0 0
0.948808 0.6 -4.35556 -10.6643 -3.52829 0 0 0 0 0
0.855428 0.6 2.71352 -10.0197 -5.61132 0 0 0 0 0
0.855428 0.566667 1.35676 -5.00983 -5.61132 0 0 0 0 0
0.810605 0.6 -2.06552 -8.57173 1.35547 0 0 0 0 0
0.789091 0.566667 -5.01003 -8.59621 -4.25781 0 0 0 0 0
0.867258 0.6 -27.505 -29.2981 6.09688 0 0 0 0 0
0.867258 0.5 -12.7429 -14.6491 6.09688 0 0 0 0 0
0.733027 0.6 -31.3715 -32.3245 0.63875 0 0 0 0 0
0.751853 0.533333 -40.6857 -41.1623 1.4555 0 0 0 0 0
0.751853 0.6 -20.3429 -20.5811 1.4555 0 0 0 0 0
0.851112 0.6 -12.2548 -17.2759 -1.2178 0 0 0 0 0
0.808534 0.533333 -31.1274 -8.63793 -1.2178 0 0 0 0 0
0.646827 0.6 -11.8872 -9.46602 9.11288 0 0 0 0 0
0.646827 0.633333 -5.94361 -4.73301 9.11288 0 0 0 0 0
0.826286 0.7 -27.9718 -27.3665 26.4452 0 0 0 0 0
0.937463 0.6 -38.9859 -38.6833 -1.42194 0 0 0 0 0
0.962478 0.7 -12.7266 -25.5916 3.63122 0 0 0 0 0
0.615986 0.7 0.147132 -10.8427 -25.5475 0 0 0 0 0
0.615986 0.6 0.0735662 -5.42134 -25.5475 0 0 0 0 0
0.615986 0.6 0.0367831 -2.71067 -25.5475 0 0 0 0 0
0.492789 0.7 0.0183916 -1.35534 -25.5475 0 0 0 0 0
0.492789 0.6 0.00919578 -0.677668 -25.5475 0 0 0 0 0
0.492789 0.6 0.00459789 -0.338834 -25.5475 0 0 0 0 0
0.695673 0.7 -24.9977 -0.169417 -25.5475 0 0 0 0 0
0.695673 0.6 -12.4989 -0.0847085 -25.5475 0 0 0 0 0
0.695673 0.7 -6.24943 -0.0423543 -25.5475 0 0 0 0 0
0.695673 0.7 -3.12471 -0.0211771 -25.5475 0 0 0 0 0
0.695673 0.7 -1.56236 -0.0105886 -25.5475 0 0 0 0 0
0.695673 0.7 -0.781178 -0.00529428 -25.5475 0 0 0 0 0
0.817404 0.7 -25.3906 -0.00264714 -25.5475 0 0 0 0 0
0.890442 0.6 -37.6953 -0.00132357 -25.5475 0 0 0 0 1
0.934265 0.7 -43.8476 -0.000661785 -25.5475 0 0 0 0 1
0.934265 0.633333 -21.9238 -0.000330893 -25.5475 0 0 0 0 1
0.934265 0.6 -10.9619 -0.000165446 -25.5475 0 0 0 0 1
0.934265 0.6 -5.48096 -8.27231e-005 -25.5475 0 0 0 0 1
0.960559 0.666667 -27.7405 -4.13616e-005 -25.5475 0 0 0 0 1
0.960559 0.6 -25.0682 5.85935 -25.5475 0 0 0 0 1
0.861068 0.666667 -37.5341 2.92968 -25.5475 0 0 0 0 1
0.861068 0.633333 -12.517 7.71484 -25.5475 0 0 0 0 1
0.813313 0.666667 -31.2585 3.85742 -25.5475 0 0 0 0 1
0.813313 0.633333 -9.99539 11.7409 -25.5475 0 0 0 0 1
0.52052 0.6 -29.9977 5.87046 -25.5475 0 0 0 0 1
0.712312 0.533333 -10.7033 2.93523 -25.5475 0 0 0 0 1
0.712312 0.566667 -5.35163 1.46762 -25.5475 0 0 0 0 1
0.712312 0.533333 -2.67581 0.733808 -25.5475 0 0 0 0 1
0.712312 0.566667 -1.33791 0.366904 -25.5475 0 0 0 0 1
0.712312 0.6 -0.668953 0.183452 -25.5475 0 0 0 0 1
0.712312 0.666667 -0.334477 0.091726 -25.5475 0 0 0 0 1
0.712312 0.7 -0.167238 0.045863 -25.5475 0 0 0 0 1
0.56985 0.766667 -25.0836 0.0229315 -25.5475 0 0 0 0 1
0.56985 0.7 -12.5418 0.0114658 -25.5475 0 0 0 0 1
0.56985 0.7 -6.2709 0.00573288 -25.5475 0 0 0 0 1
0.74191 0.733333 10.9717 0.00286644 -25.5475 0 0 0 0 1
0.74191 0.7 5.48585 0.00143322 -25.5475 0 0 0 0 1
0.845146 0.7 19.2202 0.000716609 -25.5475 0 0 0 0 1
0.845146 0.633333 9.6101 0.000358305 -25.5475 0 0 0 0 1
0.907088 0.6 -20.195 0.000179152 -25.5475 0 0 0 0 1
0.907088 0.6 -10.0975 8.95762e-005 -25.5475 0 0 0 0 1
0.944252 0.566667 -30.0487 4.47881e-005 -25.5475 0 0 0 0 1
0.944252 0.533333 -15.0244 2.2394e-005 -25.5475 0 0 0 0 1
0.944252 0.566667 -7.51218 1.1197e-005 -25.5475 0 0 0 0 1
0.979931 0.6 -28.7561 -25 -13.219 0 0 0 0 1
0.979931 0.566667 -14.378 -12.5 -13.219 0 0 0 0 1
0.979931 0.6 -7.18902 -6.25 -13.219 0 0 0 0 1
0.979931 0.666667 -3.59451 -3.125 -13.219 0 0 0 0 1
0.979931 0.7 -1.79726 -1.5625 -13.219 0 0 0 0 1
0.979931 0.7 -0.898628 -0.78125 -13.219 0 0 0 0 1
0.979931 0.8 -0.449314 -0.390625 -13.219 0 0 0 0 1
0.979931 0.8 -0.224657 -0.195312 -13.219 0 0 0 0 1
0.987959 0.9 5.32245 -4.26432 13.9124 0 0 0 0 1
0.987959 0.8 2.66123 -2.13216 13.9124 0 0 0 0 1
0.632293 0.8 6.33061 -0.594383 36.765 0 0 0 0 1
0.632293 0.733333 3.16531 -0.297191 36.765 0 0 0 0 1
0.703501 0.733333 8.37613 -1.7615 -35.694 0 0 0 0 1
0.670144 0.633333 -20.8119 -25.8807 -13.0776 0 0 0 0 1
0.670144 0.633333 -10.406 -12.9404 -13.0776 0 0 0 0 1
0.670144 0.633333 -5.20298 -6.47019 -13.0776 0 0 0 0 1
0.881252 0.733333 -27.6015 -28.2351 50.569 0 0 0 0 1
0.705002 0.633333 -4.63134 -16.0912 -36.7724 0 0 0 0 1
0.84304 0.7 -27.3157 -33.0456 13.491 0 0 0 0 1
0.804659 0.6 -38.6578 -41.5228 -19.8036 0 0 0 0 1
0.929677 0.6 -44.3289 -45.7614 2.27857 0 0 0 0 1
0.846245 0.6 -47.1645 -47.8807 -5.68857 0 0 0 0 1
0.846245 0.6 -23.5822 -23.9404 -5.68857 0 0 0 0 1
0.846245 0.6 -11.7911 -11.9702 -5.68857 0 0 0 0 1
0.846245 0.7 -5.89556 -5.98509 -5.68857 0 0 0 0 1
0.846245 0.7 -2.94778 -2.99254 -5.68857 0 0 0 0 1
0.846245 0.8 -1.47389 -1.49627 -5.68857 0 0 0 0 1
0.846245 0.8 -0.736945 -0.748136 -5.68857 0 0 0 0 1
0.846245 0.8 -0.368472 -0.374068 -5.68857 0 0 0 0 1
0.846245 0.9 -0.184236 -0.187034 -5.68857 0 0 0 0 1
0.846245 0.9 -0.0921181 -0.093517 -5.68857 0 0 0 0 1
0.846245 0.9 -0.046059 -0.0467585 -5.68857 0 0 0 0 1
0.846245 0.9 -0.0230295 -0.0233792 -5.68857 0 0 0 0 1
0.846245 0.9 -0.0115148 -0.0116896 -5.68857 0 0 0 0 1
0.846245 0.9 -0.00575738 -0.00584481 -5.68857 0 0 0 0 1
0.846245 0.9 -0.00287869 -0.00292241 -5.68857 0 0 0 0 1
0.846245 0.9 -0.00143935 -0.0014612 -5.68857 0 0 0 0 1
0.846245 0.9 -0.000719673 -0.000730602 -5.68857 0 0 0 0 1
0.846245 0.9 -0.000359836 -0.000365301 -5.68857 0 0 0 0 1
0.846245 0.9 -0.000179918 -0.00018265 -5.68857 0 0 0 0 1
0.846245 0.9 -8.99591e-005 -9.13252e-005 -5.68857 0 0 0 0 1
0.846245 0.9 -4.49795e-005 -4.56626e-005 -5.68857 0 0 0 0 1
0.907747 0.8 10.0543 -2.28313e-005 -5.68857 0 0 0 0 1
0.726198 0.8 -19.9728 -1.14156e-005 -5.68857 0 0 0 0 1
0.726198 0.766667 -9.98642 -5.70782e-006 -5.68857 0 0 0 0 1
0.726198 0.7 -4.99321 -2.85391e-006 -5.68857 0 0 0 0 1
0.726198 0.666667 -2.4966 -1.42696e-006 -5.68857 0 0 0 0 1
0.726198 0.6 -1.2483 -7.13478e-007 -5.68857 0 0 0 0 1
0.726198 0.566667 -0.624151 -3.56739e-007 -5.68857 0 0 0 0 1
0.726198 0.6 -0.312076 -1.7837e-007 -5.68857 0 0 0 0 1
0.726198 0.666667 -0.156038 -8.91848e-008 -5.68857 0 0 0 0 1
0.726198 0.6 -0.0780189 -4.45924e-008 -5.68857 0 0 0 0 1
0.726198 0.6 -0.0390094 -2.22962e-008 -5.68857 0 0 0 0 1
0.726198 0.6 -0.0195047 -1.11481e-008 -5.68857 0 0 0 0 1
0.726198 0.6 -0.00975236 -5.57405e-009 -5.68857 0 0 0 0 1
0.580958 0.7 -25.0049 -2.78702e-009 -5.68857 0 0 0 0 1
0.580958 0.6 -12.5024 -1.39351e-009 -5.68857 0 0 0 0 1
0.580958 0.6 -6.25122 -6.96756e-010 -5.68857 0 0 0 0 1
0.580958 0.6 -3.12561 -3.48378e-010 -5.68857 0 0 0 0 1
0.464767 0.7 -14.784 1.06838 -5.68857 0 0 0 0 1
0.464767 0.6 -7.39198 0.534188 -5.68857 0 0 0 0 1
0.464767 0.7 -3.69599 0.267094 -5.68857 0 0 0 0 1
0.464767 0.7 -1.84799 0.133547 -5.68857 0 0 0 0 1
0.464767 0.7 -0.923997 0.0667735 -5.68857 0 0 0 0 1
0.464767 0.8 -0.461999 0.0333868 -5.68857 0 0 0 0 1
0.67886 0.8 -17.3363 0.0166934 -5.68857 0 0 0 0 1
0.67886 0.766667 -8.66813 0.00834669 -5.68857 0 0 0 0 1
0.67886 0.866667 -4.33407 0.00417335 -5.68857 0 0 0 0 1
0.67886 0.766667 -2.16703 0.00208667 -5.68857 0 0 0 0 1
0.67886 0.766667 -1.08352 0.00104334 -5.68857 0 0 0 0 1
0.67886 0.766667 -0.541758 0.000521668 -5.68857 0 0 0 0 1
0.67886 0.666667 -0.270879 0.000260834 -5.68857 0 0 0 0 1
0.67886 0.666667 -0.13544 0.000130417 -5.68857 0 0 0 0 1
0.67886 0.7 -0.0677198 6.52085e-005 -5.68857 0 0 0 0 1
0.67886 0.7 -0.0338599 3.26043e-005 -5.68857 0 0 0 0 1
0.67886 0.8 -0.0169299 1.63021e-005 -5.68857 0 0 0 0 1
0.67886 0.8 -0.00846497 8.15107e-006 -5.68857 0 0 0 0 1
0.67886 0.8 -0.00423249 4.07553e-006 -5.68857 0 0 0 0 1
0.67886 0.8 -0.00211624 2.03777e-006 -5.68857 0 0 0 0 1
0.67886 0.8 -0.00105812 1.01888e-006 -5.68857 0 0 0 0 1
0.67886 0.9 -0.000529061 5.09442e-007 -5.68857 0 0 0 0 1
0.67886 0.9 -0.00026453 2.54721e-007 -5.68857 0 0 0 0 1
0.67886 0.9 -0.000132265 1.2736e-007 -5.68857 0 0 0 0 1
0.67886 0.9 -6.61326e-005 6.36802e-008 -5.68857 0 0 0 0 1
0.67886 0.9 -3.30663e-005 3.18401e-008 -5.68857 0 0 0 0 1
0.67886 0.9 -1.65331e-005 1.59201e-008 -5.68857 0 0 0 0 1
0.67886 0.9 -8.26657e-006 7.96003e-009 -5.68857 0 0 0 0 1
0.67886 0.9 -4.13329e-006 3.98001e-009 -5.68857 0 0 0 0 1
0.67886 0.9 -2.06664e-006 1.99001e-009 -5.68857 0 0 0 0 1
0.67886 0.9 -1.03332e-006 9.95003e-010 -5.68857 0 0 0 0 1
0.67886 0.9 -5.16661e-007 4.97502e-010 -5.68857 0 0 0 0 1
0.67886 0.9 -2.5833e-007 2.48751e-010 -5.68857 0 0 0 0 1
0.67886 0.9 -1.29165e-007 1.24375e-010 -5.68857 0 0 0 0 1
0.67886 0.9 -6.45826e-008 6.21877e-011 -5.68857 0 0 0 0 1
0.725853 0.9 -25 -25 28.3246 0 0 0 0 1
0.901307 0.8 -37.5 -37.5 11.9298 0 0 0 0 1
0.901307 0.8 -18.75 -18.75 11.9298 0 0 0 0 1
0.901307 0.8 -9.375 -9.375 11.9298 0 0 0 0 1
0.721046 0.8 2.16734 -6.53935 -32.4281 0 0 0 0 1
0.676881 0.7 -23.9163 -28.2697 -13.5712 0 0 0 0 1
0.541505 0.7 -29.2007 -19.2789 -4.22849 0 0 0 0 1
0.346563 0.666667 -31.7375 -14.6798 17.5086 0 0 0 0 1
0.346563 0.666667 -15.8687 -7.33988 17.5086 0 0 0 0 1
0.346563 0.766667 -7.93436 -3.66994 17.5086 0 0 0 0 1
0.346563 0.766667 -3.96718 -1.83497 17.5086 0 0 0 0 1
0.73981 0.766667 -26.9836 -25.9175 8.80344 0 0 0 0 1
0.591848 0.766667 -23.3132 -20.548 3.52138 0 0 0 0 0
0.684087 0.766667 -3.10398 -12.5766 5.00855 0 0 0 0 0
0.684087 0.8 -1.55199 -6.28832 5.00855 0 0 0 0 0
0.437816 0.8 -7.4325 -9.62564 -15.9966 0 0 0 0 0
0.766091 0.7 -28.7162 -29.8128 1.40137 0 0 0 0 0
0.767724 0.7 -39.3581 -39.9064 13.1605 0 0 0 0 0
0.767724 0.633333 -19.6791 -19.9532 13.1605 0 0 0 0 0
0.614179 0.666667 -20.3864 -17.7891 -22.9358 0 0 0 0 0
0.393074 0.6 -35.1932 -13.674 -7.37431 0 0 0 0 0
0.251568 0.633333 -10.2437 -5.87544 -4.74972 0 0 0 0 0
0.496602 0.533333 -30.1218 -27.9377 -1.29989 0 0 0 0 0
0.818777 0.6 -40.0609 -38.9689 -1.11996 0 0 0 0 0
0.891266 0.533333 -13.9258 -30.1987 10.952 0 0 0 0 0
0.57041 0.6 -31.9629 -19.5348 0.780807 0 0 0 0 0
0.804278 0.5 -40.9815 -34.7674 -6.28768 0 0 0 0 0
0.804278 0.566667 -20.4907 -17.3837 -6.28768 0 0 0 0 0
0.882567 0.6 -2.9537 -16.5622 -3.71507 0 0 0 0 0
0.882567 0.533333 -1.47685 -8.28111 -3.71507 0 0 0 0 0
0.882567 0.6 -0.738424 -4.14056 -3.71507 0 0 0 0 0
0.823632 0.6 19.6308 -12.0703 2.11397 0 0 0 0 0
0.877206 0.6 -15.1846 -31.0351 -2.15441 0 0 0 0 0
0.877206 0.6 -7.5923 -15.5176 -2.15441 0 0 0 0 0
0.877206 0.7 -3.79615 -7.75878 -2.15441 0 0 0 0 0
0.877206 0.7 -1.89808 -3.87939 -2.15441 0 0 0 0 0
0.877206 0.8 -0.949038 -1.9397 -2.15441 0 0 0 0 0
0.877206 0.8 -0.474519 -0.969848 -2.15441 0 0 0 0 0
0.955794 0.8 -25.2373 -25.4849 -1.46176 0 0 0 0 0
0.955794 0.7 -12.6186 -12.7425 -1.46176 0 0 0 0 0
0.858781 0.8 -31.3093 -31.3712 0.615294 0 0 0 0 0
0.858781 0.7 -15.6547 -15.6856 0.615294 0 0 0 0 0
0.858781 0.7 -7.82733 -7.84281 0.615294 0 0 0 0 0
0.858781 0.7 -3.91366 -3.9214 0.615294 0 0 0 0 0
0.858781 0.7 -1.95683 -1.9607 0.615294 0 0 0 0 0
0.858781 0.7 -0.978416 -0.980351 0.615294 0 0 0 0 0
0.858781 0.8 -0.489208 -0.490175 0.615294 0 0 0 0 0
0.858781 0.8 -0.244604 -0.245088 0.615294 0 0 0 0 0
0.858781 0.9 -0.122302 -0.122544 0.615294 0 0 0 0 0
0.858781 0.9 -0.061151 -0.0612719 0.615294 0 0 0 0 0
0.858781 0.9 -0.0305755 -0.030636 0.615294 0 0 0 0 0
0.858781 0.9 -0.0152878 -0.015318 0.615294 0 0 0 0 0
0.858781 0.9 -0.00764388 -0.00765899 0.615294 0 0 0 0 0
0.949161 0.9 -25.0038 -25.0038 1.44612 0 0 0 0 0
0.949161 0.866667 -12.5019 -12.5019 1.44612 0 0 0 0 0
0.949161 0.866667 -6.25096 -6.25096 1.44612 0 0 0 0 0
0.949161 0.866667 -3.12548 -3.12548 1.44612 0 0 0 0 0
0.949161 0.866667 -1.56274 -1.56274 1.44612 0 0 0 0 0
0.949161 0.866667 -0.781369 -0.78137 1.44612 0 0 0 0 0
0.949161 0.866667 -0.390685 -0.390685 1.44612 0 0 0 0 0
0.949161 0.866667 -0.195342 -0.195342 1.44612 0 0 0 0 0
0.949161 0.9 -0.0976712 -0.0976712 1.44612 0 0 0 0 0
0.949161 0.9 -0.0488356 -0.0488356 1.44612 0 0 0 0 0
0.949161 0.9 -0.0244178 -0.0244178 1.44612 0 0 0 0 0
0.949161 0.9 -0.0122089 -0.0122089 1.44612 0 0 0 0 0
0.949161 0.9 -0.00610445 -0.00610445 1.44612 0 0 0 0 0
0.949161 0.9 -0.00305222 -0.00305223 1.44612 0 0 0 0 0
0.949161 0.9 -0.00152611 -0.00152611 1.44612 0 0 0 0 0
0.949161 0.9 -0.000763056 -0.000763056 1.44612 0 0 0 0 0
0.949161 0.9 -0.000381528 -0.000381528 1.44612 0 0 0 0 0
0.949161 0.9 -0.000190764 -0.000190764 1.44612 0 0 0 0 0
0.949161 0.9 -9.5382e-005 -9.5382e-005 1.44612 0 0 0 0 0
0.949161 0.9 -4.7691e-005 -4.7691e-005 1.44612 0 0 0 0 0
0.949161 0.9 -2.38455e-005 -2.38455e-005 1.44612 0 0 0 0 0
0.949161 0.9 -1.19228e-005 -1.19228e-005 1.44612 0 0 0 0 0
0.981698 0.9 -25 -25 32.3784 0 0 0 0 0
0.981698 0.8 -12.5 -12.5 32.3784 0 0 0 0 0
0.989019 0.8 6.29273 -9.10257 12.3514 0 0 0 0 0
0.989019 0.766667 3.14637 -4.55128 12.3514 0 0 0 0 0
0.989019 0.766667 1.57318 -2.27564 12.3514 0 0 0 0 0
0.989019 0.766667 0.786591 -1.13782 12.3514 0 0 0 0 0
