1092 8 2
0.727326 0.666667 -23.4522 -0.000368921 51.6988 0 0 0 0 0
0.836395 0.6 -15.615 -0.00018446 51.6988 0 0 0 0 0
0.80147 0.633333 -32.8075 -25.0001 10.4795 0 0 0 0 0
0.641176 0.566667 -41.4038 -12.5 10.4795 0 0 0 0 0
0.784706 0.633333 -45.7019 -6.25002 10.4795 0 0 0 0 0
0.870823 0.566667 -47.8509 -9.97985 2.99181 0 0 0 0 0
0.557327 0.6 -21.1755 -4.98993 2.99181 0 0 0 0 0
0.734396 0.6 -3.67284 -2.49496 2.99181 0 0 0 0 0
0.840638 0.533333 3.86286 -8.81024 -0.603276 0 0 0 0 0
0.538008 0.633333 -23.0686 -4.40512 -0.603276 0 0 0 0 0
0.722805 0.566667 -36.5343 -2.20256 -0.603276 0 0 0 0 0
0.833683 0.633333 -7.94106 -1.10128 -0.603276 0 0 0 0 0
0.90021 0.6 -19.3872 -8.36314 -36.8413 0 0 0 0 0
0.576134 0.633333 -3.31062 -4.18157 -36.8413 0 0 0 0 0
0.745681 0.6 -26.6553 -10.1265 22.4635 0 0 0 0 0
0.757927 0.633333 -9.75623 -5.06325 22.4635 0 0 0 0 0
0.854756 0.6 -29.8781 -11.3552 -40.8146 0 0 0 0 0
0.810283 0.633333 -39.9391 -5.67758 -40.8146 0 0 0 0 0
0.88617 0.6 -15.4823 -2.83879 -40.8146 0 0 0 0 0
0.708936 0.6 -1.76291 -1.41939 -40.8146 0 0 0 0 0
0.825361 0.533333 -25.8815 -0.709697 -40.8146 0 0 0 0 0
0.660289 0.633333 -8.13304 -0.354849 -40.8146 0 0 0 0 0
0.796174 0.6 -29.0665 -0.177424 -40.8146 0 0 0 0 0
0.877704 0.666667 -39.5333 -0.0887121 -40.8146 0 0 0 0 0
0.926622 0.666667 -13.9156 -0.0443561 -40.8146 0 0 0 0 0
0.741298 0.666667 -1.48903 -0.022178 -40.8146 0 0 0 0 0
0.844779 0.633333 5.63846 -0.011089 -40.8146 0 0 0 0 0
0.906867 0.6 9.76368 -0.00554451 -40.8146 0 0 0 0 0
0.94412 0.666667 10.5884 -0.00277225 -40.8146 0 0 0 0 0
0.853178 0.633333 -19.7058 -25.0014 2.87416 0 0 0 0 0
0.682542 0.6 -23.5971 -12.5007 2.87416 0 0 0 0 0
0.809525 0.566667 -4.10625 -6.25035 2.87416 0 0 0 0 0
0.885715 0.566667 -27.0531 -3.12517 2.87416 0 0 0 0 0
0.931429 0.6 -38.5266 -1.56259 2.87416 0 0 0 0 0
0.958857 0.633333 -44.2633 -0.781293 2.87416 0 0 0 0 0
0.860252 0.666667 -47.1316 -25.3906 2.34966 0 0 0 0 0
0.688201 0.633333 -35.8107 -12.6953 2.34966 0 0 0 0 0
0.812921 0.666667 -14.4479 -6.34766 2.34966 0 0 0 0 0
0.650337 0.666667 -2.17076 -3.17383 2.34966 0 0 0 0 0
0.520269 0.666667 -26.0854 -1.58692 2.34966 0 0 0 0 0
0.416215 0.666667 -38.0427 -0.793458 2.34966 0 0 0 0 0
0.649729 0.633333 -15.1151 -0.396729 2.34966 0 0 0 0 0
0.519783 0.633333 -4.02494 -0.198364 2.34966 0 0 0 0 0
0.71187 0.633333 -3.09943 -0.0991822 2.34966 0 0 0 0 0
0.827122 0.666667 -17.8196 -0.0495911 2.34966 0 0 0 0 0
0.661698 0.666667 -21.633 3.26468 2.34966 0 0 0 0 0
0.797019 0.666667 -29.8641 1.63234 2.34966 0 0 0 0 0
0.878211 0.7 -39.9321 0.81617 2.34966 0 0 0 0 0
0.702569 0.733333 -33.716 3.43839 2.34966 0 0 0 0 0
0.821541 0.733333 -27.7623 4.13855 2.34966 0 0 0 0 0
0.657233 0.733333 -38.8811 2.06927 2.34966 0 0 0 0 0
0.79434 0.666667 -15.8295 1.03464 2.34966 0 0 0 0 0
0.635472 0.666667 -32.9147 0.517319 2.34966 0 0 0 0 0
0.781283 0.566667 -41.4574 0.258659 2.34966 0 0 0 0 0
0.625027 0.633333 -32.9627 3.75836 2.34966 0 0 0 0 0
0.775016 0.566667 -14.398 1.87918 2.34966 0 0 0 0 0
0.620013 0.633333 -4.59485 0.93959 2.34966 0 0 0 0 0
0.863205 0.633333 -27.2974 -24.5302 -6.86014 0 0 0 0 0
0.690564 0.7 -27.5376 -12.2651 -6.86014 0 0 0 0 0
0.552451 0.666667 -38.7688 -6.13255 -6.86014 0 0 0 0 0
0.731471 0.7 -30.6747 -4.31628 46.4559 0 0 0 0 0
0.751106 0.7 -26.2749 -3.94385 19.7824 0 0 0 0 0
0.760531 0.666667 -38.1374 -1.97193 19.7824 0 0 0 0 0
0.856318 0.633333 -44.0687 -0.985963 19.7824 0 0 0 0 0
0.685055 0.633333 -47.0344 -0.492982 19.7824 0 0 0 0 0
0.811033 0.633333 -48.5172 -0.246491 19.7824 0 0 0 0 0
0.88662 0.633333 -49.2586 -8.18776 1.31295 0 0 0 0 0
0.825577 0.6 -19.1945 -4.09388 1.31295 0 0 0 0 0
0.895347 0.6 -6.47226 -2.04694 1.31295 0 0 0 0 0
0.937208 0.6 -28.2361 -1.02347 1.31295 0 0 0 0 0
0.962325 0.6 -39.1181 -0.511735 1.31295 0 0 0 0 0
0.977395 0.633333 -35.2505 -0.255868 1.31295 0 0 0 0 0
0.986437 0.566667 -31.1669 -0.127934 1.31295 0 0 0 0 0
0.991862 0.633333 -29.3335 -0.0639669 1.31295 0 0 0 0 0
0.995117 0.666667 -30.2116 -0.0319834 1.31295 0 0 0 0 0
0.99707 0.7 -12.5016 -0.0159917 1.31295 0 0 0 0 0
0.99707 0.7 -6.25082 -0.00799586 1.31295 0 0 0 0 0
0.998242 0.8 -28.1254 -0.00399793 1.31295 0 0 0 0 0
0.798594 0.7 -15.9858 -0.00199897 1.31295 0 0 0 0 0
0.879156 0.7 -6.95122 -0.000999483 1.31295 0 0 0 0 0
0.703325 0.766667 -28.4756 -0.000499741 1.31295 0 0 0 0 0
0.56266 0.7 -11.9124 -0.000249871 1.31295 0 0 0 0 0
0.450128 0.666667 -30.9562 -0.000124935 1.31295 0 0 0 0 0
0.360102 0.666667 -40.4781 -6.24677e-005 1.31295 0 0 0 0 0
0.616061 0.566667 -33.2119 -3.12338e-005 1.31295 0 0 0 0 0
0.769637 0.6 -9.957 -1.56169e-005 1.31295 0 0 0 0 0
0.861782 0.566667 -29.9785 -2.71608 8.32518 0 0 0 0 0
0.813655 0.6 -39.9892 -1.35804 8.32518 0 0 0 0 0
0.650924 0.566667 -30.8989 -0.679019 8.32518 0 0 0 0 0
0.520739 0.6 -40.4494 -0.339509 8.32518 0 0 0 0 0
0.712444 0.533333 -14.9469 -0.169755 8.32518 0 0 0 0 0
0.827466 0.6 -1.49521 -0.0848774 8.32518 0 0 0 0 0
0.661973 0.6 -25.7476 -0.0424387 8.32518 0 0 0 0 0
0.797184 0.566667 -37.8738 -0.0212193 8.32518 0 0 0 0 0
0.637747 0.6 -43.9369 -0.0106097 8.32518 0 0 0 0 0
0.510198 0.6 -46.9685 -0.00530483 8.32518 0 0 0 0 0
0.706119 0.633333 -32.9354 -5.09525 -62.6699 0 0 0 0 0
0.738937 0.633333 -20.8282 -2.54762 -62.6699 0 0 0 0 0
0.59115 0.6 -21.5983 1.22619 -62.6699 0 0 0 0 0
0.75469 0.633333 -35.7992 0.613094 -62.6699 0 0 0 0 0
0.603752 0.6 -7.46186 3.80655 -20.868 0 0 0 0 0
0.386401 0.633333 -11.1027 4.30712 47.4528 0 0 0 0 0
0.247297 0.533333 -12.3081 2.67439 47.4528 0 0 0 0 0
0.197837 0.6 12.2133 -0.275707 -32.6189 0 0 0 0 0
0.126616 0.566667 14.9955 1.56669 12.7525 0 0 0 0 0
0.0810342 0.633333 5.54464 0.783346 12.7525 0 0 0 0 0
0.0810342 0.6 2.77232 0.391673 12.7525 0 0 0 0 0
0.0810342 0.6 1.38616 0.195837 12.7525 0 0 0 0 0
0.669172 0.633333 -24.3069 -24.9021 -25.499 0 0 0 0 0
0.801503 0.566667 -13.6631 -12.451 -25.499 0 0 0 0 0
0.880902 0.6 11.1372 -11.8707 56.4004 0 0 0 0 0
0.822833 0.6 1.95748 -5.93534 56.4004 0 0 0 0 0
0.79496 0.633333 -24.0213 -27.9677 20.1602 0 0 0 0 0
0.635968 0.6 -37.0106 -13.9838 20.1602 0 0 0 0 0
0.508774 0.633333 -20.6207 -5.54961 20.1602 0 0 0 0 0
0.705265 0.6 -20.816 -0.370959 20.1602 0 0 0 0 0
0.823159 0.566667 -16.658 -0.185479 20.1602 0 0 0 0 0
0.658527 0.6 -33.329 -0.0927397 20.1602 0 0 0 0 0
0.795116 0.533333 -27.7756 2.5578 20.1602 0 0 0 0 0
0.795116 0.566667 -13.8878 1.2789 20.1602 0 0 0 0 0
0.636093 0.6 -31.9439 -24.3606 7.46406 0 0 0 0 0
0.823195 0.566667 -40.972 -37.1803 -60.6144 0 0 0 0 0
0.658556 0.6 -45.486 -18.5901 -60.6144 0 0 0 0 0
0.526845 0.533333 -47.743 -7.82448 41.7542 0 0 0 0 0
0.602308 0.6 -48.8715 -28.9122 16.1017 0 0 0 0 0
0.761385 0.566667 -49.4357 -20.5459 -15.7593 0 0 0 0 0
0.765465 0.633333 -49.7179 -17.0037 -51.3037 0 0 0 0 0
0.693938 0.566667 -49.8589 -33.5019 16.6785 0 0 0 0 0
0.816363 0.566667 -29.9488 -16.7509 16.6785 0 0 0 0 0
0.889818 0.566667 -39.9744 -8.37546 16.6785 0 0 0 0 0
0.960334 0.566667 -44.9872 -29.1877 16.8714 0 0 0 0 0
0.98572 0.566667 -47.4936 -39.5939 26.5486 0 0 0 0 0
0.98572 0.6 -23.7468 -19.7969 26.5486 0 0 0 0 0
0.98572 0.633333 -11.8734 -9.89847 26.5486 0 0 0 0 0
0.98572 0.7 -5.9367 -4.94923 26.5486 0 0 0 0 0
0.98572 0.733333 -2.96835 -2.47462 26.5486 0 0 0 0 0
0.98572 0.766667 -1.48417 -1.23731 26.5486 0 0 0 0 0
0.98572 0.833333 -0.742087 -0.618654 26.5486 0 0 0 0 0
0.98572 0.866667 -0.371044 -0.309327 26.5486 0 0 0 0 0
0.98572 0.9 -0.185522 -0.154664 26.5486 0 0 0 0 0
0.98572 0.9 -0.0927609 -0.0773318 26.5486 0 0 0 0 0
0.98572 0.9 -0.0463805 -0.0386659 26.5486 0 0 0 0 0
0.98572 0.9 -0.0231902 -0.0193329 26.5486 0 0 0 0 0
0.98572 0.9 -0.0115951 -0.00966647 26.5486 0 0 0 0 0
0.98572 0.9 -0.00579756 -0.00483324 26.5486 0 0 0 0 0
0.98572 0.9 -0.00289878 -0.00241662 26.5486 0 0 0 0 0
0.98572 0.9 -0.00144939 -0.00120831 26.5486 0 0 0 0 0
0.98572 0.9 -0.000724695 -0.000604154 26.5486 0 0 0 0 0
0.991432 0.9 -10.4842 1.32782 4.01942 0 0 0 0 0
0.991432 0.833333 -5.24212 0.663911 4.01942 0 0 0 0 0
0.991432 0.833333 -2.62106 0.331956 4.01942 0 0 0 0 0
0.991432 0.833333 -1.31053 0.165978 4.01942 0 0 0 0 0
0.991432 0.833333 -0.655265 0.0829889 4.01942 0 0 0 0 0
0.991432 0.833333 -0.327632 0.0414945 4.01942 0 0 0 0 0
0.991432 0.833333 -0.163816 0.0207472 4.01942 0 0 0 0 0
0.925532 0.833333 -25.0819 -24.9896 -56.5922 0 0 0 0 0
0.925532 0.8 -12.541 -12.4948 -56.5922 0 0 0 0 0
0.955319 0.8 -2.36423 -3.18618 42.1631 0 0 0 0 0
0.955319 0.733333 -1.18211 -1.59309 42.1631 0 0 0 0 0
0.611404 0.733333 -5.39875 1.92404 14.4652 0 0 0 0 0
0.634779 0.633333 -27.6994 -24.038 -6.8139 0 0 0 0 0
0.634779 0.633333 -13.8497 -12.019 -6.8139 0 0 0 0 0
0.868521 0.633333 -31.9248 -31.0095 12.8744 0 0 0 0 0
0.868521 0.633333 -15.9624 -15.5047 12.8744 0 0 0 0 0
0.81689 0.633333 -32.9812 -32.7524 -62.6502 0 0 0 0 0
0.653512 0.6 -41.4906 -17.9788 35.5399 0 0 0 0 0
0.418248 0.6 -17.0548 -8.98938 35.5399 0 0 0 0 0
0.650949 0.533333 -33.5274 -4.49469 35.5399 0 0 0 0 0
0.712455 0.6 -41.7637 -27.2473 -47.584 0 0 0 0 0
0.827473 0.5 -27.1319 -13.6237 -47.584 0 0 0 0 0
0.661979 0.6 -19.5442 -6.81184 -47.584 0 0 0 0 0
0.797187 0.5 -15.1292 -3.40592 -47.584 0 0 0 0 0
0.878312 0.6 -32.5646 -1.70296 -47.584 0 0 0 0 0
0.926987 0.5 -23.3136 -2.43878 -10.6336 0 0 0 0 0
0.844954 0.6 -36.6568 -11.4372 -10.8534 0 0 0 0 0
0.540771 0.533333 -13.366 -5.71861 -10.8534 0 0 0 0 0
0.724462 0.6 0.418554 -2.85931 -10.8534 0 0 0 0 0
0.834677 0.6 -24.7907 -1.42965 -10.8534 0 0 0 0 0
0.667742 0.666667 -10.3726 -0.714827 -10.8534 0 0 0 0 0
0.534194 0.6 -30.1863 -0.357413 -10.8534 0 0 0 0 0
0.720516 0.566667 -8.81296 -2.95648 28.6586 0 0 0 0 0
0.46113 0.6 -29.4065 -1.47824 28.6586 0 0 0 0 0
0.368904 0.6 -39.7032 -0.739121 28.6586 0 0 0 0 0
0.621343 0.666667 -44.8516 -4.40182 -13.1366 0 0 0 0 0
0.397659 0.6 -47.4258 -2.20091 -13.1366 0 0 0 0 0
0.638596 0.566667 -48.7129 -1.10045 -13.1366 0 0 0 0 0
0.783157 0.666667 -17.165 -0.550227 -13.1366 0 0 0 0 0
0.869894 0.633333 2.61165 -0.275114 -13.1366 0 0 0 0 0
0.921937 0.6 -12.4039 3.61244 1.94538 0 0 0 0 0
0.84253 0.6 -6.36218 4.21007 1.94538 0 0 0 0 0
0.943311 0.6 -28.1811 -22.895 -15.4218 0 0 0 0 0
0.754649 0.6 -39.0905 -11.4475 -15.4218 0 0 0 0 0
0.852789 0.533333 -6.48505 -9.03257 -6.16874 0 0 0 0 0
0.545785 0.6 -14.5101 -4.51628 -6.16874 0 0 0 0 0
0.727471 0.533333 -32.255 -2.25814 -6.16874 0 0 0 0 0
0.581977 0.633333 -17.5164 -1.12907 -6.16874 0 0 0 0 0
0.749186 0.566667 -7.16246 -0.564535 -6.16874 0 0 0 0 0
0.909707 0.566667 -28.5812 -25.2823 45.5325 0 0 0 0 0
0.945824 0.6 -39.2906 -12.6411 45.5325 0 0 0 0 0
0.967495 0.633333 -15.1581 -6.32057 45.5325 0 0 0 0 0
0.773996 0.633333 -8.5406 -3.16028 45.5325 0 0 0 0 0
0.619197 0.666667 -10.6806 -1.25963 45.5325 0 0 0 0 0
0.771518 0.7 -30.3403 -0.629814 45.5325 0 0 0 0 0
0.862911 0.666667 -31.2027 -0.314907 45.5325 0 0 0 0 0
0.690329 0.666667 -11.4347 -0.157454 45.5325 0 0 0 0 0
0.552263 0.7 -4.11479 -0.0787268 45.5325 0 0 0 0 0
0.44181 0.633333 -8.87558 -0.0393634 45.5325 0 0 0 0 0
0.353448 0.7 -29.4378 -0.0196817 45.5325 0 0 0 0 0
0.612069 0.666667 -10.5522 -0.00984085 45.5325 0 0 0 0 0
0.767241 0.666667 -30.2761 -0.00492043 45.5325 0 0 0 0 0
0.860345 0.633333 -1.241 3.87685 -29.787 0 0 0 0 0
0.812966 0.633333 -25.6205 1.93843 -29.787 0 0 0 0 0
0.887779 0.6 -37.8102 0.969213 -29.787 0 0 0 0 0
0.932668 0.666667 -16.341 0.484606 -29.787 0 0 0 0 0
0.84768 0.6 -33.1705 -24.7577 50.4852 0 0 0 0 0
0.908608 0.666667 -41.5853 -12.3788 50.4852 0 0 0 0 0
0.726887 0.6 -25.2379 -6.18942 50.4852 0 0 0 0 0
0.836132 0.633333 -19.1407 -3.09471 50.4852 0 0 0 0 0
0.901679 0.566667 -22.8682 -1.54736 50.4852 0 0 0 0 0
0.721343 0.666667 -17.6841 -0.773678 50.4852 0 0 0 0 0
0.577075 0.6 -33.8421 1.8453 -18.2059 0 0 0 0 0
0.676996 0.633333 -41.921 0.922652 -18.2059 0 0 0 0 0
0.541597 0.6 -24.3696 0.461326 -18.2059 0 0 0 0 0
0.433277 0.6 -11.0526 0.230663 -18.2059 0 0 0 0 0
0.346622 0.6 -30.5263 0.115331 -18.2059 0 0 0 0 0
0.277298 0.666667 -25.2063 0.0576657 -18.2059 0 0 0 0 0
0.221838 0.633333 -19.0134 0.0288329 -18.2059 0 0 0 0 0
0.17747 0.633333 -34.5067 0.0144164 -18.2059 0 0 0 0 0
0.141976 0.633333 -42.2534 0.00720822 -18.2059 0 0 0 0 0
0.691112 0.633333 -46.1267 -24.9964 33.5176 0 0 0 0 0
0.8888 0.6 -48.0633 -37.4982 -52.5929 0 0 0 0 0
0.71104 0.666667 -27.0208 -18.7491 -52.5929 0 0 0 0 0
0.568832 0.6 -38.5104 -13.81 -6.03718 0 0 0 0 0
0.364053 0.633333 -20.1075 -6.90502 -6.03718 0 0 0 0 0
0.291242 0.6 -35.0537 -7.93969 -1.21487 0 0 0 0 0
0.539796 0.6 -42.5269 -5.17952 -2.88595 0 0 0 0 0
0.659102 0.6 -25.6113 -2.58976 -2.88595 0 0 0 0 0
0.527282 0.6 -37.8056 -1.29488 -2.88595 0 0 0 0 0
0.421825 0.566667 -16.9584 -0.64744 -2.88595 0 0 0 0 0
0.653095 0.6 -33.4792 -5.49613 -0.554379 0 0 0 0 0
0.417981 0.6 -41.7396 -4.8314 0.978248 0 0 0 0 0
0.600631 0.566667 -45.8698 -2.4157 0.978248 0 0 0 0 0
0.480505 0.6 -47.9349 -1.20785 0.978248 0 0 0 0 0
0.384404 0.6 -28.7174 -0.225137 0.978248 0 0 0 0 0
0.307523 0.666667 -39.3587 -0.112569 0.978248 0 0 0 0 0
0.246018 0.6 -44.6794 -0.0562843 0.978248 0 0 0 0 0
0.547611 0.633333 -29.3164 -0.0281421 0.978248 0 0 0 0 0
0.728567 0.666667 -26.8923 0.389155 0.978248 0 0 0 0 0
0.582853 0.7 -15.3078 1.40425 0.978248 0 0 0 0 0
0.466283 0.7 -9.57699 0.702127 0.978248 0 0 0 0 0
0.67977 0.733333 -9.90213 0.351064 0.978248 0 0 0 0 0
0.807862 0.7 -29.9511 0.175532 0.978248 0 0 0 0 0
0.646289 0.733333 -23.9429 0.0877659 0.978248 0 0 0 0 0
0.787774 0.7 -23.4076 0.043883 0.978248 0 0 0 0 0
0.872664 0.7 -36.7038 0.0219415 0.978248 0 0 0 0 0
0.698131 0.666667 -43.3519 -3.86834 1.5913 0 0 0 0 0
0.446804 0.633333 -38.4373 -1.0721 1.5913 0 0 0 0 0
0.357443 0.633333 -44.2187 -0.53605 1.5913 0 0 0 0 0
0.285955 0.633333 -47.1093 -0.268025 1.5913 0 0 0 0 0
0.571573 0.7 -48.5547 -0.134013 1.5913 0 0 0 0 0
0.457258 0.7 -49.2773 -0.0670063 1.5913 0 0 0 0 0
0.674355 0.666667 -27.8438 -0.0335032 1.5913 0 0 0 0 0
0.539484 0.666667 -18.2697 -0.0167516 1.5913 0 0 0 0 0
0.72369 0.633333 -14.6904 -0.00837579 1.5913 0 0 0 0 0
0.578952 0.666667 -13.3235 0.399038 1.5913 0 0 0 0 0
0.747371 0.666667 -13.4552 0.199519 1.5913 0 0 0 0 0
0.597897 0.666667 -10.8943 0.0997595 1.5913 0 0 0 0 0
0.478318 0.666667 -30.4471 0.0498797 1.5913 0 0 0 0 0
0.686991 0.633333 -11.8902 0.0249399 1.5913 0 0 0 0 0
0.812194 0.7 -4.55623 0.0124699 1.5913 0 0 0 0 0
0.649755 0.666667 -17.7193 4.05035 1.5913 0 0 0 0 0
0.789853 0.7 -33.8596 2.02518 1.5913 0 0 0 0 0
0.873912 0.633333 -41.9298 1.01259 1.5913 0 0 0 0 0
0.924347 0.666667 -15.8019 0.506294 1.5913 0 0 0 0 0
0.954608 0.666667 11.8049 -2.32038 31.2365 0 0 0 0 0
0.610949 0.6 -19.0975 -1.16019 31.2365 0 0 0 0 0
0.488759 0.633333 -8.95353 -0.580096 31.2365 0 0 0 0 0
0.391008 0.6 -7.94898 -0.290048 31.2365 0 0 0 0 0
0.780763 0.6 -28.9745 -25.145 19.0946 0 0 0 0 0
0.62461 0.566667 -18.7976 -12.5725 19.0946 0 0 0 0 0
0.499688 0.533333 -17.1574 -6.28626 19.0946 0 0 0 0 0
0.499688 0.6 -8.57871 -3.14313 19.0946 0 0 0 0 0
0.499688 0.6 -4.28935 -1.57156 19.0946 0 0 0 0 0
0.499688 0.666667 -2.14468 -0.785782 19.0946 0 0 0 0 0
0.499688 0.7 17.8697 -0.392891 19.0946 0 0 0 0 0
0.399751 0.666667 8.93487 -0.196445 19.0946 0 0 0 0 0
0.399751 0.666667 4.46744 -0.0982227 19.0946 0 0 0 0 0
0.399751 0.7 2.23372 -0.0491114 19.0946 0 0 0 0 1
0.63985 0.666667 -23.8831 -0.0245557 19.0946 0 0 0 0 1
0.51188 0.7 10.3799 -8.53501 19.6378 0 0 0 0 1
0.596562 0.6 -19.8101 -29.2675 8.45514 0 0 0 0 1
0.757937 0.6 -34.905 -21.8918 -4.41794 0 0 0 0 1
0.76381 0.5 -42.4525 -18.7584 -58.7672 0 0 0 0 1
0.766629 0.6 -20.1624 -9.3792 -58.7672 0 0 0 0 1
0.613303 0.5 -27.7094 -4.6896 -58.7672 0 0 0 0 1
0.767982 0.566667 -12.496 -2.3448 -58.7672 0 0 0 0 1
0.860789 0.6 -1.76083 -1.1724 -58.7672 0 0 0 0 1
0.916473 0.666667 -25.8804 -0.5862 -58.7672 0 0 0 0 1
0.96993 0.6 -37.9402 -25.2931 30.4931 0 0 0 0 1
0.981958 0.666667 -10.9573 -12.6466 30.4931 0 0 0 0 1
0.87134 0.6 -30.4786 -31.3233 16.3973 0 0 0 0 1
0.922804 0.666667 -40.2393 -15.6616 16.3973 0 0 0 0 1
0.953682 0.6 -45.1197 -7.83082 16.3973 0 0 0 0 1
0.762946 0.6 -23.5214 -3.91541 16.3973 0 0 0 0 1
0.857768 0.6 -28.4274 -1.9577 16.3973 0 0 0 0 1
0.914661 0.666667 -39.2137 -0.978852 16.3973 0 0 0 0 1
0.731728 0.6 -36.1766 -0.489426 16.3973 0 0 0 0 1
0.585383 0.666667 -26.5442 -0.244713 16.3973 0 0 0 0 1
0.75123 0.633333 -38.2721 -0.122357 16.3973 0 0 0 0 1
0.600984 0.6 -23.5478 -0.0611783 16.3973 0 0 0 0 1
0.856354 0.633333 -36.7739 -25.0306 -52.2411 0 0 0 0 1
0.948287 0.6 -43.387 -37.5153 0.70356 0 0 0 0 1
0.75863 0.566667 -27.1422 -23.2448 2.08142 0 0 0 0 1
0.764142 0.633333 -12.4083 -11.6224 2.08142 0 0 0 0 1
0.764142 0.566667 -6.20415 -5.81121 2.08142 0 0 0 0 1
0.611314 0.633333 -8.23028 -2.9056 2.08142 0 0 0 0 1
0.766788 0.533333 -4.43565 -1.4528 2.08142 0 0 0 0 1
0.766788 0.6 -2.21783 -0.726401 2.08142 0 0 0 0 0
0.860073 0.633333 -26.1089 -0.3632 2.08142 0 0 0 0 0
0.916044 0.666667 -38.0545 -5.02031 -18.9674 0 0 0 0 0
0.839701 0.633333 -44.0272 -9.88195 20.013 0 0 0 0 0
0.537409 0.7 -25.5393 -4.94097 20.013 0 0 0 0 0
0.537409 0.633333 -12.7696 -2.47049 20.013 0 0 0 0 0
0.722445 0.7 -8.94892 -1.23524 20.013 0 0 0 0 0
0.833467 0.733333 -23.9512 -0.617622 20.013 0 0 0 0 0
0.90008 0.633333 -4.97809 -0.43801 28.4052 0 0 0 0 0
0.832039 0.666667 -5.37366 -0.219005 28.4052 0 0 0 0 0
0.832039 0.6 -2.68683 -0.109502 28.4052 0 0 0 0 0
0.899223 0.633333 -26.3434 -0.0547512 28.4052 0 0 0 0 0
0.939534 0.6 -17.9794 -0.0273756 28.4052 0 0 0 0 0
0.96372 0.6 -33.9897 -0.0136878 28.4052 0 0 0 0 0
0.978232 0.5 -41.9949 -0.00684391 28.4052 0 0 0 0 0
0.986939 0.6 -45.9974 -0.00342195 28.4052 0 0 0 0 0
0.992164 0.5 -19.1944 -0.00171098 28.4052 0 0 0 0 0
0.995298 0.6 -7.73548 -0.000855488 28.4052 0 0 0 0 0
0.997179 0.6 -28.8677 -0.000427744 28.4052 0 0 0 0 0
0.998307 0.6 -28.6384 -0.000213872 28.4052 0 0 0 0 0
0.798646 0.6 -32.0518 1.33918 28.4052 0 0 0 0 0
0.879188 0.6 -41.0259 0.669589 28.4052 0 0 0 0 0
0.70335 0.6 -17.5238 0.334795 28.4052 0 0 0 0 0
0.82201 0.533333 -33.7619 0.167397 28.4052 0 0 0 0 0
0.657608 0.633333 -41.881 0.0836987 28.4052 0 0 0 0 0
0.526086 0.566667 -18.4316 0.0418493 28.4052 0 0 0 0 0
0.715652 0.633333 -7.82691 0.0209247 28.4052 0 0 0 0 0
0.829391 0.6 -8.80476 0.0104623 28.4052 0 0 0 0 0
0.897635 0.633333 -8.12578 0.00523117 28.4052 0 0 0 0 0
0.938581 0.6 -20.0955 0.00261558 28.4052 0 0 0 0 0
0.963148 0.7 -35.0478 0.00130779 28.4052 0 0 0 0 0
0.770519 0.633333 -42.5239 0.000653896 28.4052 0 0 0 0 0
0.862311 0.666667 -18.0011 0.000326948 28.4052 0 0 0 0 0
0.689849 0.666667 -18.309 0.000163474 28.4052 0 0 0 0 0
0.551879 0.6 -15.1204 8.1737e-005 28.4052 0 0 0 0 0
0.731128 0.666667 -4.35509 4.08685e-005 28.4052 0 0 0 0 0
0.838677 0.633333 -0.510877 2.04342e-005 28.4052 0 0 0 0 0
0.670941 0.6 -15.1364 1.02171e-005 28.4052 0 0 0 0 0
0.536753 0.633333 -22.472 5.71429 28.4052 0 0 0 0 0
0.722052 0.6 -8.51863 2.85715 28.4052 0 0 0 0 0
0.833231 0.6 -29.2593 1.42857 28.4052 0 0 0 0 0
0.899939 0.566667 -39.6297 0.714286 28.4052 0 0 0 0 0
0.939963 0.6 -17.3692 0.357143 28.4052 0 0 0 0 0
0.963978 0.533333 -33.6846 0.178572 28.4052 0 0 0 0 0
0.978387 0.6 -41.8423 0.0892858 28.4052 0 0 0 0 0
0.987032 0.6 -45.9211 0.0446429 28.4052 0 0 0 0 0
0.992219 0.6 -19.7691 0.0223214 28.4052 0 0 0 0 0
0.995332 0.633333 -7.16715 0.0111607 28.4052 0 0 0 0 0
0.796265 0.6 8.66642 -0.196033 -43.2379 0 0 0 0 0
0.50961 0.633333 -12.889 0.31865 -43.2379 0 0 0 0 0
0.82346 0.566667 -31.4445 -24.8407 34.9048 0 0 0 0 0
0.894076 0.633333 -40.7223 -12.4203 34.9048 0 0 0 0 0
0.936445 0.6 -7.35092 -9.02267 21.7619 0 0 0 0 0
0.599325 0.633333 8.82454 -5.3734 -33.2952 0 0 0 0 0
0.383568 0.6 -20.5877 -2.6867 -33.2952 0 0 0 0 0
0.630141 0.633333 -26.5982 -1.34335 -33.2952 0 0 0 0 0
0.504113 0.6 -11.8787 -0.671675 -33.2952 0 0 0 0 0
0.40329 0.633333 -8.11324 -0.335838 -33.2952 0 0 0 0 0
0.641974 0.6 0.751073 -0.167919 -33.2952 0 0 0 0 0
0.513579 0.566667 2.70112 -0.0839594 -33.2952 0 0 0 0 0
0.708148 0.566667 -23.6494 -0.0419797 -33.2952 0 0 0 0 0
0.566518 0.6 -36.8247 -0.0209899 -33.2952 0 0 0 0 0
0.739911 0.566667 -20.858 -0.0104949 -33.2952 0 0 0 0 0
0.843946 0.6 -14.5957 -0.00524746 -33.2952 0 0 0 0 0
0.675157 0.566667 -5.3092 -0.00262373 -33.2952 0 0 0 0 0
0.805094 0.6 -1.58317 -0.00131187 -33.2952 0 0 0 0 0
0.644075 0.6 0.91296 -0.000655933 -33.2952 0 0 0 0 0
0.786445 0.533333 3.91393 -0.000327967 -33.2952 0 0 0 0 0
0.871867 0.6 -3.47782 -0.000163983 -33.2952 0 0 0 0 0
0.818496 0.566667 -26.7389 -25.0001 -32.5181 0 0 0 0 0
0.654797 0.6 -38.3695 -12.5 -32.5181 0 0 0 0 0
0.792878 0.6 -44.1847 -6.25002 -32.5181 0 0 0 0 0
0.875727 0.633333 -26.8796 -3.12501 -32.5181 0 0 0 0 0
0.925436 0.6 -38.4398 -1.56251 -32.5181 0 0 0 0 0
0.740349 0.6 -44.2199 -0.781253 -32.5181 0 0 0 0 0
0.844209 0.6 -47.1099 -0.390626 -32.5181 0 0 0 0 0
0.906526 0.6 -43.555 -0.195313 -32.5181 0 0 0 0 0
0.943915 0.566667 -21.2219 -0.0976566 -32.5181 0 0 0 0 0
0.966349 0.566667 -14.6871 -0.0488283 -32.5181 0 0 0 0 0
0.97981 0.533333 -11.1479 -0.0244141 -32.5181 0 0 0 0 0
0.987886 0.6 -30.5739 -0.0122071 -32.5181 0 0 0 0 0
0.992731 0.533333 -40.287 -0.00610354 -32.5181 0 0 0 0 0
0.794185 0.6 -22.9844 -0.00305177 -32.5181 0 0 0 0 0
0.876511 0.533333 -8.23133 -0.00152588 -32.5181 0 0 0 0 0
0.925907 0.6 -29.1157 -0.000762942 -32.5181 0 0 0 0 0
0.955544 0.566667 -18.5472 -0.000381471 -32.5181 0 0 0 0 0
0.973326 0.566667 -5.38471 -0.000190735 -32.5181 0 0 0 0 0
0.778661 0.566667 -7.23781 -9.53677e-005 -32.5181 0 0 0 0 0
0.867197 0.633333 2.15033 -4.76839e-005 -32.5181 0 0 0 0 0
0.920318 0.6 4.79857 -2.38419e-005 -32.5181 0 0 0 0 0
0.952191 0.666667 -22.6007 -1.1921e-005 -32.5181 0 0 0 0 0
0.971314 0.6 -36.3004 -5.96048e-006 -32.5181 0 0 0 0 0
0.982789 0.633333 -18.9481 -2.98024e-006 -32.5181 0 0 0 0 0
0.989673 0.6 -6.41847 -1.49012e-006 -32.5181 0 0 0 0 0
0.791739 0.633333 -0.709235 -7.45061e-007 -32.5181 0 0 0 0 0
0.875043 0.633333 3.46967 -3.7253e-007 -32.5181 0 0 0 0 0
0.925026 0.666667 -0.253803 -1.86265e-007 -32.5181 0 0 0 0 0
0.740021 0.666667 14.9194 -5.83333 -8.80724 0 0 0 0 0
0.684168 0.7 -17.5403 -27.9167 24.0771 0 0 0 0 0
0.810501 0.7 -33.7702 -13.9583 24.0771 0 0 0 0 0
0.648401 0.666667 -41.8851 -6.97917 24.0771 0 0 0 0 0
0.518721 0.7 -45.9425 -3.48958 24.0771 0 0 0 0 0
0.414976 0.633333 -26.8403 -1.74479 24.0771 0 0 0 0 0
0.648986 0.633333 -38.4202 -0.872396 24.0771 0 0 0 0 0
0.789392 0.6 -4.90117 -1.32906 34.2308 0 0 0 0 0
0.505211 0.566667 -27.4506 -0.664528 34.2308 0 0 0 0 0
0.404168 0.566667 -9.00307 -0.332264 34.2308 0 0 0 0 0
0.642501 0.566667 -0.722466 -0.166132 34.2308 0 0 0 0 0
0.785501 0.6 3.52766 -0.0830659 34.2308 0 0 0 0 0
0.8713 0.6 5.0247 -0.041533 34.2308 0 0 0 0 0
0.953668 0.6 -22.4877 -25.0208 -12.1077 0 0 0 0 0
0.953668 0.6 -11.2438 -12.5104 -12.1077 0 0 0 0 0
0.762935 0.633333 -12.0322 -7.85776 -10.8431 0 0 0 0 0
0.762935 0.566667 -6.01608 -3.92888 -10.8431 0 0 0 0 0
0.762935 0.6 -3.00804 -1.96444 -10.8431 0 0 0 0 0
0.762935 0.666667 -1.50402 -0.982219 -10.8431 0 0 0 0 0
0.762935 0.7 -0.752011 -0.49111 -10.8431 0 0 0 0 0
0.762935 0.7 -0.376005 -0.245555 -10.8431 0 0 0 0 0
0.762935 0.8 -0.188003 -0.122777 -10.8431 0 0 0 0 0
0.762935 0.8 -0.0940013 -0.0613887 -10.8431 0 0 0 0 0
0.762935 0.9 -0.0470007 -0.0306944 -10.8431 0 0 0 0 0
0.762935 0.9 -0.0235003 -0.0153472 -10.8431 0 0 0 0 0
0.762935 0.9 -0.0117502 -0.00767359 -10.8431 0 0 0 0 0
0.762935 0.9 -0.00587508 -0.00383679 -10.8431 0 0 0 0 0
0.762935 0.9 -0.00293754 -0.0019184 -10.8431 0 0 0 0 0
0.762935 0.9 -0.00146877 -0.000959199 -10.8431 0 0 0 0 0
0.762935 0.9 -0.000734385 -0.000479599 -10.8431 0 0 0 0 0
0.762935 0.9 -0.000367193 -0.0002398 -10.8431 0 0 0 0 0
0.762935 0.9 -0.000183596 -0.0001199 -10.8431 0 0 0 0 0
0.762935 0.9 -9.17982e-005 -5.99499e-005 -10.8431 0 0 0 0 0
0.762935 0.9 -4.58991e-005 -2.9975e-005 -10.8431 0 0 0 0 0
0.762935 0.9 -2.29495e-005 -1.49875e-005 -10.8431 0 0 0 0 0
0.766209 0.9 -2.56411 0.641018 37.0628 0 0 0 0 0
0.766209 0.833333 -1.28206 0.320509 37.0628 0 0 0 0 0
0.860668 0.833333 -25.641 -24.8397 10.6251 0 0 0 0 0
0.860668 0.766667 -12.8205 -12.4199 10.6251 0 0 0 0 0
0.94984 0.766667 -31.4103 -31.2099 14.45 0 0 0 0 0
0.94984 0.666667 -15.7051 -15.605 14.45 0 0 0 0 0
0.969904 0.666667 -10.2174 -7.12681 14.45 0 0 0 0 0
0.969904 0.566667 -5.10871 -3.5634 14.45 0 0 0 0 0
0.775923 0.633333 -27.5544 -1.7817 14.45 0 0 0 0 0
0.775923 0.6 -13.7772 -0.890851 14.45 0 0 0 0 0
0.865554 0.666667 -12.7025 -0.445426 14.45 0 0 0 0 0
0.865554 0.666667 -6.35127 -0.222713 14.45 0 0 0 0 0
0.951599 0.766667 -28.1756 -25.1114 2.18002 0 0 0 0 0
0.951599 0.666667 -14.0878 -12.5557 2.18002 0 0 0 0 0
0.97096 0.766667 -12.4011 -6.27784 2.18002 0 0 0 0 0
0.97096 0.7 -6.20053 -3.13892 2.18002 0 0 0 0 0
0.866061 0.733333 -28.1003 -26.5695 -56.128 0 0 0 0 0
0.866061 0.666667 -14.0501 -13.2847 -56.128 0 0 0 0 0
0.692849 0.666667 -32.0251 -6.64236 -56.128 0 0 0 0 0
0.692849 0.566667 -16.0125 -3.32118 -56.128 0 0 0 0 0
0.554279 0.666667 -33.0063 -2.10702 35.1488 0 0 0 0 0
0.554279 0.633333 -16.5031 -1.05351 35.1488 0 0 0 0 0
0.666054 0.7 -11.7399 -0.526755 35.1488 0 0 0 0 0
0.666054 0.666667 -5.86997 -0.263377 35.1488 0 0 0 0 0
0.879779 0.733333 -27.935 -25.1317 -38.1405 0 0 0 0 0
0.879779 0.633333 -13.9675 -12.5658 -38.1405 0 0 0 0 0
0.956721 0.733333 -31.9837 -31.2829 -29.0562 0 0 0 0 0
0.956721 0.666667 -15.9919 -15.6415 -29.0562 0 0 0 0 0
0.765376 0.7 -32.9959 -7.82073 -29.0562 0 0 0 0 0
0.612301 0.6 -41.498 -3.91037 -29.0562 0 0 0 0 0
0.489841 0.633333 -16.8929 -1.95518 -29.0562 0 0 0 0 0
0.391873 0.6 -33.4464 -0.977591 -29.0562 0 0 0 0 0
0.635124 0.7 -41.7232 -0.488796 -29.0562 0 0 0 0 0
0.635124 0.633333 -20.8616 -0.244398 -29.0562 0 0 0 0 0
0.508099 0.7 -35.4308 -0.122199 -29.0562 0 0 0 0 0
0.508099 0.633333 -17.7154 -0.0610995 -29.0562 0 0 0 0 0
0.704859 0.7 -26.3577 3.23032 -29.0562 0 0 0 0 0
0.704859 0.633333 -13.1789 1.61516 -29.0562 0 0 0 0 0
0.822916 0.666667 -31.5894 0.80758 -29.0562 0 0 0 0 0
0.893749 0.633333 -40.7947 3.66466 -10.4225 0 0 0 0 0
0.572 0.633333 -13.7436 1.83233 -10.4225 0 0 0 0 0
0.4576 0.633333 2.99437 0.916165 -10.4225 0 0 0 0 0
0.36608 0.633333 -23.5028 0.458082 -10.4225 0 0 0 0 0
0.619648 0.633333 -28.4181 1.79154 -10.4225 0 0 0 0 0
0.495718 0.733333 -28.9818 3.81244 -10.4225 0 0 0 0 0
0.396575 0.7 -31.2672 4.40622 -10.4225 0 0 0 0 0
0.31726 0.733333 -40.6336 2.20311 -10.4225 0 0 0 0 0
0.31726 0.7 -20.3168 1.10155 -10.4225 0 0 0 0 0
0.253808 0.733333 -35.1584 0.550777 -10.4225 0 0 0 0 0
0.253808 0.633333 -17.5792 0.275389 -10.4225 0 0 0 0 0
0.521828 0.7 -33.7896 -24.8623 -4.76899 0 0 0 0 0
0.650477 0.633333 -41.8948 -37.4312 -1.3076 0 0 0 0 0
0.712229 0.633333 -45.9474 -43.7156 -0.523039 0 0 0 0 0
0.827337 0.6 -47.9737 -26.0245 18.9908 0 0 0 0 0
0.878273 0.633333 -48.9868 -38.0122 46.5963 0 0 0 0 0
0.702619 0.566667 -23.9252 -19.0061 46.5963 0 0 0 0 0
0.892943 0.633333 -36.9626 -34.5031 -28.7615 0 0 0 0 0
0.935766 0.6 -43.4813 -17.2515 -28.7615 0 0 0 0 0
0.961459 0.6 -32.2875 -12.1972 -17.5046 0 0 0 0 0
0.861501 0.633333 -41.1438 -6.0986 -17.5046 0 0 0 0 0
0.9169 0.6 -20.3268 -3.0493 -17.5046 0 0 0 0 0
0.95014 0.633333 -35.1634 -1.52465 -17.5046 0 0 0 0 0
0.970084 0.533333 -42.5817 -0.762325 -17.5046 0 0 0 0 0
0.98205 0.633333 -46.2908 -0.381162 -17.5046 0 0 0 0 0
0.98923 0.533333 -48.1454 -0.190581 -17.5046 0 0 0 0 0
0.791384 0.633333 -39.4373 -0.0952906 -17.5046 0 0 0 0 0
0.874831 0.533333 -33.7493 -0.0476453 -17.5046 0 0 0 0 0
0.924898 0.6 -14.0685 -0.0238226 -17.5046 0 0 0 0 0
0.954939 0.6 -32.0343 -0.0119113 -17.5046 0 0 0 0 0
0.972963 0.6 -15.5269 -0.00595566 -17.5046 0 0 0 0 0
0.983778 0.6 -3.75288 -0.00297783 -17.5046 0 0 0 0 0
0.990267 0.566667 0.140136 -0.00148892 -17.5046 0 0 0 0 0
0.99416 0.6 -24.9299 -0.000744458 -17.5046 0 0 0 0 0
0.996496 0.6 -9.65884 -0.000372229 -17.5046 0 0 0 0 0
0.997898 0.566667 -3.78776 -0.000186114 -17.5046 0 0 0 0 0
0.998739 0.6 -0.0709609 -9.30572e-005 -17.5046 0 0 0 0 0
0.999243 0.533333 -25.0355 -4.65286e-005 -17.5046 0 0 0 0 0
0.999546 0.633333 -10.7759 -2.32643e-005 -17.5046 0 0 0 0 0
0.999728 0.566667 -30.3879 -1.16321e-005 -17.5046 0 0 0 0 0
0.999837 0.666667 -40.194 -5.81607e-006 -17.5046 0 0 0 0 0
0.999902 0.566667 -45.097 -2.90804e-006 -17.5046 0 0 0 0 0
0.999941 0.633333 -47.5485 -1.45402e-006 -17.5046 0 0 0 0 0
0.999965 0.666667 -48.7742 -7.27009e-007 -17.5046 0 0 0 0 0
0.999979 0.633333 -22.3871 -3.63505e-007 -17.5046 0 0 0 0 0
0.999987 0.633333 -36.1936 -1.81752e-007 -17.5046 0 0 0 0 0
0.999992 0.6 -4.37129 -2.57353 -8.80184 0 0 0 0 0
0.927998 0.6 -27.1856 -26.2868 -5.32073 0 0 0 0 0
0.956799 0.533333 -38.5928 -13.1434 -5.32073 0 0 0 0 0
0.974079 0.6 -17.2131 -6.57169 -5.32073 0 0 0 0 0
0.984448 0.6 -33.6065 -3.28585 -5.32073 0 0 0 0 0
0.990669 0.666667 -33.64 -1.64292 -5.32073 0 0 0 0 0
0.994401 0.6 -41.82 -0.821461 -5.32073 0 0 0 0 0
0.795521 0.6 -45.91 -0.410731 -5.32073 0 0 0 0 0
0.926388 0.666667 -47.955 -25.2054 -1.52829 0 0 0 0 0
0.955833 0.633333 -48.9775 -12.6027 -1.52829 0 0 0 0 0
0.9735 0.633333 -23.159 -6.30134 -1.52829 0 0 0 0 0
0.9841 0.633333 -9.18586 -3.15067 -1.52829 0 0 0 0 0
0.99046 0.633333 -2.29701 -1.57534 -1.52829 0 0 0 0 0
0.994276 0.566667 -26.1485 -0.787668 -1.52829 0 0 0 0 0
0.996566 0.6 -10.6806 -0.393834 -1.52829 0 0 0 0 0
0.797252 0.6 -6.30186 -0.196917 -1.52829 0 0 0 0 0
0.878352 0.6 0.695226 -0.0984585 -1.52829 0 0 0 0 0
0.927011 0.566667 -24.6524 -0.0492292 -1.52829 0 0 0 0 0
0.741609 0.6 -9.27064 -0.0246146 -1.52829 0 0 0 0 0
0.844965 0.566667 -3.87001 -0.0123073 -1.52829 0 0 0 0 0
0.906979 0.6 -1.93501 -0.00615365 -1.52829 0 0 0 0 0
0.944187 0.533333 -25.9675 -0.00307683 -1.52829 0 0 0 0 0
0.966513 0.6 -10.8561 -0.00153841 -1.52829 0 0 0 0 0
0.979908 0.566667 -30.428 -0.000769207 -1.52829 0 0 0 0 0
0.987944 0.666667 -40.214 -0.000384603 -1.52829 0 0 0 0 0
0.992767 0.633333 -45.107 -0.000192302 -1.52829 0 0 0 0 0
0.794213 0.666667 -47.5535 -9.61508e-005 -1.52829 0 0 0 0 0
0.876528 0.633333 -48.7768 -4.80754e-005 -1.52829 0 0 0 0 0
0.925917 0.666667 -22.6027 -2.40377e-005 -1.52829 0 0 0 0 0
0.740733 0.633333 -36.3013 -1.20189e-005 -1.52829 0 0 0 0 0
0.84444 0.666667 -16.3277 -6.00943e-006 -1.52829 0 0 0 0 0
0.906664 0.6 -33.1639 -3.00471e-006 -1.52829 0 0 0 0 0
0.943998 0.6 -41.5819 -1.50236e-006 -1.52829 0 0 0 0 0
0.966399 0.6 -17.4056 -7.51178e-007 -1.52829 0 0 0 0 0
0.987904 0.6 -33.7028 -25 19.7887 0 0 0 0 0
0.992742 0.6 -32.216 -12.5 19.7887 0 0 0 0 0
0.995645 0.6 -41.108 -6.25 19.7887 0 0 0 0 0
0.997387 0.6 -45.554 -3.125 19.7887 0 0 0 0 0
0.998432 0.566667 -47.777 -1.5625 19.7887 0 0 0 0 0
0.999059 0.6 -48.8885 -0.78125 19.7887 0 0 0 0 0
0.999436 0.6 -40.3297 -0.390625 19.7887 0 0 0 0 0
0.999661 0.566667 -17.3002 -0.195313 19.7887 0 0 0 0 0
0.999797 0.6 -13.0772 -0.0976563 19.7887 0 0 0 0 0
0.999878 0.566667 -31.5386 -0.0488281 19.7887 0 0 0 0 0
0.999927 0.666667 -13.9076 -0.0244141 19.7887 0 0 0 0 0
0.999956 0.633333 -4.82614 -0.012207 19.7887 0 0 0 0 0
0.799965 0.633333 0.151032 -0.00610352 19.7887 0 0 0 0 0
0.879979 0.7 -24.9245 -0.00305176 19.7887 0 0 0 0 0
0.703983 0.666667 -10.8597 -0.00152588 19.7887 0 0 0 0 0
0.82239 0.633333 -2.65206 -0.000762939 19.7887 0 0 0 0 0
0.893434 0.633333 1.79897 -0.00038147 19.7887 0 0 0 0 0
0.93606 0.7 -24.1005 -0.000190735 19.7887 0 0 0 0 0
0.961636 0.633333 -9.9226 -9.53674e-005 19.7887 0 0 0 0 0
0.976982 0.633333 -29.9613 -4.76837e-005 19.7887 0 0 0 0 0
0.986189 0.566667 -39.9806 -2.38419e-005 19.7887 0 0 0 0 0
0.991713 0.6 -44.9903 -1.19209e-005 19.7887 0 0 0 0 0
0.995028 0.5 -47.4952 -5.96046e-006 19.7887 0 0 0 0 0
0.796022 0.6 -48.7476 -2.98023e-006 19.7887 0 0 0 0 0
0.877613 0.566667 -21.1129 -1.49012e-006 19.7887 0 0 0 0 0
0.926568 0.633333 -35.5565 -7.45058e-007 19.7887 0 0 0 0 0
0.955941 0.6 -15.556 -3.72529e-007 19.7887 0 0 0 0 0
0.973565 0.633333 -32.778 -1.86265e-007 19.7887 0 0 0 0 0
0.984139 0.633333 -41.389 -9.31323e-008 19.7887 0 0 0 0 0
0.787311 0.633333 -21.479 -4.65661e-008 19.7887 0 0 0 0 0
0.629849 0.666667 -35.7395 -2.32831e-008 19.7887 0 0 0 0 0
0.777909 0.633333 -16.0468 -1.16415e-008 19.7887 0 0 0 0 0
0.622327 0.6 -33.0234 -5.82077e-009 19.7887 0 0 0 0 0
0.773396 0.633333 -41.5117 -2.91038e-009 19.7887 0 0 0 0 0
0.618717 0.633333 -45.7559 -1.45519e-009 19.7887 0 0 0 0 0
0.77123 0.633333 -47.8779 -7.27596e-010 19.7887 0 0 0 0 0
0.862738 0.6 -23.3955 -3.63798e-010 19.7887 0 0 0 0 0
0.917643 0.6 -15.5866 -1.81899e-010 19.7887 0 0 0 0 0
0.950586 0.633333 -6.43462 -9.09495e-011 19.7887 0 0 0 0 0
0.970351 0.566667 -28.2173 -4.54747e-011 19.7887 0 0 0 0 0
0.776281 0.6 -11.5446 -2.27374e-011 19.7887 0 0 0 0 0
0.865769 0.633333 0.317467 -1.13687e-011 19.7887 0 0 0 0 0
0.919461 0.566667 2.65873 -5.68434e-012 19.7887 0 0 0 0 0
0.951677 0.633333 -23.6706 -2.84217e-012 19.7887 0 0 0 0 0
0.761341 0.566667 -7.66865 -1.42109e-012 19.7887 0 0 0 0 0
0.856805 0.6 -1.11693 -7.10543e-013 19.7887 0 0 0 0 0
0.685444 0.533333 -4.81379 -3.55271e-013 19.7887 0 0 0 0 0
0.811266 0.633333 -27.4069 -1.77636e-013 19.7887 0 0 0 0 0
0.88676 0.533333 -7.93422 -8.88178e-014 19.7887 0 0 0 0 0
0.932056 0.633333 -28.9671 -4.44089e-014 19.7887 0 0 0 0 0
0.959234 0.533333 -39.4836 -2.22045e-014 19.7887 0 0 0 0 0
0.97554 0.6 -44.7418 -1.11022e-014 19.7887 0 0 0 0 0
0.985324 0.566667 -47.3709 -5.55112e-015 19.7887 0 0 0 0 0
0.991194 0.633333 -48.6854 -2.77556e-015 19.7887 0 0 0 0 0
0.994717 0.6 -18.2616 -1.38778e-015 19.7887 0 0 0 0 0
0.99683 0.7 -34.1308 -6.93889e-016 19.7887 0 0 0 0 0
0.998098 0.633333 -18.668 -3.46945e-016 19.7887 0 0 0 0 0
0.998859 0.666667 -34.334 -1.73472e-016 19.7887 0 0 0 0 0
0.999315 0.7 -42.167 -8.67362e-017 19.7887 0 0 0 0 0
0.999589 0.666667 -37.3878 -4.33681e-017 19.7887 0 0 0 0 0
0.999753 0.633333 -43.6939 -2.1684e-017 19.7887 0 0 0 0 0
0.799803 0.666667 -34.0091 0.337838 19.7887 0 0 0 0 0
0.879882 0.6 -1.3533 -3.03486 -5.88453 0 0 0 0 0
0.822343 0.633333 -25.6767 -1.51743 -5.88453 0 0 0 0 0
0.936044 0.566667 -37.8383 -25.7587 25.2462 0 0 0 0 0
0.748835 0.6 -43.9192 -12.8794 25.2462 0 0 0 0 0
0.849301 0.6 -31.9596 -6.43968 25.2462 0 0 0 0 0
0.909581 0.6 -17.5824 -3.21984 25.2462 0 0 0 0 0
0.945748 0.566667 -7.71975 -1.60992 25.2462 0 0 0 0 0
0.967449 0.633333 -28.8599 -0.80496 25.2462 0 0 0 0 0
0.980469 0.566667 -11.279 -0.40248 25.2462 0 0 0 0 0
0.784376 0.633333 -7.01069 4.07508 25.2462 0 0 0 0 0
0.870625 0.566667 -3.20773 2.03754 25.2462 0 0 0 0 0
0.922375 0.6 -26.6039 1.01877 25.2462 0 0 0 0 0
0.953425 0.5 -23.7186 0.509384 25.2462 0 0 0 0 0
0.76274 0.6 -17.6629 4.20206 25.2462 0 0 0 0 0
0.857644 0.5 -8.83144 2.10103 25.2462 0 0 0 0 0
0.686115 0.6 17.6557 3.0242 -25.9015 0 0 0 0 0
0.729335 0.533333 26.2298 -2.16437 38.2394 0 0 0 0 0
0.750081 0.633333 -11.8851 -1.08219 38.2394 0 0 0 0 0
0.600065 0.566667 -30.9425 -0.541093 38.2394 0 0 0 0 0
0.760039 0.633333 -40.4713 -0.270546 38.2394 0 0 0 0 0
0.856023 0.633333 -45.2356 -0.135273 38.2394 0 0 0 0 0
0.913614 0.666667 -47.6178 -0.0676366 38.2394 0 0 0 0 0
0.948168 0.633333 -20.3205 -0.0338183 38.2394 0 0 0 0 0
0.758535 0.633333 -35.1603 -0.0169091 38.2394 0 0 0 0 0
0.855121 0.6 -14.5246 -0.00845457 38.2394 0 0 0 0 0
0.913073 0.633333 -32.2623 -0.00422729 38.2394 0 0 0 0 0
0.947843 0.6 -41.1311 -0.00211364 38.2394 0 0 0 0 0
0.981224 0.633333 -45.5656 -25.0011 1.49576 0 0 0 0 0
0.988734 0.566667 -47.7828 -12.5005 1.49576 0 0 0 0 0
0.993241 0.633333 -41.0426 -6.25026 1.49576 0 0 0 0 0
0.794592 0.566667 -20.2762 -3.12513 1.49576 0 0 0 0 0
0.635674 0.633333 -26.2095 2.22531 -3.6017 0 0 0 0 0
0.705123 0.533333 -38.1048 1.11266 -3.6017 0 0 0 0 0
0.564099 0.6 -44.0524 0.556328 -3.6017 0 0 0 0 0
0.738459 0.566667 -35.2405 0.278164 -3.6017 0 0 0 0 0
0.590767 0.566667 -29.3224 0.139082 -3.6017 0 0 0 0 0
0.472614 0.566667 -17.6704 1.45843 -3.6017 0 0 0 0 0
0.378091 0.6 -33.8352 0.729215 -3.6017 0 0 0 0 0
0.302473 0.633333 4.38341 0.364607 -15.8407 0 0 0 0 0
0.193583 0.566667 -0.486866 7.41915 -15.8407 0 0 0 0 0
0.51615 0.633333 1.97879 3.70957 -15.8407 0 0 0 0 0
0.41292 0.6 -24.0106 1.85479 -15.8407 0 0 0 0 0
0.330336 0.633333 -11.5589 3.88792 -15.8407 0 0 0 0 0
0.598201 0.666667 -1.43161 1.94396 -15.8407 0 0 0 0 0
0.758921 0.666667 4.83975 0.97198 -15.8407 0 0 0 0 0
0.607137 0.633333 4.6421 0.48599 -15.8407 0 0 0 0 0
0.764282 0.633333 6.39714 0.242995 -15.8407 0 0 0 0 0
0.611426 0.633333 -21.8014 0.121497 -15.8407 0 0 0 0 0
0.766855 0.633333 -35.9007 0.0607487 -15.8407 0 0 0 0 0
0.860113 0.633333 -42.9504 0.0303744 -15.8407 0 0 0 0 0
0.916068 0.6 -46.4752 0.0151872 -15.8407 0 0 0 0 0
0.949641 0.6 -48.2376 0.00759359 -15.8407 0 0 0 0 0
0.969784 0.6 -37.1507 0.0037968 -15.8407 0 0 0 0 0
0.981871 0.566667 -43.5754 0.0018984 -15.8407 0 0 0 0 0
0.989122 0.633333 -24.2333 0.000949199 -15.8407 0 0 0 0 0
0.993473 0.633333 -37.1167 0.0004746 -15.8407 0 0 0 0 0
0.996084 0.7 -43.5583 0.0002373 -15.8407 0 0 0 0 0
0.99765 0.666667 -46.7792 0.00011865 -15.8407 0 0 0 0 0
0.99859 0.633333 -48.3896 5.93249e-005 -15.8407 0 0 0 0 0
0.798872 0.7 -35.631 6.04842 -15.8407 0 0 0 0 0
0.639098 0.666667 -30.7963 5.88135 -15.8407 0 0 0 0 0
0.783459 0.633333 -27.6322 6.16648 -15.8407 0 0 0 0 0
0.626767 0.633333 -38.8161 3.08324 -15.8407 0 0 0 0 0
0.501414 0.6 -44.408 1.54162 -15.8407 0 0 0 0 0
0.401131 0.633333 -13.9897 0.77081 -15.8407 0 0 0 0 0
0.640679 0.633333 -10.2557 0.385405 -15.8407 0 0 0 0 0
0.512543 0.633333 -6.08941 0.192703 -15.8407 0 0 0 0 0
0.707526 0.633333 -28.0447 0.0963513 -15.8407 0 0 0 0 0
0.566021 0.666667 -11.4655 0.0481756 -15.8407 0 0 0 0 0
0.739612 0.633333 6.66792 -3.63407 33.2637 0 0 0 0 0
0.755014 0.666667 -12.2216 -1.81703 33.2637 0 0 0 0 0
0.853008 0.566667 -31.1108 -0.908517 33.2637 0 0 0 0 0
0.911805 0.633333 -19.6315 -0.454259 33.2637 0 0 0 0 0
0.729444 0.533333 -25.7248 -0.227129 33.2637 0 0 0 0 0
0.837666 0.6 -0.96956 -3.08976 13.9055 0 0 0 0 0
0.80208 0.633333 -16.678 -1.92367 -51.4378 0 0 0 0 0
0.784998 0.666667 -23.4431 -0.961833 -51.4378 0 0 0 0 0
0.870999 0.6 -36.7216 -0.480916 -51.4378 0 0 0 0 0
0.922599 0.7 -43.3608 -0.240458 -51.4378 0 0 0 0 0
0.95356 0.7 -46.6804 -0.120229 -51.4378 0 0 0 0 0
0.972136 0.633333 -48.3402 -0.0601145 -51.4378 0 0 0 0 0
0.983281 0.666667 -13.0045 -3.70653 -19.9751 0 0 0 0 0
0.871975 0.666667 5.37749 -3.9316 50.81 0 0 0 0 0
0.818548 0.633333 16.9044 -4.90697 -42.676 0 0 0 0 0
0.792903 0.666667 21.5484 -3.82295 -4.47041 0 0 0 0 0
0.780593 0.7 20.8232 -3.74971 -11.9882 0 0 0 0 0
0.774685 0.633333 19.9949 -3.13748 20.4047 0 0 0 0 0
0.771849 0.666667 -15.0025 -1.56874 20.4047 0 0 0 0 0
0.863109 0.633333 5.49873 -3.0571 2.76189 0 0 0 0 0
0.55239 0.633333 12.7494 -3.42249 2.30476 0 0 0 0 0
0.665147 0.666667 -5.41103 -1.71124 2.30476 0 0 0 0 0
0.532118 0.6 17.1749 -4.50146 -0.278097 0 0 0 0 0
0.655416 0.6 -16.4125 -2.25073 -0.278097 0 0 0 0 0
0.79325 0.533333 7.42453 -6.94923 0.488761 0 0 0 0 0
0.78076 0.6 2.49275 -3.47461 0.488761 0 0 0 0 0
0.624608 0.566667 -23.7536 -9.86472 0.195504 0 0 0 0 0
0.399749 0.566667 -36.8768 -16.9115 0.678202 0 0 0 0 0
0.59188 0.566667 -43.4384 -8.45576 0.678202 0 0 0 0 0
0.473504 0.6 -8.72578 -7.14455 0.271281 0 0 0 0 0
0.303042 0.633333 -3.3825 -3.57227 0.271281 0 0 0 0 0
0.242434 0.6 13.259 -3.03073 -21.4915 0 0 0 0 0
0.516368 0.633333 -18.3705 -1.51536 -21.4915 0 0 0 0 0
0.709821 0.533333 -2.04238 -0.757681 -21.4915 0 0 0 0 0
0.825893 0.6 6.53889 -0.378841 -21.4915 0 0 0 0 0
0.895536 0.633333 -4.32666 -0.18942 -21.4915 0 0 0 0 0
0.937321 0.566667 -16.107 0.831216 -21.4915 0 0 0 0 0
0.962393 0.6 -30.7474 0.415608 -21.4915 0 0 0 0 0
0.977436 0.566667 -40.3737 0.207804 -21.4915 0 0 0 0 0
0.986461 0.633333 -45.1868 0.103902 -21.4915 0 0 0 0 0
0.991877 0.633333 -47.5934 0.051951 -21.4915 0 0 0 0 0
0.995126 0.666667 -8.64519 -5.5138 9.40341 0 0 0 0 0
0.877661 0.633333 -2.53688 -2.7569 9.40341 0 0 0 0 0
0.926596 0.6 21.158 -4.63932 -4.03864 0 0 0 0 0
0.593022 0.666667 -5.04599 3.27245 -4.03864 0 0 0 0 0
0.474417 0.566667 19.9693 -0.00851393 1.38454 0 0 0 0 0
0.303627 0.633333 -0.729623 -0.00425696 1.38454 0 0 0 0 0
0.582176 0.566667 20.6352 1.13424 4.75382 0 0 0 0 0
0.679445 0.6 -14.6824 0.567118 4.75382 0 0 0 0 0
0.8846 0.533333 -32.3412 -24.7164 3.70153 0 0 0 0 0
0.93076 0.6 -26.5277 -12.3582 3.70153 0 0 0 0 0
0.744608 0.533333 -0.585301 -4.96943 -2.71939 0 0 0 0 0
0.476549 0.6 -15.2927 -2.48472 -2.71939 0 0 0 0 0
0.685929 0.6 -32.6463 -1.24236 -2.71939 0 0 0 0 0
0.811558 0.6 -28.8232 -0.621179 -2.71939 0 0 0 0 0
0.649246 0.6 -29.9728 2.71971 -2.71939 0 0 0 0 0
0.519397 0.566667 -26.6686 1.35986 -2.71939 0 0 0 0 0
0.711638 0.6 -11.6298 0.679928 -2.71939 0 0 0 0 0
0.826983 0.6 -30.8149 0.339964 -2.71939 0 0 0 0 0
0.89619 0.633333 -24.6932 0.169982 -2.71939 0 0 0 0 0
0.937714 0.6 4.32009 0.084991 -2.71939 0 0 0 0 0
0.750171 0.6 -10.7187 0.0424955 -2.71939 0 0 0 0 0
0.850103 0.566667 -30.3594 0.0212478 -2.71939 0 0 0 0 0
0.910062 0.6 -26.6083 0.0106239 -2.71939 0 0 0 0 0
0.946037 0.6 -27.7272 2.88993 -2.71939 0 0 0 0 0
0.967622 0.666667 -24.0056 1.44496 -2.71939 0 0 0 0 0
0.980573 0.7 6.92577 -0.364475 -0.487756 0 0 0 0 0
0.870675 0.7 -9.03711 -0.182237 -0.487756 0 0 0 0 0
0.922405 0.7 -29.5186 -0.0911187 -0.487756 0 0 0 0 0
0.953443 0.733333 -39.7593 -0.0455593 -0.487756 0 0 0 0 0
0.972066 0.733333 1.07624 -3.43187 20.8049 0 0 0 0 0
0.622122 0.666667 7.10062 -1.71594 20.8049 0 0 0 0 0
0.622122 0.666667 3.55031 -0.857968 20.8049 0 0 0 0 0
0.773273 0.6 2.8781 -0.428984 20.8049 0 0 0 0 0
0.863964 0.6 0.724763 -0.214492 20.8049 0 0 0 0 0
0.918378 0.633333 -4.28048 -0.107246 20.8049 0 0 0 0 0
0.951027 0.633333 -12.8545 -0.053623 20.8049 0 0 0 0 0
0.760822 0.666667 -19.4175 4.7526 20.8049 0 0 0 0 0
0.856493 0.6 -34.7087 2.3763 20.8049 0 0 0 0 0
0.913896 0.666667 -42.3544 1.18815 20.8049 0 0 0 0 0
0.948337 0.633333 -31.1772 0.594075 20.8049 0 0 0 0 0
0.75867 0.666667 -21.5669 1.50671 20.8049 0 0 0 0 0
0.606936 0.633333 -18.9977 0.753357 20.8049 0 0 0 0 0
0.606936 0.633333 -9.49886 0.376679 20.8049 0 0 0 0 0
0.764162 0.566667 -9.52884 0.188339 20.8049 0 0 0 0 0
0.611329 0.566667 -3.08173 1.1656 20.8049 0 0 0 0 0
0.766798 0.566667 8.38561 0.582799 20.8049 0 0 0 0 0
0.860079 0.566667 -4.99837 0.2914 20.8049 0 0 0 0 0
0.916047 0.533333 -27.4992 0.1457 20.8049 0 0 0 0 0
0.949628 0.6 -8.65506 0.0728499 20.8049 0 0 0 0 0
0.969777 0.6 17.0084 -3.28483 9.52196 0 0 0 0 0
0.865493 0.6 2.4328 -1.64242 9.52196 0 0 0 0 0
0.919296 0.6 -23.7836 -0.821208 9.52196 0 0 0 0 0
0.951577 0.666667 -27.2489 -0.410604 9.52196 0 0 0 0 0
0.970946 0.633333 0.162293 -1.62576 -17.1912 0 0 0 0 0
0.866054 0.633333 21.8669 -3.53027 12.3235 0 0 0 0 0
0.554275 0.633333 2.8452 -1.76513 12.3235 0 0 0 0 0
0.732565 0.566667 3.9226 -0.882567 12.3235 0 0 0 0 0
0.586052 0.633333 10.1556 -0.112336 25.3294 0 0 0 0 0
0.375073 0.6 26.0238 -5.22858 -25.8682 0 0 0 0 0
0.580035 0.633333 34.3214 2.78344 -11.5473 0 0 0 0 0
0.678417 0.566667 15.6456 1.39172 -11.5473 0 0 0 0 0
0.80705 0.633333 6.43389 0.695859 -11.5473 0 0 0 0 0
0.88423 0.566667 -7.49734 0.34793 -11.5473 0 0 0 0 0
0.707384 0.633333 -5.99867 0.931541 -11.5473 0 0 0 0 0
0.82443 0.566667 -18.697 0.46577 -11.5473 0 0 0 0 0
0.659544 0.6 -17.9199 0.232885 -11.5473 0 0 0 0 0
0.527635 0.566667 -10.3489 1.85255 -11.5473 0 0 0 0 0
0.422108 0.6 -30.1744 0.926277 -11.5473 0 0 0 0 0
0.653265 0.633333 -40.0872 0.463138 -11.5473 0 0 0 0 0
0.791959 0.6 1.50401 -0.311909 -22.6189 0 0 0 0 0
0.506854 0.6 6.33711 -0.155955 -22.6189 0 0 0 0 0
0.704112 0.533333 5.66856 -0.0779773 -22.6189 0 0 0 0 0
0.822467 0.6 22.4771 -2.75638 9.55243 0 0 0 0 0
0.526379 0.533333 3.42607 2.24023 9.55243 0 0 0 0 0
0.421103 0.6 -5.73377 1.12012 9.55243 0 0 0 0 0
0.336883 0.566667 19.9272 -1.71267 -14.779 0 0 0 0 0
0.561704 0.6 22.7087 -4.90045 48.6884 0 0 0 0 0
0.669618 0.6 -13.6456 -2.45023 48.6884 0 0 0 0 0
0.801771 0.566667 -7.5804 -1.22511 48.6884 0 0 0 0 0
0.641417 0.6 0.731078 -0.612557 48.6884 0 0 0 0 0
0.513133 0.566667 2.58776 -0.306278 48.6884 0 0 0 0 0
0.70788 0.633333 -23.7061 -0.153139 48.6884 0 0 0 0 0
0.566304 0.533333 -14.4973 -0.0765696 48.6884 0 0 0 0 0
0.453043 0.6 10.5618 2.92224 -15.9246 0 0 0 0 0
0.289948 0.533333 -13.1014 6.97583 -15.9246 0 0 0 0 0
0.573969 0.566667 -7.15692 3.48791 -15.9246 0 0 0 0 0
0.459175 0.6 -4.05016 2.45824 -15.9246 0 0 0 0 0
0.675505 0.633333 18.3697 0.748352 -6.36986 0 0 0 0 0
0.724242 0.633333 7.39911 0.374176 -6.36986 0 0 0 0 0
0.834545 0.6 -10.229 0.187088 -6.36986 0 0 0 0 0
0.667636 0.666667 -6.5034 0.093544 -6.36986 0 0 0 0 0
0.800582 0.666667 -5.39456 0.046772 -6.36986 0 0 0 0 0
0.880349 0.7 -0.911563 0.023386 -6.36986 0 0 0 0 0
0.704279 0.7 13.2489 0.011693 -2.54794 0 0 0 0 0
0.738054 0.633333 -2.07247 0.0058465 -2.54794 0 0 0 0 0
0.590443 0.633333 -2.26173 0.37057 -2.54794 0 0 0 0 0
0.754266 0.666667 -10.6897 0.185285 -2.54794 0 0 0 0 0
0.85256 0.7 -21.456 -0.740691 33.7808 0 0 0 0 0
0.809229 0.633333 -35.728 -0.370345 33.7808 0 0 0 0 0
0.885537 0.633333 -15.0862 -0.185173 33.7808 0 0 0 0 0
0.931322 0.633333 -12.9002 -0.0925863 33.7808 0 0 0 0 0
0.958793 0.6 -3.87659 -0.0462932 33.7808 0 0 0 0 0
0.975276 0.633333 -9.08115 -0.0231466 33.7808 0 0 0 0 0
0.985166 0.666667 -2.215 -0.0115733 33.7808 0 0 0 0 0
0.991099 0.6 -4.67893 -0.00578665 33.7808 0 0 0 0 0
0.99466 0.6 -1.96068 -0.00289332 33.7808 0 0 0 0 0
0.996796 0.633333 9.47885 -1.56395 9.91233 0 0 0 0 0
0.878462 0.6 17.5873 -3.36818 -27.8351 0 0 0 0 0
0.562216 0.633333 2.67118 -0.90284 -27.8351 0 0 0 0 0
0.737329 0.633333 -2.43992 -0.45142 -27.8351 0 0 0 0 0
0.589864 0.633333 10.7898 -2.06395 -24.934 0 0 0 0 0
0.377513 0.566667 -19.6051 -1.03197 -24.934 0 0 0 0 0
0.30201 0.666667 -24.9986 3.16048 -24.934 0 0 0 0 0
0.581206 0.6 -10.0537 1.58024 -24.934 0 0 0 0 0
0.748724 0.666667 -18.3989 0.790121 -24.934 0 0 0 0 0
0.849234 0.6 6.68967 -1.68827 3.82639 0 0 0 0 0
0.807632 0.666667 0.0839653 -0.844136 3.82639 0 0 0 0 0
0.646106 0.6 -15.8062 6.15688 3.82639 0 0 0 0 0
0.787664 0.6 3.37139 0.50491 38.1306 0 0 0 0 0
0.778078 0.6 -15.7056 0.252455 38.1306 0 0 0 0 0
0.866847 0.633333 1.33837 0.126228 38.1306 0 0 0 0 0
0.920108 0.566667 -10.4022 0.0631138 38.1306 0 0 0 0 0
0.952065 0.566667 -11.9868 0.0315569 38.1306 0 0 0 0 0
0.971239 0.566667 -4.00478 0.0157784 38.1306 0 0 0 0 0
0.982743 0.566667 -7.00239 0.00788922 38.1306 0 0 0 0 0
0.993788 0.6 -28.5012 -24.9961 14.6522 0 0 0 0 0
0.996273 0.566667 -9.52087 -12.498 14.6522 0 0 0 0 0
0.997764 0.6 -9.54767 -5.84579 14.6522 0 0 0 0 0
0.798211 0.6 -29.7738 -2.92289 14.6522 0 0 0 0 0
0.638569 0.6 -30.0655 5.44645 14.6522 0 0 0 0 0
0.510855 0.566667 -20.1958 2.72322 14.6522 0 0 0 0 0
0.706513 0.566667 -0.0488742 -1.97172 5.86089 0 0 0 0 0
0.452168 0.6 7.47556 -0.985861 5.86089 0 0 0 0 0
0.361735 0.566667 -1.73097 1.85082 5.86089 0 0 0 0 0
0.617041 0.6 -7.85078 0.92541 5.86089 0 0 0 0 0
0.493633 0.533333 -5.91403 0.462705 5.86089 0 0 0 0 0
0.394906 0.6 -9.20701 5.49451 5.86089 0 0 0 0 0
0.315925 0.6 6.9161 2.05281 -32.4556 0 0 0 0 0
0.551644 0.633333 4.35091 1.02641 -32.4556 0 0 0 0 0
0.441315 0.6 -1.47038 1.29445 -32.4556 0 0 0 0 0
0.353052 0.633333 3.61264 0.647226 -32.4556 0 0 0 0 0
0.611831 0.633333 -23.1937 0.323613 -32.4556 0 0 0 0 0
0.489465 0.6 -16.0611 5.09602 -32.4556 0 0 0 0 0
0.693679 0.666667 -21.4027 2.54801 -32.4556 0 0 0 0 0
0.554943 0.633333 -9.98017 3.84753 -32.4556 0 0 0 0 0
0.443955 0.633333 -6.55259 4.88429 -32.4556 0 0 0 0 0
0.355164 0.666667 -1.28766 2.44215 -32.4556 0 0 0 0 0
0.284131 0.666667 -1.56975 1.22107 -32.4556 0 0 0 0 0
0.570479 0.666667 -5.33033 0.610537 -32.4556 0 0 0 0 0
0.456383 0.7 -5.11082 1.11172 -32.4556 0 0 0 0 0
0.365106 0.7 -4.85133 0.55586 -32.4556 0 0 0 0 0
0.619064 0.733333 0.0199885 0.27793 -32.4556 0 0 0 0 0
0.771438 0.7 -7.49001 0.138965 -32.4556 0 0 0 0 0
0.617151 0.7 -2.75405 2.6639 -32.4556 0 0 0 0 0
0.77029 0.666667 -12.8056 1.33195 -32.4556 0 0 0 0 0
0.616232 0.666667 -31.4028 0.665974 -32.4556 0 0 0 0 0
0.492986 0.633333 -29.2884 3.55879 -32.4556 0 0 0 0 0
0.394389 0.7 -10.951 1.7794 -32.4556 0 0 0 0 0
0.636633 0.633333 -30.4755 0.889698 -32.4556 0 0 0 0 0
0.509307 0.633333 -23.5711 0.444849 -32.4556 0 0 0 0 0
0.705584 0.633333 -0.943704 -1.7307 20.0177 0 0 0 0 0
0.73868 0.633333 10.2424 -2.75929 9.8071 0 0 0 0 0
0.754567 0.6 -7.6993 -1.37964 9.8071 0 0 0 0 0
0.85274 0.6 -16.3496 -0.689822 9.8071 0 0 0 0 0
0.911644 0.533333 -21.8112 -0.344911 9.8071 0 0 0 0 0
0.729315 0.566667 -9.15005 -0.172456 9.8071 0 0 0 0 0
0.837589 0.6 2.77791 -5.87667 -44.0772 0 0 0 0 0
0.802043 0.566667 -11.4763 -2.93833 -44.0772 0 0 0 0 0
0.641634 0.6 -19.3542 2.80715 -44.0772 0 0 0 0 0
0.78498 0.566667 -6.89933 1.40357 -44.0772 0 0 0 0 0
0.922593 0.6 -28.4497 -24.2982 -24.8309 0 0 0 0 0
0.953556 0.633333 -39.2248 -12.1491 -24.8309 0 0 0 0 0
0.972134 0.666667 -16.5569 -6.07455 -24.8309 0 0 0 0 0
0.777707 0.633333 1.72157 -3.03728 -24.8309 0 0 0 0 0
0.622165 0.633333 1.45602 -1.51864 -24.8309 0 0 0 0 0
0.497732 0.666667 -1.0577 1.54331 -24.8309 0 0 0 0 0
0.398186 0.633333 0.451541 0.771656 -24.8309 0 0 0 0 0
0.638912 0.7 4.5736 0.385828 -24.8309 0 0 0 0 0
0.783347 0.633333 -2.06103 0.192914 -24.8309 0 0 0 0 0
0.870008 0.6 -3.87142 0.096457 -24.8309 0 0 0 0 0
0.953203 0.666667 -26.9357 -24.9518 -6.93235 0 0 0 0 0
0.762562 0.6 -10.5423 -12.4759 -6.93235 0 0 0 0 0
0.61005 0.633333 -3.70866 -6.23794 -6.93235 0 0 0 0 0
0.48804 0.633333 -13.2905 -1.90929 -6.93235 0 0 0 0 0
0.390432 0.6 -19.7134 1.96202 -6.93235 0 0 0 0 0
0.634259 0.633333 -34.8567 0.98101 -6.93235 0 0 0 0 0
0.780555 0.666667 -11.8249 0.490505 -6.93235 0 0 0 0 0
0.624444 0.666667 -10.8367 0.245252 -6.93235 0 0 0 0 0
0.499555 0.7 -30.4183 0.122626 -6.93235 0 0 0 0 0
0.399644 0.733333 -25.1582 2.71283 52.4271 0 0 0 0 0
0.591829 0.7 -18.8291 1.35641 52.4271 0 0 0 0 0
0.473463 0.666667 -14.3564 -1.04593 8.37082 0 0 0 0 0
0.303017 0.7 -15.0213 6.46233 8.37082 0 0 0 0 0
0.242413 0.7 -16.6253 8.69991 8.37082 0 0 0 0 0
0.193931 0.7 -15.1754 8.76172 -27.8517 0 0 0 0 0
0.474469 0.666667 -32.5877 -20.6191 32.6593 0 0 0 0 0
0.379575 0.666667 -41.2938 -11.1716 -35.5363 0 0 0 0 0
0.582196 0.633333 -45.6469 -10.073 -1.01451 0 0 0 0 0
0.582196 0.666667 -22.8235 -5.0365 -1.01451 0 0 0 0 0
0.679454 0.7 -8.2066 -5.08235 -14.8058 0 0 0 0 0
0.835683 0.666667 -29.1033 -27.5412 10.8777 0 0 0 0 0
0.668546 0.666667 -39.5517 -13.7706 10.8777 0 0 0 0 0
0.880677 0.633333 -44.7758 -31.8853 9.75107 0 0 0 0 0
0.704541 0.633333 -47.3879 -40.9426 15.9004 0 0 0 0 0
0.704541 0.533333 -23.694 -20.4713 15.9004 0 0 0 0 0
0.73818 0.6 -36.847 -15.8607 -15.8398 0 0 0 0 0
0.73818 0.5 -18.4235 -7.93033 -15.8398 0 0 0 0 0
0.472435 0.6 -9.67471 -3.96517 -15.8398 0 0 0 0 0
0.683461 0.5 -29.8374 -1.98258 -15.8398 0 0 0 0 1
0.810077 0.6 -20.0113 -0.991291 -15.8398 0 0 0 0 1
0.931628 0.566667 -35.0056 -25.4956 34.4641 0 0 0 0 1
0.975386 0.633333 -42.5028 -37.7478 -48.6144 0 0 0 0 1
0.975386 0.566667 -21.2514 -18.8739 -48.6144 0 0 0 0 1
0.985232 0.666667 -16.6442 -15.1512 51.9543 0 0 0 0 1
0.872911 0.566667 -15.498 -12.7227 -50.0183 0 0 0 0 1
0.735198 0.6 -32.749 -31.3613 12.3927 0 0 0 0 1
0.752895 0.566667 -41.3745 -40.6807 32.5571 0 0 0 0 1
0.851737 0.6 -26.0113 -20.3403 32.5571 0 0 0 0 1
0.911042 0.5 -38.0057 -10.1702 32.5571 0 0 0 0 1
0.946625 0.6 -25.1392 -5.08508 32.5571 0 0 0 0 1
0.967975 0.533333 -19.9357 -2.54254 32.5571 0 0 0 0 1
0.77438 0.6 -13.6042 -1.27127 32.5571 0 0 0 0 1
0.619504 0.533333 -31.0878 -0.635635 32.5571 0 0 0 0 1
0.771702 0.566667 -16.7115 -0.317818 32.5571 0 0 0 0 1
0.863021 0.566667 -10.3966 -0.158909 32.5571 0 0 0 0 1
0.917813 0.566667 -30.1983 -0.0794544 32.5571 0 0 0 0 1
0.73425 0.566667 -21.4628 -0.0397272 32.5571 0 0 0 0 1
0.84055 0.566667 -16.2869 -0.0198636 32.5571 0 0 0 0 1
0.90433 0.566667 14.7732 0.138877 32.5571 0 0 0 0 1
0.942598 0.566667 0.905116 0.0694386 32.5571 0 0 0 0 1
0.965559 0.6 -24.5474 0.0347193 32.5571 0 0 0 0 1
0.979335 0.633333 -37.2737 0.0173596 32.5571 0 0 0 0 1
0.987601 0.633333 -43.6369 0.00867982 32.5571 0 0 0 0 1
0.992561 0.633333 -23.7792 0.00433991 32.5571 0 0 0 0 1
0.876429 0.633333 -36.8896 -24.9978 -36.7772 0 0 0 0 1
0.925857 0.566667 -4.16189 -12.4989 -36.7772 0 0 0 0 1
0.925857 0.566667 -2.08094 -6.24946 -36.7772 0 0 0 0 1
0.955514 0.633333 19.858 14.4982 -18.3109 0 0 0 0 1
0.764412 0.566667 9.92898 7.24911 -18.3109 0 0 0 0 1
0.858647 0.566667 26.6953 -14.1639 -6.72435 0 0 0 0 1
0.88729 0.566667 -11.6524 -32.082 32.7103 0 0 0 0 1
0.932374 0.566667 -30.8262 -16.041 32.7103 0 0 0 0 1
0.959424 0.6 -11.5338 -8.02049 32.7103 0 0 0 0 1
0.76754 0.6 -0.163443 -4.01024 32.7103 0 0 0 0 1
0.860524 0.633333 5.09069 -2.00512 32.7103 0 0 0 0 1
0.860524 0.666667 2.54535 -1.00256 32.7103 0 0 0 0 1
0.860524 0.666667 1.27267 -0.501281 32.7103 0 0 0 0 1
0.860524 0.7 0.636337 -0.25064 32.7103 0 0 0 0 1
0.916314 0.633333 -24.6818 -0.12532 32.7103 0 0 0 0 1
0.733051 0.666667 -9.32367 -0.0626601 32.7103 0 0 0 0 1
0.733051 0.633333 -4.66184 -0.03133 32.7103 0 0 0 0 1
0.733051 0.666667 -2.33092 -0.015665 32.7103 0 0 0 0 0
0.733051 0.666667 -1.16546 -0.00783251 32.7103 0 0 0 0 0
0.733051 0.7 -0.58273 -0.00391625 32.7103 0 0 0 0 0
0.733051 0.666667 -0.291365 -0.00195813 32.7103 0 0 0 0 0
0.839831 0.766667 8.72529 -1.87598 -21.7159 0 0 0 0 0
0.671865 0.7 4.36264 -0.93799 -21.7159 0 0 0 0 0
0.671865 0.7 2.18132 -0.468995 -21.7159 0 0 0 0 0
0.671865 0.733333 1.09066 -0.234497 -21.7159 0 0 0 0 0
0.671865 0.766667 0.54533 -0.117249 -21.7159 0 0 0 0 0
0.671865 0.733333 0.272665 -0.0586243 -21.7159 0 0 0 0 0
0.803119 0.666667 -24.8637 -0.0293122 -21.7159 0 0 0 0 0
0.803119 0.666667 7.42111 -0.0146561 -21.7159 0 0 0 0 0
0.513996 0.633333 13.1933 -0.00732804 -21.7159 0 0 0 0 0
0.708398 0.633333 -18.4033 -0.00366402 -21.7159 0 0 0 0 0
0.825039 0.633333 -34.2017 -0.00183201 -21.7159 0 0 0 0 0
0.796018 0.6 -42.1008 -25.0009 -10.4864 0 0 0 0 0
0.796018 0.6 -21.0504 -12.5005 -10.4864 0 0 0 0 0
0.796018 0.533333 -10.5252 -6.25023 -10.4864 0 0 0 0 0
0.796018 0.633333 -5.2626 -3.12511 -10.4864 0 0 0 0 0
0.796018 0.633333 10.604 -1.56256 -10.4864 0 0 0 0 0
0.782089 0.633333 -19.698 -0.781279 -10.4864 0 0 0 0 0
0.869253 0.633333 -34.849 -0.390639 -10.4864 0 0 0 0 0
0.921552 0.666667 -42.4245 -0.19532 -10.4864 0 0 0 0 0
0.737242 0.7 -17.764 -0.0976598 -10.4864 0 0 0 0 0
0.737242 0.7 -8.88199 -0.0488299 -10.4864 0 0 0 0 0
0.737242 0.7 -4.44099 -0.024415 -10.4864 0 0 0 0 0
0.737242 0.7 -2.2205 -0.0122075 -10.4864 0 0 0 0 0
0.737242 0.6 -1.11025 -0.00610374 -10.4864 0 0 0 0 0
0.737242 0.633333 -0.555124 -0.00305187 -10.4864 0 0 0 0 0
0.842345 0.666667 -25.2776 -0.00152593 -10.4864 0 0 0 0 0
0.673876 0.633333 -37.6388 -0.000762967 -10.4864 0 0 0 0 0
0.673876 0.633333 -18.8194 -0.000381484 -10.4864 0 0 0 0 0
0.882595 0.666667 -34.4097 -25.0002 -4.79454 0 0 0 0 0
0.706076 0.633333 -14.6186 -17.7633 23.2822 0 0 0 0 0
0.564861 0.666667 -7.30932 -8.88163 23.2822 0 0 0 0 0
0.564861 0.633333 -3.65466 -4.44081 23.2822 0 0 0 0 0
0.564861 0.6 -1.82733 -2.22041 23.2822 0 0 0 0 0
0.564861 0.633333 -0.913665 -1.1102 23.2822 0 0 0 0 0
0.564861 0.666667 -0.456833 -0.555102 23.2822 0 0 0 0 0
0.451889 0.666667 19.4144 -2.45146 49.5129 0 0 0 0 0
0.616907 0.666667 -15.2928 -1.22573 49.5129 0 0 0 0 0
0.770144 0.666667 -0.589938 -0.612866 49.5129 0 0 0 0 0
0.770144 0.633333 -0.294969 -0.306433 49.5129 0 0 0 0 0
0.770144 0.666667 -0.147485 -0.153216 49.5129 0 0 0 0 0
0.616115 0.633333 -25.0737 -0.0766082 49.5129 0 0 0 0 0
0.616115 0.566667 -12.5369 -0.0383041 49.5129 0 0 0 0 0
0.492892 0.566667 8.88037 -4.62442 -1.79485 0 0 0 0 0
0.636588 0.566667 -1.34198 -2.31221 -1.79485 0 0 0 0 0
0.636588 0.566667 -0.670992 -1.1561 -1.79485 0 0 0 0 0
0.636588 0.6 -0.335496 -0.578052 -1.79485 0 0 0 0 0
0.781953 0.566667 -25.1677 -0.289026 -1.79485 0 0 0 0 0
0.781953 0.6 -12.5839 -0.144513 -1.79485 0 0 0 0 0
0.781953 0.566667 -6.29194 -0.0722565 -1.79485 0 0 0 0 0
0.869172 0.633333 -12.6868 -0.0361282 -1.79485 0 0 0 0 0
0.869172 0.566667 14.6125 -0.0180641 -1.79485 0 0 0 0 0
0.890321 0.633333 -17.6938 -25.009 7.68206 0 0 0 0 0
0.890321 0.633333 -8.84688 -12.5045 7.68206 0 0 0 0 0
0.890321 0.6 -4.42344 -6.25226 7.68206 0 0 0 0 0
0.890321 0.6 -2.21172 -3.12613 7.68206 0 0 0 0 0
0.934193 0.566667 -26.1059 -1.56306 7.68206 0 0 0 0 0
0.934193 0.6 -13.0529 -0.781532 7.68206 0 0 0 0 0
0.934193 0.566667 -6.52646 -0.390766 7.68206 0 0 0 0 0
0.747354 0.666667 -28.2632 -0.195383 7.68206 0 0 0 0 0
0.75873 0.566667 -39.1316 -25.0977 3.07282 0 0 0 0 0
0.75873 0.666667 -19.5658 -12.5488 3.07282 0 0 0 0 0
0.75873 0.566667 -9.7829 -6.27442 3.07282 0 0 0 0 0
0.606984 0.6 13.8966 -11.8329 -2.37087 0 0 0 0 0
0.38847 0.5 22.8574 -8.63382 -46.5483 0 0 0 0 0
0.248621 0.6 32.1183 -4.31691 -46.5483 0 0 0 0 0
0.248621 0.5 16.0592 -2.15846 -46.5483 0 0 0 0 0
0.248621 0.6 8.02959 -1.07923 -46.5483 0 0 0 0 0
0.248621 0.566667 4.01479 -0.539614 -46.5483 0 0 0 0 0
0.198897 0.533333 -22.9926 -0.269807 -46.5483 0 0 0 0 0
0.159117 0.6 -36.4963 -0.134903 -46.5483 0 0 0 0 0
0.159117 0.533333 -18.2482 -0.0674517 -46.5483 0 0 0 0 0
0.127294 0.6 10.5076 -4.38155 -4.21934 0 0 0 0 0
0.461101 0.5 12.3371 -2.19078 -4.21934 0 0 0 0 0
0.461101 0.6 6.16856 -1.09539 -4.21934 0 0 0 0 0
0.368881 0.566667 6.10152 -0.547694 -4.21934 0 0 0 0 0
0.621328 0.633333 7.2674 -0.273847 -4.21934 0 0 0 0 0
0.497063 0.6 -21.3663 -0.136923 -4.21934 0 0 0 0 0
0.497063 0.633333 -10.6831 -0.0684617 -4.21934 0 0 0 0 0
0.63859 0.6 -30.3416 -25.0342 18.7123 0 0 0 0 0
0.510872 0.6 3.22002 -13.6535 -30.9151 0 0 0 0 0
0.408698 0.566667 1.61001 -6.82674 -30.9151 0 0 0 0 0
0.408698 0.566667 0.805004 -3.41337 -30.9151 0 0 0 0 0
0.645219 0.633333 -24.5975 -1.70668 -30.9151 0 0 0 0 0
0.787131 0.533333 -37.2987 -0.853342 -30.9151 0 0 0 0 0
0.629705 0.6 -4.85627 -0.426671 -30.9151 0 0 0 0 0
0.503764 0.5 14.7335 -2.38725 -10.566 0 0 0 0 0
0.322409 0.6 -2.21657 -1.19362 -10.566 0 0 0 0 0
0.593445 0.533333 -10.3583 -0.596812 -10.566 0 0 0 0 0
0.756067 0.6 -30.1791 -0.298406 -10.566 0 0 0 0 0
0.85364 0.533333 -0.922906 1.48123 11.9736 0 0 0 0 0
0.809747 0.6 19.9671 -3.60721 22.7894 0 0 0 0 0
0.788679 0.533333 -15.0164 -1.80361 22.7894 0 0 0 0 0
0.873207 0.6 -32.5082 -0.901803 22.7894 0 0 0 0 0
0.873207 0.566667 -16.2541 -0.450901 22.7894 0 0 0 0 0
0.873207 0.6 10.5113 -0.225451 22.7894 0 0 0 0 0
0.891484 0.6 -19.7443 -25.1127 24.1158 0 0 0 0 0
0.713187 0.566667 -34.8722 -12.5564 24.1158 0 0 0 0 0
