1279 8 1
0.981958 0.6 -5.47864 -6.32328 -1.521 0 0 0 0
0.989175 0.666667 -27.7393 -3.16164 -1.521 0 0 0 0
0.989175 0.6 -22.8048 -1.58082 -1.521 0 0 0 0
0.79134 0.633333 -11.4024 -0.790409 -1.521 0 0 0 0
0.79134 0.533333 -5.70121 -0.395205 -1.521 0 0 0 0
0.79134 0.6 -2.85061 -0.197602 -1.521 0 0 0 0
0.79134 0.633333 -1.4253 -0.0988012 -1.521 0 0 0 0
0.79134 0.6 -0.712651 -0.0494006 -1.521 0 0 0 0
0.79134 0.633333 -0.356326 -0.0247003 -1.521 0 0 0 0
0.79134 0.666667 -0.178163 -0.0123501 -1.521 0 0 0 0
0.79134 0.6 -0.0890814 -0.00617507 -1.521 0 0 0 0
0.79134 0.666667 -0.0445407 -0.00308754 -1.521 0 0 0 0
0.79134 0.6 -0.0222704 -0.00154377 -1.521 0 0 0 0
0.79134 0.6 -0.0111352 -0.000771884 -1.521 0 0 0 0
0.79134 0.6 -0.00556759 -0.000385942 -1.521 0 0 0 0
0.79134 0.6 -0.00278379 -0.000192971 -1.521 0 0 0 0
0.79134 0.6 -0.0013919 -9.64855e-005 -1.521 0 0 0 0
0.79134 0.6 -0.000695949 -4.82428e-005 -1.521 0 0 0 0
0.874804 0.6 -25.0003 -2.41214e-005 -1.521 0 0 0 0
0.819906 0.6 -37.5002 -25 -1.521 0 0 0 0
0.819906 0.6 -18.7501 -12.5 -1.521 0 0 0 0
0.819906 0.566667 -9.37504 -6.25 -1.521 0 0 0 0
0.891944 0.633333 -29.6875 -3.125 -1.521 0 0 0 0
0.891944 0.6 -14.8438 -1.5625 -1.521 0 0 0 0
0.9611 0.633333 -32.4219 -25.7813 -1.521 0 0 0 0
0.9611 0.6 0.979412 -12.8906 -1.521 0 0 0 0
0.76888 0.6 0.489706 -6.44531 -1.521 0 0 0 0
0.76888 0.6 0.244853 -3.22266 -1.521 0 0 0 0
0.861328 0.633333 11.0484 -4.68205 -1.521 0 0 0 0
0.813437 0.633333 -19.4758 -2.34102 -1.521 0 0 0 0
0.813437 0.566667 -9.73791 -1.17051 -1.521 0 0 0 0
0.813437 0.566667 -4.86896 -0.585256 -1.521 0 0 0 0
0.813437 0.533333 -15.1782 -0.292628 -1.521 0 0 0 0
0.65075 0.533333 -7.58909 -0.146314 -1.521 0 0 0 0
0.65075 0.566667 -3.79455 -0.073157 -1.521 0 0 0 0
0.65075 0.566667 -1.89727 -0.0365785 -1.521 0 0 0 0
0.65075 0.6 -0.948637 -0.0182892 -1.521 0 0 0 0
0.65075 0.6 -0.474318 -0.00914462 -1.521 0 0 0 0
0.65075 0.666667 -0.237159 -0.00457231 -1.521 0 0 0 0
0.65075 0.666667 -25.1186 -0.00228616 -1.521 0 0 0 0
0.65075 0.666667 -12.5593 -0.00114308 -1.521 0 0 0 0
0.5206 0.666667 -6.27964 -0.000571539 -1.521 0 0 0 0
0.5206 0.666667 5.22875 -0.000285769 -1.521 0 0 0 0
0.41648 0.666667 2.61438 -0.000142885 -1.521 0 0 0 0
0.41648 0.666667 1.30719 -7.14424e-005 -1.521 0 0 0 0
0.41648 0.6 0.653594 -3.57212e-005 -1.521 0 0 0 0
0.41648 0.6 0.326797 -1.78606e-005 -1.521 0 0 0 0
0.41648 0.6 0.163398 -8.9303e-006 -1.521 0 0 0 0
0.41648 0.6 12.8866 -4.46515e-006 -1.521 0 0 0 0
0.333184 0.533333 6.44329 -2.23257e-006 -1.521 0 0 0 0
0.333184 0.6 -21.7784 -1.11629e-006 -1.521 0 0 0 0
0.559928 0.533333 -35.8892 -25 -1.521 0 0 0 0
0.447943 0.6 -17.9446 -12.5 -1.521 0 0 0 0
0.447943 0.533333 -8.97229 -6.25 -1.521 0 0 0 0
0.447943 0.6 -4.48615 -3.125 -1.521 0 0 0 0
0.447943 0.533333 -2.24307 -1.5625 -1.521 0 0 0 0
0.447943 0.6 -1.12154 -0.78125 -1.521 0 0 0 0
0.447943 0.6 -0.560768 -0.390625 -1.521 0 0 0 0
0.447943 0.7 -0.280384 -0.195313 -1.521 0 0 0 0
0.358354 0.666667 -25.1402 -5.7921 -1.521 0 0 0 0
0.286683 0.7 -12.5701 -2.89605 -1.521 0 0 0 0
0.286683 0.7 -6.28505 -1.44803 -1.521 0 0 0 0
0.286683 0.733333 -3.14252 -0.724013 -1.521 0 0 0 0
0.286683 0.7 -1.57126 -0.362006 -1.521 0 0 0 0
0.229347 0.7 4.20611 -2.96594 -3.6168 0 0 0 0
0.146782 0.6 7.78487 -3.84784 -3.6168 0 0 0 0
0.470455 0.633333 11.9282 -1.40309 -3.6168 0 0 0 0
0.301091 0.6 11.9537 -0.701543 -3.6168 0 0 0 0
0.240873 0.6 -19.0232 -0.350771 -3.6168 0 0 0 0
0.192698 0.566667 -34.5116 -7.16068 -3.6168 0 0 0 0
0.473996 0.633333 -42.2558 -28.5803 -3.6168 0 0 0 0
0.684398 0.566667 -17.7091 -18.5637 -3.6168 0 0 0 0
0.837107 0.6 -33.8545 -34.2818 -6.69344 0 0 0 0
0.837107 0.566667 -16.9273 -17.1409 -6.69344 0 0 0 0
0.837107 0.633333 -8.46364 -8.57046 -6.69344 0 0 0 0
0.837107 0.633333 -4.23182 -4.28523 -6.69344 0 0 0 0
0.801811 0.733333 -27.1159 -27.1426 4.84525 0 0 0 0
0.928652 0.633333 -38.558 -38.5713 4.84525 0 0 0 0
0.928652 0.7 -19.279 -19.2857 4.84525 0 0 0 0
0.928652 0.666667 -9.63949 -9.64283 4.84525 0 0 0 1
0.845753 0.7 -29.8197 -29.8214 4.84525 0 0 0 1
0.907452 0.633333 1.7568 -21.9 4.84525 0 0 0 1
0.907452 0.6 0.878398 -10.95 4.84525 0 0 0 0
0.725961 0.6 0.439199 -5.47499 4.84525 0 0 0 0
0.725961 0.5 0.219599 -2.73749 4.84525 0 0 0 0
0.725961 0.6 0.1098 -1.36875 4.84525 0 0 0 0
0.748461 0.566667 -24.9451 -25.6844 -5.3238 0 0 0 0
0.748461 0.6 -12.4726 -12.8422 -5.3238 0 0 0 0
0.748461 0.566667 -6.23628 -6.42109 -5.3238 0 0 0 0
0.909446 0.633333 -28.1181 -28.2105 -5.3238 0 0 0 0
0.909446 0.566667 -14.0591 -14.1053 -5.3238 0 0 0 0
0.909446 0.6 -7.02953 -7.05264 -5.3238 0 0 0 0
0.909446 0.533333 -3.51477 -3.52632 -5.3238 0 0 0 0
0.945668 0.6 -26.7574 -1.76316 -5.3238 0 0 0 0
0.945668 0.566667 -13.3787 -0.88158 -5.3238 0 0 0 0
0.945668 0.533333 -6.68935 -0.44079 -5.3238 0 0 0 0
0.945668 0.566667 -3.34467 -0.220395 -5.3238 0 0 0 0
0.756534 0.6 6.7579 9.55961 -5.3238 0 0 0 0
0.605227 0.566667 3.37895 4.77981 -5.3238 0 0 0 0
0.605227 0.6 1.68947 2.3899 -5.3238 0 0 0 0
0.605227 0.666667 1.70681 1.19495 -5.3238 0 0 0 0
0.632407 0.6 -24.1466 -24.4025 -5.3238 0 0 0 0
0.505926 0.666667 -2.44048 -4.0712 -5.3238 0 0 0 0
0.642844 0.6 -26.2202 -2.0356 -5.3238 0 0 0 0
0.785707 0.6 -6.26238 -1.0178 -5.3238 0 0 0 0
0.785707 0.5 -3.13119 -0.5089 -5.3238 0 0 0 0
0.777139 0.6 -26.5656 -25.2544 -5.3238 0 0 0 0
0.91977 0.5 -38.2828 -37.6272 -5.3238 0 0 0 0
0.84149 0.6 -44.1414 -43.8136 -5.3238 0 0 0 0
0.942936 0.566667 -47.0707 -46.9068 -5.3238 0 0 0 0
0.754349 0.666667 -17.7814 -10.7261 -5.3238 0 0 0 0
0.68967 0.6 -33.8907 -30.3631 -5.3238 0 0 0 0
0.731042 0.666667 -41.9453 -40.1815 -5.3238 0 0 0 0
0.584833 0.633333 -13.5259 -11.4529 -5.3238 0 0 0 0
0.624576 0.7 -31.7629 -30.7264 -5.3238 0 0 0 0
0.499661 0.633333 -9.35973 -6.73881 -5.3238 0 0 0 0
0.59187 0.666667 -29.6799 -28.3694 -5.3238 0 0 0 0
0.473496 0.6 -6.41602 -9.6542 -5.3238 0 0 0 0
0.581822 0.633333 -28.208 -29.8271 -5.3238 0 0 0 0
0.679275 0.666667 -39.104 -39.9136 -5.3238 0 0 0 0
0.54342 0.6 -15.5135 -14.3505 -5.3238 0 0 0 0
0.347789 0.666667 -15.3622 10.0975 -5.3238 0 0 0 0
0.222585 0.6 -1.86714 5.9416 -5.3238 0 0 0 0
0.142454 0.633333 7.66018 3.86366 -5.3238 0 0 0 0
0.0911707 0.566667 11.8856 3.38532 -5.3238 0 0 0 0
0.443762 0.666667 29.9639 7.03357 -5.3238 0 0 0 0
0.284008 0.633333 23.9105 8.78568 -5.3238 0 0 0 0
0.509059 0.666667 -13.0447 -20.6072 -5.3238 0 0 0 0
0.407247 0.6 -4.35919 -2.91722 -5.3238 0 0 0 0
0.260638 0.666667 -5.09626 4.43968 -5.3238 0 0 0 0
0.166808 0.666667 5.40641 12.2175 -5.3238 0 0 0 0
0.106757 0.7 10.7588 13.2144 -5.3238 0 0 0 0
0.0683247 0.666667 13.9905 14.6524 -5.3238 0 0 0 0
0.0437278 0.666667 14.4952 16.7175 -5.3238 0 0 0 0
0.0279858 0.7 12.759 18.1315 -5.3238 0 0 0 0
0.64806 0.733333 -18.6205 -15.9343 -5.3238 0 0 0 0
0.873302 0.666667 -34.3103 -32.9671 -5.3238 0 0 0 0
0.873302 0.7 -17.1551 -16.4836 -5.3238 0 0 0 0
0.923981 0.633333 3.0891 -14.9084 -5.3238 0 0 0 0
0.591348 0.7 6.67276 2.29325 -5.3238 0 0 0 0
0.378463 0.6 11.0745 3.37877 -5.3238 0 0 0 0
0.242216 0.633333 11.6419 7.24494 -5.3238 0 0 0 0
0.155018 0.6 12.0709 9.3917 -5.3238 0 0 0 0
0.0992117 0.633333 9.18932 9.45776 -5.3238 0 0 0 0
0.438097 0.6 -20.4053 -20.2711 -5.3238 0 0 0 0
0.662858 0.633333 -18.6827 0.318984 -5.3238 0 0 0 0
0.718172 0.633333 -7.51254 3.63171 -5.3238 0 0 0 0
0.45963 0.666667 0.864942 5.22495 -5.3238 0 0 0 0
0.620622 0.666667 -8.15187 13.067 -5.3238 0 0 0 0
0.397198 0.7 -12.6603 18.3517 -5.3238 0 0 0 0
0.590655 0.666667 -14.0109 21.9031 -5.3238 0 0 0 0
0.810109 0.7 -32.0054 -14.0484 -5.3238 0 0 0 0
0.810109 0.733333 -16.0027 -7.02422 -5.3238 0 0 0 0
0.810109 0.7 -20.3438 -3.51211 -5.3238 0 0 0 0
0.810109 0.7 -10.1719 -1.75606 -5.3238 0 0 0 0
0.648087 0.733333 -5.08595 -0.878028 -5.3238 0 0 0 0
0.788852 0.666667 -9.72687 13.0123 -5.3238 0 0 0 0
0.631082 0.666667 -4.86343 6.50613 -5.3238 0 0 0 0
0.631082 0.633333 -2.43172 3.25306 -5.3238 0 0 0 0
0.778649 0.633333 3.22213 5.19796 -5.3238 0 0 0 0
0.622919 0.566667 1.61106 2.59898 -5.3238 0 0 0 0
0.622919 0.666667 0.805532 1.29949 -5.3238 0 0 0 0
0.622919 0.6 0.402766 0.649745 -5.3238 0 0 0 0
0.622919 0.633333 0.201383 0.324872 -5.3238 0 0 0 0
0.498335 0.566667 5.78251 7.05656 -5.3238 0 0 0 0
0.398668 0.633333 2.89125 3.52828 -5.3238 0 0 0 0
0.398668 0.566667 11.4456 1.76414 -5.3238 0 0 0 0
0.318935 0.6 5.72281 0.88207 -5.3238 0 0 0 0
0.591361 0.566667 -22.1386 0.441035 -5.3238 0 0 0 0
0.591361 0.6 -23.9715 0.220517 -5.3238 0 0 0 0
0.473089 0.566667 -11.9858 0.110259 -5.3238 0 0 0 0
0.473089 0.533333 -5.99288 0.0551294 -5.3238 0 0 0 0
0.473089 0.566667 -2.99644 0.0275647 -5.3238 0 0 0 0
0.473089 0.6 -10.5891 0.0137823 -5.3238 0 0 0 0
0.473089 0.5 -5.29456 0.00689117 -5.3238 0 0 0 0
0.378471 0.6 -2.64728 0.00344559 -5.3238 0 0 0 0
0.627083 0.5 -26.3236 -24.9983 -5.3238 0 0 0 0
0.501666 0.6 -13.1618 -12.4991 -5.3238 0 0 0 0
0.501666 0.533333 -6.58091 -6.24957 -5.3238 0 0 0 0
0.6408 0.6 -28.2905 -28.1248 -5.3238 0 0 0 0
0.6408 0.533333 -14.1452 -14.0624 -5.3238 0 0 0 0
0.870688 0.633333 -32.0726 -32.0312 -5.3238 0 0 0 0
0.870688 0.6 -16.0363 -16.0156 -5.3238 0 0 0 0
0.81793 0.6 -33.0182 -33.0078 -5.3238 0 0 0 1
0.934455 0.6 -41.5091 -41.5039 -5.3238 0 0 0 1
0.848538 0.666667 -45.7545 -45.7519 -5.45904 0 0 0 1
0.945474 0.566667 -47.8773 -47.876 -5.45904 0 0 0 1
0.945474 0.6 -23.9386 -23.938 -5.45904 0 0 0 1
0.967284 0.6 -36.9693 -11.969 -5.45904 0 0 0 1
0.980371 0.6 -43.4847 -5.9845 -5.45904 0 0 0 1
0.980371 0.566667 -46.7423 -2.99225 -5.45904 0 0 0 1
0.776462 0.566667 -48.3712 -26.4961 -5.45904 0 0 0 1
0.919526 0.6 -49.1856 -38.2481 -5.45904 0 0 0 1
0.97103 0.6 -49.5928 -44.124 -5.45904 0 0 0 1
0.982618 0.6 -49.7964 -47.062 -5.45904 0 0 0 1
0.871657 0.6 -49.8982 -48.531 -5.45904 0 0 0 1
0.891037 0.6 -49.9491 -49.2655 -5.45904 0 0 0 1
0.934622 0.566667 -49.9745 -49.6328 -5.45904 0 0 0 1
0.848619 0.566667 -49.9873 -49.8164 -5.45904 0 0 0 1
0.807337 0.566667 -49.9936 -49.9082 -5.45904 0 0 0 1
0.64587 0.566667 -49.9968 -24.9541 -5.45904 0 0 0 1
0.82601 0.566667 -49.9984 -37.477 -5.45904 0 0 0 1
0.895606 0.533333 -49.9992 -18.7385 -5.45904 0 0 0 1
0.962418 0.566667 -49.9996 -34.3693 -5.45904 0 0 0 1
0.962418 0.533333 -24.9998 -17.1846 -5.45904 0 0 0 1
0.962418 0.566667 -12.4999 -8.59232 -5.45904 0 0 0 1
0.861961 0.6 -31.25 -29.2962 -5.45904 0 0 0 1
0.861961 0.533333 -15.625 -14.6481 -5.45904 0 0 0 1
0.861961 0.6 -7.81249 -7.32404 -5.45904 0 0 0 1
0.861961 0.633333 9.18065 -3.66202 -5.45904 0 0 0 1
0.689569 0.633333 4.59032 -1.83101 -5.45904 0 0 0 1
0.689569 0.6 2.29516 -0.915505 -5.45904 0 0 0 1
0.689569 0.666667 1.14758 -0.457752 -5.45904 0 0 0 1
0.689569 0.6 0.57379 -0.228876 -5.45904 0 0 0 1
0.689569 0.566667 9.82097 -0.114438 -5.45904 0 0 0 0
0.551655 0.633333 4.91048 -0.0572191 -5.45904 0 0 0 0
0.551655 0.566667 2.45524 -0.0286095 -5.45904 0 0 0 0
0.551655 0.566667 1.22762 -0.0143048 -5.45904 0 0 0 0
0.551655 0.6 0.613811 -0.00715238 -5.45904 0 0 0 0
0.551655 0.566667 0.306905 -0.00357619 -5.45904 0 0 0 0
0.551655 0.6 0.153453 -0.0017881 -5.45904 0 0 0 0
0.551655 0.633333 0.0767263 -0.000894048 -5.45904 0 0 0 0
0.730993 0.666667 -24.9616 -0.000447024 -5.45904 0 0 0 0
0.903157 0.666667 -37.4808 -25.0002 -5.45904 0 0 0 0
0.941894 0.666667 -43.7404 -25.941 -5.45904 0 0 0 0
0.753516 0.6 -21.8702 -12.9705 -5.45904 0 0 0 0
0.753516 0.666667 -10.9351 -6.48524 -5.45904 0 0 0 0
0.753516 0.666667 -5.46755 -3.24262 -5.45904 0 0 0 0
0.753516 0.666667 -2.73378 -1.62131 -5.45904 0 0 0 0
0.852109 0.6 -26.3669 -0.810655 -5.45904 0 0 0 0
0.852109 0.666667 -13.1834 -0.405328 -5.45904 0 0 0 0
0.852109 0.6 -6.59172 -0.202664 -5.45904 0 0 0 0
0.852109 0.6 -3.29586 -0.101332 -5.45904 0 0 0 0
0.852109 0.633333 -1.64793 -0.050666 -5.45904 0 0 0 0
0.852109 0.6 -0.823965 -0.025333 -5.45904 0 0 0 0
0.852109 0.6 -0.411983 -0.0126665 -5.45904 0 0 0 0
0.852109 0.666667 -0.205991 -0.00633325 -5.45904 0 0 0 0
0.852109 0.6 -0.102996 -0.00316662 -5.45904 0 0 0 0
0.852109 0.666667 -0.0514978 -0.00158331 -5.45904 0 0 0 0
0.852109 0.6 -0.0257489 -0.000791656 -5.45904 0 0 0 0
0.852109 0.6 -0.0128745 -0.000395828 -5.45904 0 0 0 0
0.852109 0.6 -6.19685 -0.000197914 -5.45904 0 0 0 0
0.852109 0.6 -3.09843 -9.8957e-005 -5.45904 0 0 0 0
0.809012 0.6 -26.5492 -25 -5.45904 0 0 0 0
0.872996 0.6 -38.2746 -37.5 -5.45904 0 0 0 0
0.872996 0.6 -19.1373 -18.75 -5.45904 0 0 0 0
0.872996 0.6 -9.56865 -9.37501 -5.45904 0 0 0 0
0.872996 0.6 -4.78433 -4.6875 -5.45904 0 0 0 0
0.872996 0.533333 18.7016 -2.34375 -5.45904 0 0 0 0
0.872996 0.6 9.35079 -1.17188 -5.45904 0 0 0 0
0.698397 0.6 4.6754 -0.585938 -5.45904 0 0 0 0
0.698397 0.566667 2.3377 -0.292969 -5.45904 0 0 0 0
0.698397 0.6 1.16885 -0.146484 -5.45904 0 0 0 0
0.698397 0.633333 0.584425 -0.0732422 -5.45904 0 0 0 0
0.698397 0.6 0.292212 -0.0366211 -5.45904 0 0 0 0
0.698397 0.6 0.146106 -0.0183106 -5.45904 0 0 0 0
0.698397 0.7 0.0730531 -0.00915528 -5.45904 0 0 0 0
0.698397 0.6 0.0365265 -0.00457764 -5.45904 0 0 0 0
0.698397 0.666667 0.0182633 -0.00228882 -5.45904 0 0 0 0
0.698397 0.6 0.00913163 -0.00114441 -5.45904 0 0 0 0
0.698397 0.6 0.00456582 -0.000572205 -5.45904 0 0 0 0
0.698397 0.6 0.00228291 -0.000286102 -5.45904 0 0 0 0
0.698397 0.6 0.00114145 -0.000143051 -5.45904 0 0 0 0
0.558717 0.5 -24.9994 -7.15256e-005 -5.45904 0 0 0 0
0.558717 0.6 -12.4997 -3.57628e-005 -5.45904 0 0 0 0
0.558717 0.6 -6.24986 -1.78814e-005 -5.45904 0 0 0 0
0.558717 0.6 -3.12493 -8.9407e-006 -5.45904 0 0 0 0
0.558717 0.6 -1.56246 -4.47035e-006 -5.45904 0 0 0 0
0.558717 0.7 -0.781232 -2.23518e-006 -5.45904 0 0 0 0
0.558717 0.7 -0.390616 -1.11759e-006 -5.45904 0 0 0 0
0.558717 0.666667 -0.195308 -5.58794e-007 -5.45904 0 0 0 0
0.558717 0.7 -0.097654 -2.79397e-007 -5.45904 0 0 0 0
0.558717 0.666667 -0.048827 -1.39698e-007 -5.45904 0 0 0 0
0.558717 0.666667 -0.0244135 -6.98492e-008 -5.45904 0 0 0 0
0.668184 0.666667 -25.0122 -25 3.23277 0 0 0 0
0.668184 0.666667 -12.5061 -12.5 3.23277 0 0 0 0
0.668184 0.666667 -6.25305 -6.25 3.23277 0 0 0 0
0.668184 0.666667 -3.12653 -3.125 3.23277 0 0 0 0
0.668184 0.666667 -1.56326 -1.5625 3.23277 0 0 0 0
0.668184 0.666667 -0.781631 -0.78125 3.23277 0 0 0 0
0.668184 0.666667 -0.390816 -0.390625 3.23277 0 0 0 0
0.668184 0.633333 -25.1954 -0.195313 3.23277 0 0 0 0
0.427638 0.7 -37.5977 -25.0977 3.23277 0 0 0 0
0.34211 0.633333 -18.7989 -12.5488 3.23277 0 0 0 0
0.273688 0.633333 -5.59912 -6.27441 3.23277 0 0 0 0
0.273688 0.666667 -2.79956 -3.13721 3.23277 0 0 0 0
0.273688 0.7 -1.39978 -1.5686 3.23277 0 0 0 0
0.564213 0.6 7.17048 3.38236 3.23277 0 0 0 0
0.843117 0.633333 -21.4148 -23.3088 2.58621 0 0 0 0
0.843117 0.6 -10.7074 -11.6544 2.58621 0 0 0 0
0.843117 0.666667 -5.35369 -5.8272 2.58621 0 0 0 0
0.843117 0.666667 -2.67685 -2.9136 2.58621 0 0 0 0
0.804696 0.666667 -26.3384 -26.4568 2.58621 0 0 0 0
0.882818 0.666667 -38.1692 -13.2284 2.58621 0 0 0 0
0.882818 0.633333 -19.0846 -6.6142 2.58621 0 0 0 0
0.882818 0.633333 -9.5423 -3.3071 2.58621 0 0 0 0
0.882818 0.7 -4.77115 -1.65355 2.58621 0 0 0 0
0.882818 0.7 -2.38558 -0.826775 2.58621 0 0 0 0
0.882818 0.6 -1.19279 -0.413388 2.58621 0 0 0 0
0.882818 0.633333 -0.596394 -0.206694 2.58621 0 0 0 0
0.882818 0.7 -0.298197 -0.103347 2.58621 0 0 0 0
0.929691 0.666667 9.50999 -9.1034 2.58621 0 0 0 0
0.743752 0.7 14.0109 -4.5517 2.58621 0 0 0 0
0.595002 0.666667 7.00547 -2.27585 2.58621 0 0 0 0
0.476002 0.633333 -21.4973 -26.1379 2.58621 0 0 0 0
0.628481 0.666667 -35.7486 -38.069 2.58621 0 0 0 0
0.701671 0.633333 -42.8743 -19.0345 2.58621 0 0 0 0
0.821002 0.6 -46.4372 -34.5172 2.58621 0 0 0 0
0.656802 0.6 -48.2186 -17.2586 2.58621 0 0 0 0
0.656802 0.6 -24.1093 -8.62931 2.58621 0 0 0 0
0.525442 0.633333 -12.0546 -4.31466 2.58621 0 0 0 0
0.525442 0.566667 -6.02732 -2.15733 2.58621 0 0 0 0
0.525442 0.633333 -21.7637 -1.07866 2.58621 0 0 0 0
0.420353 0.6 -10.8818 -0.539332 2.58621 0 0 0 0
0.420353 0.633333 -11.5015 -0.269666 2.58621 0 0 0 0
0.269026 0.6 0.850194 -13.0605 2.58621 0 0 0 0
0.215221 0.633333 0.425097 -6.53023 2.58621 0 0 0 0
0.215221 0.6 0.212549 -3.26511 2.58621 0 0 0 0
0.215221 0.633333 0.106274 -1.63256 2.58621 0 0 0 0
0.215221 0.7 -6.41132 -0.816279 2.58621 0 0 0 0
0.503306 0.7 -28.2057 -0.408139 2.58621 0 0 0 0
0.503306 0.7 -14.1028 -0.20407 2.58621 0 0 0 0
0.503306 0.666667 -7.05142 -0.102035 2.58621 0 0 0 0
0.503306 0.666667 -3.52571 -0.0510174 2.58621 0 0 0 0
0.503306 0.666667 -1.76285 -0.0255087 2.58621 0 0 0 0
0.503306 0.666667 -0.881427 -0.0127544 2.58621 0 0 0 0
0.503306 0.666667 -0.440713 -0.00637718 2.58621 0 0 0 0
0.701984 0.6 -25.2204 -0.00318859 2.58621 0 0 0 0
0.701984 0.6 -12.6102 -0.00159429 2.58621 0 0 0 0
0.701984 0.6 -6.30509 -0.000797147 2.58621 0 0 0 0
0.892714 0.6 -28.1525 -25.0004 2.26897 0 0 0 0
0.714171 0.533333 -7.20127 -12.5002 2.26897 0 0 0 0
0.828503 0.6 -28.6006 -6.2501 2.26897 0 0 0 0
0.797681 0.566667 -39.3003 -28.125 1.41518 0 0 0 0
0.797681 0.633333 -19.6502 -14.0625 1.41518 0 0 0 0
0.638145 0.566667 -8.7317 -7.03126 1.41518 0 0 0 0
0.638145 0.566667 -4.36585 -3.51563 1.41518 0 0 0 0
0.638145 0.633333 -2.18292 -1.75782 1.41518 0 0 0 0
0.638145 0.666667 -1.09146 -0.878908 1.41518 0 0 0 0
0.638145 0.7 -0.545731 -0.439454 1.41518 0 0 0 0
0.638145 0.766667 -0.272866 -0.219727 1.41518 0 0 0 0
0.638145 0.8 -0.136433 -0.109863 1.41518 0 0 0 0
0.782887 0.8 -25.0682 -25.0549 1.41518 0 0 0 0
0.501048 0.8 -37.5341 -37.5275 1.41518 0 0 0 0
0.640503 0.8 -43.7671 -43.7637 1.41518 0 0 0 0
0.409922 0.766667 -46.8835 -46.8819 1.41518 0 0 0 0
0.327938 0.7 -48.4418 -23.4409 1.41518 0 0 0 0
0.26235 0.7 -49.2209 -11.7205 1.41518 0 0 0 0
0.525928 0.666667 -49.6104 -5.86023 1.41518 0 0 0 0
0.652445 0.633333 -49.8052 -27.9301 1.41518 0 0 0 0
0.652445 0.6 -24.9026 -13.9651 1.41518 0 0 0 0
0.652445 0.633333 -12.4513 -6.98253 1.41518 0 0 0 0
0.652445 0.633333 -6.22565 -3.49126 1.41518 0 0 0 0
0.652445 0.566667 -3.11283 -1.74563 1.41518 0 0 0 0
0.652445 0.633333 -8.54171 -0.872816 1.41518 0 0 0 0
0.521956 0.633333 -10.1532 -0.436408 1.41518 0 0 0 0
0.521956 0.6 -5.0766 -0.218204 1.41518 0 0 0 0
0.417565 0.6 -2.5383 -0.109102 1.41518 0 0 0 0
0.417565 0.6 -1.26915 -0.054551 1.41518 0 0 0 0
0.417565 0.6 -0.634575 -0.0272755 1.41518 0 0 0 0
0.650539 0.6 -25.3173 -0.0136378 1.41518 0 0 0 0
0.520431 0.6 -8.05338 -0.00681888 1.41518 0 0 0 0
0.520431 0.6 -4.02669 -0.00340944 1.41518 0 0 0 0
0.520431 0.6 -2.01335 -0.00170472 1.41518 0 0 0 0
0.520431 0.6 -1.00667 -0.00085236 1.41518 0 0 0 0
0.712259 0.6 3.87166 -0.00042618 1.41518 0 0 0 0
0.827355 0.6 -23.0642 -0.00021309 1.41518 0 0 0 0
0.896413 0.5 -36.5321 -0.000106545 1.41518 0 0 0 0
0.717131 0.6 -12.386 -5.32725e-005 1.41518 0 0 0 0
0.830278 0.566667 -20.4291 -2.66362e-005 1.41518 0 0 0 0
0.898167 0.6 -35.2146 -9.6591 1.73214 0 0 0 0
0.718534 0.566667 -17.6073 -4.82955 1.73214 0 0 0 0
0.718534 0.533333 -8.80364 -2.41478 1.73214 0 0 0 0
0.718534 0.6 -4.40182 -1.20739 1.73214 0 0 0 0
0.718534 0.633333 -2.20091 -0.603694 1.73214 0 0 0 0
0.718534 0.6 -1.10045 -0.301847 1.73214 0 0 0 0
0.718534 0.6 -0.550227 -0.150924 1.73214 0 0 0 0
0.718534 0.7 -25.2751 -0.0754618 1.73214 0 0 0 0
0.574827 0.633333 -37.6376 -0.0377309 1.73214 0 0 0 0
0.675917 0.7 -43.8188 4.35613 1.73214 0 0 0 0
0.72444 0.633333 -46.9094 -22.8219 1.73214 0 0 0 1
0.747731 0.6 -48.4547 -36.411 1.73214 0 0 0 1
0.758911 0.6 -49.2273 -43.2055 1.58571 0 0 0 1
0.485703 0.6 -49.6137 -46.6027 1.58571 0 0 0 1
0.31085 0.6 -49.8068 -48.3014 1.58571 0 0 0 1
0.198944 0.566667 -49.9034 -24.1507 1.58571 0 0 0 1
0.159155 0.6 -49.9517 -37.0753 1.58571 0 0 0 1
0.101859 0.533333 -49.9759 -43.5377 1.58571 0 0 0 1
0.669335 0.6 -49.9879 -46.7688 1.58571 0 0 0 1
0.669335 0.5 -24.994 -23.3844 1.58571 0 0 0 1
0.669335 0.566667 -12.497 -11.6922 1.58571 0 0 0 1
0.669335 0.6 -6.24849 -5.8461 1.58571 0 0 0 1
0.669335 0.666667 -3.12425 -2.92305 1.58571 0 0 0 1
0.669335 0.666667 -1.56212 -1.46153 1.58571 0 0 0 1
0.669335 0.7 -0.781061 -0.730763 1.58571 0 0 0 1
0.669335 0.766667 -0.390531 -0.365382 1.58571 0 0 0 1
0.669335 0.7 -0.195265 -0.182691 1.58571 0 0 0 1
0.669335 0.766667 -0.0976327 -0.0913454 1.58571 0 0 0 1
0.721281 0.7 -25.0488 -25.0457 -0.13143 0 0 0 1
0.721281 0.7 -12.5244 -12.5228 -0.13143 0 0 0 1
0.721281 0.6 -6.2622 -6.26142 -0.13143 0 0 0 1
0.577025 0.633333 2.13206 -3.13071 -0.13143 0 0 0 1
0.746215 0.6 -23.934 -11.6844 1.29486 0 0 0 1
0.477578 0.533333 -6.04593 -5.8422 1.29486 0 0 0 1
0.477578 0.566667 -19.0944 -2.9211 1.29486 0 0 0 1
0.629237 0.6 -25.1722 -3.33555 -1.36412 0 0 0 1
0.50339 0.566667 -12.5861 -1.66778 -1.36412 0 0 0 1
0.50339 0.566667 -21.918 -0.833888 -1.36412 0 0 0 1
0.50339 0.633333 -10.959 -0.416944 -1.36412 0 0 0 1
0.402712 0.633333 -5.47951 -0.208472 -1.36412 0 0 0 1
0.402712 0.566667 -2.73976 -0.104236 -1.36412 0 0 0 0
0.402712 0.6 -1.36988 -0.052118 -1.36412 0 0 0 0
0.402712 0.666667 -0.684939 -0.026059 -1.36412 0 0 0 0
0.402712 0.6 -0.34247 -0.0130295 -1.36412 0 0 0 0
0.322169 0.6 3.99543 -0.00651475 -1.36412 0 0 0 0
0.322169 0.6 1.99772 -0.00325737 -1.36412 0 0 0 0
0.322169 0.6 0.998858 -0.00162869 -1.36412 0 0 0 0
0.322169 0.7 0.499429 -0.000814343 -1.36412 0 0 0 0
0.322169 0.6 0.249714 -0.000407172 -1.36412 0 0 0 0
0.322169 0.6 0.124857 -0.000203586 -1.36412 0 0 0 0
0.322169 0.633333 0.0624286 -0.000101793 -1.36412 0 0 0 0
0.322169 0.6 0.0312143 -5.08965e-005 -1.36412 0 0 0 0
0.322169 0.566667 0.0156072 -2.54482e-005 -1.36412 0 0 0 0
0.322169 0.666667 0.00780358 -1.27241e-005 -1.36412 0 0 0 0
0.322169 0.566667 0.00390179 -6.36206e-006 -1.36412 0 0 0 0
0.322169 0.666667 0.00195089 -3.18103e-006 -1.36412 0 0 0 0
0.322169 0.666667 0.000975447 -1.59051e-006 -1.36412 0 0 0 0
0.322169 0.7 0.000487724 -7.95257e-007 -1.36412 0 0 0 0
0.322169 0.666667 0.000243862 -3.97629e-007 -1.36412 0 0 0 0
0.593302 0.7 -24.9999 -1.98814e-007 -1.36412 0 0 0 0
0.474641 0.6 -37.4999 -25 -1.36412 0 0 0 0
0.627828 0.6 -43.75 7.5 -1.36412 0 0 0 0
0.40181 0.666667 -46.875 -21.25 -1.36412 0 0 0 0
0.755721 0.6 -48.4375 -35.625 -1.36412 0 0 0 0
0.604577 0.6 -49.2187 -42.8125 -1.36412 0 0 0 0
0.386929 0.6 -49.6094 -46.4063 -1.36412 0 0 0 0
0.309543 0.6 -24.8047 -23.2031 -1.36412 0 0 0 0
0.585726 0.5 -37.4023 -36.6016 -1.36412 0 0 0 0
0.468581 0.6 -18.7012 -18.3008 -1.36412 0 0 0 0
0.468581 0.5 -9.35059 -9.15039 -1.36412 0 0 0 1
0.468581 0.6 -4.67529 -4.5752 -1.36412 0 0 0 1
0.681148 0.6 -27.3376 -2.2876 -1.36412 0 0 0 1
0.808689 0.6 -38.6688 -26.1438 -1.36412 0 0 0 1
0.872902 0.6 -44.3344 -38.0719 -1.36412 0 0 0 1
0.698322 0.633333 -47.1672 -44.0359 -1.36412 0 0 0 1
0.735195 0.6 -48.5836 -22.018 -1.36412 0 0 0 1
0.588156 0.6 -49.2918 -36.009 -1.36412 0 0 0 1
0.809389 0.6 -49.6459 -43.0045 -1.36412 0 0 0 1
0.93138 0.566667 -49.823 -46.5022 -1.36412 0 0 0 1
0.958828 0.566667 -49.9115 -48.2511 -1.36412 0 0 0 1
0.61365 0.566667 -49.9557 -24.1256 -1.36412 0 0 0 1
0.76819 0.533333 -49.9779 -12.0628 -1.36412 0 0 0 1
0.860914 0.566667 -49.9889 -31.0314 -1.36412 0 0 0 1
0.550985 0.566667 -49.9945 0.109305 1.30871 0 0 0 1
0.798684 0.533333 -49.9972 -24.9453 1.30871 0 0 0 1
0.87921 0.566667 -49.9986 -37.4727 1.30871 0 0 0 1
0.562694 0.533333 -49.9993 -18.7363 1.30871 0 0 0 1
0.562694 0.566667 -24.9997 -9.36817 1.30871 0 0 0 1
0.562694 0.6 -12.4998 -4.68408 1.30871 0 0 0 1
0.450156 0.6 -31.2499 -27.342 1.30871 0 0 0 1
0.616075 0.6 -40.625 -13.671 1.30871 0 0 0 1
0.769645 0.6 -45.3125 -28.0855 3.44697 0 0 0 1
0.769645 0.6 -22.6562 -14.0428 3.44697 0 0 0 1
0.615716 0.633333 -11.3281 -7.02138 3.44697 0 0 0 1
0.76943 0.6 -30.6641 -10.3857 3.44697 0 0 0 1
0.76943 0.6 -15.332 -5.19284 3.44697 0 0 0 1
0.615544 0.633333 -32.666 -2.59642 3.44697 0 0 0 1
0.492435 0.6 -16.333 -1.29821 3.44697 0 0 0 1
0.492435 0.6 -8.1665 -0.649106 3.44697 0 0 0 1
0.695461 0.666667 -29.0833 -25.3246 3.44697 0 0 0 1
0.695461 0.6 -14.5416 -12.6623 3.44697 0 0 0 1
0.556369 0.6 -7.27081 -6.33114 3.44697 0 0 0 1
0.667057 0.6 -28.6354 -28.1656 3.44697 0 0 0 1
0.667057 0.6 -14.3177 -14.0828 3.44697 0 0 0 1
0.800234 0.633333 -1.32552 -7.04139 3.44697 0 0 0 1
0.880141 0.633333 -25.6628 -28.5207 -7.84243 0 0 0 1
0.822467 0.6 -37.8314 -39.2603 -7.84243 0 0 0 1
0.657974 0.666667 -18.9157 -19.6302 -7.84243 0 0 0 1
0.657974 0.6 -9.45784 -9.81509 -7.84243 0 0 0 1
0.876871 0.6 -29.7289 -29.9075 -7.84243 0 0 0 1
0.955673 0.6 -39.8645 -39.9538 -7.84243 0 0 0 1
0.955673 0.6 -19.9322 -19.9769 -7.84243 0 0 0 1
0.955673 0.5 -9.96612 -9.98844 -7.84243 0 0 0 1
0.955673 0.6 -4.98306 -4.99422 -7.84243 0 0 0 1
0.973404 0.6 -27.4915 -27.4971 -7.84243 0 0 0 1
0.867234 0.6 -38.7458 -24.9986 -7.84243 0 0 0 1
0.816272 0.6 -44.3729 -12.4993 -7.84243 0 0 0 1
0.889763 0.633333 -47.1864 -6.24964 -7.84243 0 0 0 1
0.889763 0.6 -23.5932 -3.12482 -7.84243 0 0 0 1
0.933858 0.666667 -36.7966 -26.5624 -7.84243 0 0 0 1
0.848252 0.633333 -43.3983 -38.2812 -7.84243 0 0 0 1
0.807161 0.6 -46.6992 -44.1406 -7.84243 0 0 0 1
0.645729 0.633333 -23.3496 -22.0703 -7.84243 0 0 0 1
0.645729 0.6 -11.6748 -11.0352 -7.84243 0 0 0 1
0.872462 0.6 -30.8374 -30.5176 -7.84243 0 0 0 1
0.923477 0.6 -40.4187 -40.2588 -7.84243 0 0 0 1
0.923477 0.6 -20.2093 -20.1294 -7.84243 0 0 0 1
0.738782 0.633333 -10.1047 -10.0647 -7.84243 0 0 0 1
0.738782 0.6 -5.05234 -5.03235 -7.84243 0 0 0 1
0.738782 0.6 -2.52617 -2.51617 -7.84243 0 0 0 1
0.738782 0.633333 -1.26308 -1.25809 -7.84243 0 0 0 1
0.738782 0.666667 -0.631542 -0.629044 -7.84243 0 0 0 1
0.738782 0.666667 -0.315771 -0.314522 -7.84243 0 0 0 1
0.843269 0.766667 -25.1579 -0.157261 -7.84243 0 0 0 1
0.843269 0.7 -12.5789 -0.0786304 -7.84243 0 0 0 1
0.674615 0.8 -31.2895 -0.0393152 -7.84243 0 0 0 1
0.804769 0.7 -40.6447 -25.0197 -7.84243 0 0 0 1
0.804769 0.733333 -20.3224 -12.5098 -7.84243 0 0 0 1
0.643815 0.733333 -35.1612 -6.25491 -7.84243 0 0 0 1
0.515052 0.633333 -17.5806 -3.12746 -7.84243 0 0 0 1
0.825419 0.633333 -33.7903 -26.5637 -7.84243 0 0 0 1
0.895251 0.633333 -41.8951 -38.2819 2.12606 0 0 0 1
0.895251 0.6 -20.9476 -19.1409 2.12606 0 0 0 1
0.829721 0.6 -35.4738 -34.5705 2.12606 0 0 0 1
0.798266 0.6 -42.7369 -42.2852 2.50085 0 0 0 1
0.783168 0.6 -46.3684 -21.1426 2.50085 0 0 0 1
0.783168 0.6 -23.1842 -10.5713 2.50085 0 0 0 1
0.626534 0.666667 -36.5921 -30.2857 1.60068 0 0 0 1
0.501227 0.566667 -18.2961 -15.1428 1.60068 0 0 0 1
0.501227 0.666667 -9.14803 -7.57141 1.60068 0 0 0 1
0.501227 0.666667 -4.57401 -3.78571 1.60068 0 0 0 1
0.501227 0.7 -2.28701 -1.89285 1.60068 0 0 0 1
0.501227 0.733333 -1.1435 -0.946427 1.60068 0 0 0 1
0.700736 0.8 -25.5718 -25.4732 1.60068 0 0 0 1
0.560589 0.7 -12.7859 -12.7366 1.60068 0 0 0 1
0.560589 0.7 -6.39294 -6.3683 1.60068 0 0 0 1
0.736353 0.8 -28.1965 -28.1842 1.60068 0 0 0 1
0.589083 0.7 -14.0982 -14.0921 1.60068 0 0 0 1
0.589083 0.7 -7.04912 -7.04604 1.60068 0 0 0 1
0.589083 0.7 -3.52456 -3.52302 1.60068 0 0 0 1
0.589083 0.7 -1.76228 -1.76151 1.60068 0 0 0 1
0.589083 0.7 -0.88114 -0.880755 1.60068 0 0 0 1
0.589083 0.7 -0.44057 -0.440377 1.60068 0 0 0 1
0.589083 0.7 -0.220285 -0.220189 1.60068 0 0 0 1
0.589083 0.7 -0.110142 -0.110094 1.60068 0 0 0 1
0.589083 0.8 -0.0550712 -0.0550472 1.60068 0 0 0 1
0.589083 0.8 -0.0275356 -0.0275236 1.60068 0 0 0 1
0.589083 0.8 -0.0137678 -0.0137618 1.60068 0 0 0 1
0.589083 0.8 -0.0068839 -0.0068809 1.60068 0 0 0 1
0.589083 0.9 -0.00344195 -0.00344045 1.60068 0 0 0 1
0.589083 0.9 -0.00172098 -0.00172022 1.60068 0 0 0 1
0.589083 0.9 -0.000860488 -0.000860112 1.60068 0 0 0 1
0.589083 0.9 -0.000430244 -0.000430056 1.60068 0 0 0 1
0.589083 0.9 -0.000215122 -0.000215028 1.60068 0 0 0 1
0.589083 0.9 -0.000107561 -0.000107514 1.60068 0 0 0 1
0.589083 0.9 -5.37805e-005 -5.3757e-005 1.60068 0 0 0 1
0.589083 0.9 -2.68902e-005 -2.68785e-005 1.60068 0 0 0 1
0.589083 0.9 -1.34451e-005 -1.34393e-005 1.60068 0 0 0 1
0.589083 0.9 -6.72256e-006 -6.71963e-006 1.60068 0 0 0 1
0.589083 0.9 -3.36128e-006 -3.35981e-006 1.60068 0 0 0 1
0.589083 0.9 -1.68064e-006 -1.67991e-006 1.60068 0 0 0 1
0.589083 0.9 -8.4032e-007 -8.39953e-007 1.60068 0 0 0 1
0.589083 0.9 -4.2016e-007 -4.19977e-007 1.60068 0 0 0 1
0.589083 0.9 -2.1008e-007 -2.09988e-007 1.60068 0 0 0 1
0.589083 0.9 -1.0504e-007 -1.04994e-007 1.60068 0 0 0 1
0.589083 0.9 -5.252e-008 -5.24971e-008 1.60068 0 0 0 1
0.589083 0.9 -2.626e-008 -2.62485e-008 1.60068 0 0 0 1
0.589083 0.9 -1.313e-008 -1.31243e-008 1.60068 0 0 0 1
0.589083 0.9 -6.565e-009 -6.56213e-009 1.60068 0 0 0 1
0.589083 0.9 -3.2825e-009 -3.28107e-009 1.60068 0 0 0 1
0.589083 0.9 -1.64125e-009 -1.64053e-009 1.60068 0 0 0 1
0.589083 0.9 -8.20625e-010 -8.20267e-010 1.60068 0 0 0 1
0.589083 0.9 -4.10313e-010 -4.10133e-010 1.60068 0 0 0 1
0.589083 0.9 -2.05156e-010 -2.05067e-010 1.60068 0 0 0 1
0.589083 0.8 -1.02578e-010 -1.02533e-010 1.60068 0 0 0 1
0.589083 0.8 -25 -5.12667e-011 1.60068 0 0 0 1
0.68276 0.7 -37.5 -2.56333e-011 1.60068 0 0 0 1
0.68276 0.7 -18.75 -1.28167e-011 1.60068 0 0 0 1
0.68276 0.7 -9.375 -6.40833e-012 1.60068 0 0 0 1
0.68276 0.6 -4.6875 -3.20417e-012 1.60068 0 0 0 1
0.68276 0.6 -2.34375 -1.60208e-012 1.60068 0 0 0 1
0.68276 0.7 -1.17188 -8.01042e-013 1.60068 0 0 0 1
0.68276 0.6 -0.585938 -4.00521e-013 1.60068 0 0 0 1
0.68276 0.6 -0.292969 -2.0026e-013 1.60068 0 0 0 1
0.68276 0.7 -0.146484 -1.0013e-013 1.60068 0 0 0 1
0.68276 0.7 -0.0732422 -5.00651e-014 1.60068 0 0 0 1
0.68276 0.7 -0.0366211 -2.50326e-014 1.60068 0 0 0 1
0.68276 0.8 -0.0183105 -1.25163e-014 1.60068 0 0 0 1
0.68276 0.8 -0.00915527 -6.25814e-015 1.60068 0 0 0 1
0.68276 0.7 -0.00457764 -3.12907e-015 1.60068 0 0 0 1
0.68276 0.8 -0.00228882 -1.56453e-015 1.60068 0 0 0 1
0.68276 0.8 -0.00114441 -7.82267e-016 1.60068 0 0 0 1
0.68276 0.8 -0.000572205 -3.91134e-016 1.60068 0 0 0 1
0.68276 0.8 -0.000286102 -1.95567e-016 1.60068 0 0 0 1
0.68276 0.8 -0.000143051 -9.77834e-017 1.60068 0 0 0 1
0.809656 0.8 -25.0001 -25 1.60068 0 0 0 1
0.51818 0.8 -37.5 -12.5 1.60068 0 0 0 1
0.51818 0.8 -18.75 -6.25 1.60068 0 0 0 1
0.51818 0.8 -9.37501 -3.125 1.60068 0 0 0 1
0.51818 0.8 -4.6875 -1.5625 1.60068 0 0 0 1
0.51818 0.8 -2.34375 -0.78125 1.60068 0 0 0 1
0.51818 0.8 -1.17188 -0.390625 1.60068 0 0 0 1
0.51818 0.8 -0.585938 -0.195313 1.60068 0 0 0 1
0.51818 0.8 -0.292969 -0.0976563 1.60068 0 0 0 1
0.51818 0.9 -0.146485 -0.0488281 1.60068 0 0 0 1
0.51818 0.9 -0.0732423 -0.0244141 1.60068 0 0 0 1
0.51818 0.8 -0.0366211 -0.012207 1.60068 0 0 0 1
0.51818 0.8 -0.0183106 -0.00610352 1.60068 0 0 0 1
0.51818 0.8 -0.00915528 -0.00305176 1.60068 0 0 0 1
0.51818 0.8 -0.00457764 -0.00152588 1.60068 0 0 0 1
0.51818 0.8 -0.00228882 -0.000762939 1.60068 0 0 0 1
0.51818 0.8 -0.00114441 -0.00038147 1.60068 0 0 0 1
0.51818 0.8 -0.000572205 -0.000190735 1.60068 0 0 0 1
0.51818 0.9 -0.000286103 -9.53674e-005 1.60068 0 0 0 1
0.51818 0.9 -0.000143051 -4.76837e-005 1.60068 0 0 0 1
0.51818 0.9 -7.15256e-005 -2.38419e-005 1.60068 0 0 0 1
0.51818 0.9 -3.57628e-005 -1.19209e-005 1.60068 0 0 0 1
0.51818 0.9 -1.78814e-005 -5.96046e-006 1.60068 0 0 0 1
0.51818 0.9 -8.94071e-006 -2.98023e-006 1.60068 0 0 0 1
0.51818 0.9 -4.47035e-006 -1.49012e-006 1.60068 0 0 0 1
0.51818 0.9 -2.23518e-006 -7.45058e-007 1.60068 0 0 0 1
0.51818 0.9 -1.11759e-006 -3.72529e-007 1.60068 0 0 0 1
0.51818 0.9 -5.58794e-007 -1.86265e-007 1.60068 0 0 0 1
0.51818 0.9 -2.79397e-007 -9.31323e-008 1.60068 0 0 0 1
0.51818 0.9 -1.39699e-007 -4.65661e-008 1.60068 0 0 0 1
0.51818 0.9 -6.98493e-008 -2.32831e-008 1.60068 0 0 0 1
0.51818 0.9 -3.49246e-008 -1.16415e-008 1.60068 0 0 0 1
0.51818 0.9 -1.74623e-008 -5.82077e-009 1.60068 0 0 0 1
0.51818 0.9 -8.73116e-009 -2.91038e-009 1.60068 0 0 0 1
0.51818 0.9 -4.36558e-009 -1.45519e-009 1.60068 0 0 0 1
0.51818 0.9 -2.18279e-009 -7.27596e-010 1.60068 0 0 0 1
0.51818 0.9 -1.09139e-009 -3.63798e-010 1.60068 0 0 0 1
0.51818 0.9 -5.45697e-010 -1.81899e-010 1.60068 0 0 0 1
0.51818 0.9 -2.72849e-010 -9.09495e-011 1.60068 0 0 0 1
0.51818 0.9 -1.36424e-010 -4.54747e-011 1.60068 0 0 0 1
0.51818 0.9 -6.82122e-011 -2.27374e-011 1.60068 0 0 0 1
0.51818 0.9 -3.41061e-011 -1.13687e-011 1.60068 0 0 0 1
0.51818 0.9 -1.7053e-011 -5.68434e-012 1.60068 0 0 0 1
0.51818 0.9 -8.52652e-012 -2.84217e-012 1.60068 0 0 0 1
0.51818 0.9 -4.26326e-012 -1.42109e-012 1.60068 0 0 0 1
0.51818 0.9 -2.13163e-012 -7.10543e-013 1.60068 0 0 0 1
0.51818 0.9 -1.06582e-012 -3.55271e-013 1.60068 0 0 0 1
0.51818 0.9 -5.32908e-013 -1.77636e-013 1.60068 0 0 0 1
0.51818 0.9 -2.66454e-013 -8.88178e-014 1.60068 0 0 0 1
0.51818 0.9 -1.33227e-013 -4.44089e-014 1.60068 0 0 0 1
0.51818 0.9 -6.66134e-014 -2.22045e-014 1.60068 0 0 0 1
0.51818 0.9 -3.33067e-014 -1.11022e-014 1.60068 0 0 0 1
0.51818 0.9 -1.66534e-014 -5.55112e-015 1.60068 0 0 0 1
0.51818 0.9 -8.32668e-015 -2.77556e-015 1.60068 0 0 0 1
0.51818 0.9 -4.16334e-015 -1.38778e-015 1.60068 0 0 0 1
0.51818 0.9 -2.08167e-015 -6.93889e-016 1.60068 0 0 0 1
0.51818 0.9 -1.04084e-015 -3.46945e-016 1.60068 0 0 0 1
0.51818 0.9 -5.20418e-016 -1.73472e-016 1.60068 0 0 0 1
0.51818 0.9 -2.60209e-016 -8.67362e-017 1.60068 0 0 0 1
0.51818 0.9 -1.30104e-016 -4.33681e-017 1.60068 0 0 0 1
0.51818 0.9 -6.50522e-017 -2.1684e-017 1.60068 0 0 0 1
0.51818 0.9 -3.25261e-017 -1.0842e-017 1.60068 0 0 0 1
0.51818 0.9 -1.6263e-017 -5.42101e-018 1.60068 0 0 0 1
0.51818 0.9 -8.13152e-018 -2.71051e-018 1.60068 0 0 0 1
0.51818 0.9 -4.06576e-018 -1.35525e-018 1.60068 0 0 0 1
0.51818 0.9 -2.03288e-018 -6.77626e-019 1.60068 0 0 0 1
0.51818 0.9 -1.01644e-018 -3.38813e-019 1.60068 0 0 0 1
0.51818 0.9 -5.0822e-019 -1.69407e-019 1.60068 0 0 0 1
0.51818 0.9 -2.5411e-019 -8.47033e-020 1.60068 0 0 0 1
0.51818 0.9 -1.27055e-019 -4.23516e-020 1.60068 0 0 0 1
0.51818 0.9 -6.35275e-020 -2.11758e-020 1.60068 0 0 0 1
0.51818 0.9 -3.17638e-020 -1.05879e-020 1.60068 0 0 0 1
0.51818 0.9 -1.58819e-020 -5.29396e-021 1.60068 0 0 0 1
0.51818 0.9 -7.94094e-021 -2.64698e-021 1.60068 0 0 0 1
0.51818 0.9 -3.97047e-021 -1.32349e-021 1.60068 0 0 0 1
0.51818 0.9 -1.98524e-021 -6.61744e-022 1.60068 0 0 0 1
0.51818 0.9 -9.92618e-022 -3.30872e-022 1.60068 0 0 0 1
0.51818 0.9 -4.96309e-022 -1.65436e-022 1.60068 0 0 0 1
0.51818 0.9 -2.48154e-022 -8.27181e-023 1.60068 0 0 0 1
0.51818 0.9 -1.24077e-022 -4.1359e-023 1.60068 0 0 0 1
0.51818 0.9 -6.20386e-023 -2.06795e-023 1.60068 0 0 0 1
0.51818 0.9 -3.10193e-023 -1.03398e-023 1.60068 0 0 0 1
0.51818 0.9 -1.55097e-023 -5.16988e-024 1.60068 0 0 0 1
0.51818 0.9 -7.75483e-024 -2.58494e-024 1.60068 0 0 0 1
0.51818 0.9 -3.87741e-024 -1.29247e-024 1.60068 0 0 0 1
0.51818 0.9 -1.93871e-024 -6.46235e-025 1.60068 0 0 0 1
0.51818 0.9 -9.69353e-025 -3.23117e-025 1.60068 0 0 0 1
0.51818 0.9 -4.84677e-025 -1.61559e-025 1.60068 0 0 0 1
0.51818 0.9 -2.42338e-025 -8.07794e-026 1.60068 0 0 0 1
0.51818 0.9 -1.21169e-025 -4.03897e-026 1.60068 0 0 0 1
0.51818 0.9 -6.05846e-026 -2.01948e-026 1.60068 0 0 0 1
0.51818 0.9 -3.02923e-026 -1.00974e-026 1.60068 0 0 0 1
0.51818 0.9 -1.51461e-026 -5.04871e-027 1.60068 0 0 0 1
0.51818 0.9 -7.57307e-027 -2.52435e-027 1.60068 0 0 0 1
0.51818 0.9 -3.78654e-027 -1.26218e-027 1.60068 0 0 0 1
0.51818 0.9 -1.89327e-027 -6.31089e-028 1.60068 0 0 0 1
0.51818 0.9 -9.46634e-028 -3.15544e-028 1.60068 0 0 0 1
0.51818 0.9 -4.73317e-028 -1.57772e-028 1.60068 0 0 0 1
0.51818 0.9 -2.36658e-028 -7.88861e-029 1.60068 0 0 0 1
0.51818 0.9 -1.18329e-028 -3.9443e-029 1.60068 0 0 0 1
0.51818 0.9 -5.91646e-029 -1.97215e-029 1.60068 0 0 0 1
0.51818 0.9 -2.95823e-029 -9.86076e-030 1.60068 0 0 0 1
0.51818 0.9 -1.47912e-029 -4.93038e-030 1.60068 0 0 0 1
0.51818 0.9 -7.39558e-030 -2.46519e-030 1.60068 0 0 0 1
0.51818 0.9 -3.69779e-030 -1.2326e-030 1.60068 0 0 0 1
0.51818 0.9 -1.84889e-030 -6.16298e-031 1.60068 0 0 0 1
0.51818 0.9 -9.24447e-031 -3.08149e-031 1.60068 0 0 0 1
0.51818 0.9 -4.62224e-031 -1.54074e-031 1.60068 0 0 0 1
0.51818 0.9 -2.31112e-031 -7.70372e-032 1.60068 0 0 0 1
0.51818 0.9 -1.15556e-031 -3.85186e-032 1.60068 0 0 0 1
0.51818 0.9 -5.7778e-032 -1.92593e-032 1.60068 0 0 0 1
0.51818 0.9 -2.8889e-032 -9.62965e-033 1.60068 0 0 0 1
0.51818 0.9 -1.44445e-032 -4.81482e-033 1.60068 0 0 0 1
0.51818 0.9 -7.22224e-033 -2.40741e-033 1.60068 0 0 0 1
0.51818 0.9 -3.61112e-033 -1.20371e-033 1.60068 0 0 0 1
0.51818 0.9 -1.80556e-033 -6.01853e-034 1.60068 0 0 0 1
0.51818 0.9 -9.02781e-034 -3.00927e-034 1.60068 0 0 0 1
0.51818 0.9 -4.5139e-034 -1.50463e-034 1.60068 0 0 0 1
0.51818 0.9 -2.25695e-034 -7.52316e-035 1.60068 0 0 0 1
0.51818 0.9 -1.12848e-034 -3.76158e-035 1.60068 0 0 0 1
0.51818 0.9 -5.64238e-035 -1.88079e-035 1.60068 0 0 0 1
0.51818 0.9 -2.82119e-035 -9.40395e-036 1.60068 0 0 0 1
0.51818 0.9 -1.41059e-035 -4.70198e-036 1.60068 0 0 0 1
0.51818 0.9 -7.05297e-036 -2.35099e-036 1.60068 0 0 0 1
0.51818 0.9 -3.52649e-036 -1.17549e-036 1.60068 0 0 0 1
0.51818 0.9 -1.76324e-036 -5.87747e-037 1.60068 0 0 0 1
0.51818 0.9 -8.81622e-037 -2.93874e-037 1.60068 0 0 0 1
0.51818 0.9 -4.40811e-037 -1.46937e-037 1.60068 0 0 0 1
0.51818 0.9 -2.20405e-037 -7.34684e-038 1.60068 0 0 0 1
0.51818 0.9 -1.10203e-037 -3.67342e-038 1.60068 0 0 0 1
0.51818 0.9 -5.51014e-038 -1.83671e-038 1.60068 0 0 0 1
0.51818 0.9 -2.75507e-038 -9.18355e-039 1.60068 0 0 0 1
0.51818 0.9 -1.37753e-038 -4.59177e-039 1.60068 0 0 0 1
0.51818 0.9 -6.88767e-039 -2.29589e-039 1.60068 0 0 0 1
0.51818 0.9 -3.44383e-039 -1.14794e-039 1.60068 0 0 0 1
0.51818 0.9 -1.72192e-039 -5.73972e-040 1.60068 0 0 0 1
0.51818 0.9 -8.60959e-040 -2.86986e-040 1.60068 0 0 0 1
0.51818 0.9 -4.30479e-040 -1.43493e-040 1.60068 0 0 0 1
0.51818 0.9 -2.1524e-040 -7.17465e-041 1.60068 0 0 0 1
0.51818 0.9 -1.0762e-040 -3.58732e-041 1.60068 0 0 0 1
0.51818 0.9 -5.38099e-041 -1.79366e-041 1.60068 0 0 0 1
0.51818 0.9 -2.6905e-041 -8.96831e-042 1.60068 0 0 0 1
0.51818 0.9 -1.34525e-041 -4.48416e-042 1.60068 0 0 0 1
0.51818 0.9 -6.72624e-042 -2.24208e-042 1.60068 0 0 0 1
0.414544 0.9 -25 -1.12104e-042 1.60068 0 0 0 1
0.414544 0.8 -12.5 -5.60519e-043 1.60068 0 0 0 1
0.648726 0.8 -31.25 -13.125 1.60068 0 0 0 1
0.711389 0.7 -40.625 -31.5625 1.60068 0 0 0 1
0.741467 0.7 -45.3125 -15.7813 1.60068 0 0 0 1
0.84488 0.6 -47.6563 -7.89063 1.60068 0 0 0 1
0.675904 0.6 -48.8281 -3.94531 1.60068 0 0 0 1
0.805542 0.566667 -49.4141 -1.97266 1.60068 0 0 0 1
0.883325 0.633333 -49.707 -0.986328 1.60068 0 0 0 1
0.929995 0.6 -40.2702 -0.493164 1.60068 0 0 0 1
0.957997 0.633333 -45.1351 -0.246582 1.60068 0 0 0 1
0.766398 0.633333 -47.5675 -0.123291 1.60068 0 0 0 1
0.859839 0.633333 -48.7838 -25.0616 1.60068 0 0 0 1
0.687871 0.633333 -49.3919 -12.5308 1.60068 0 0 0 1
0.550297 0.566667 -24.6959 -6.26541 1.60068 0 0 0 1
0.550297 0.6 -12.348 -3.13271 1.60068 0 0 0 1
0.550297 0.633333 -6.17399 -1.56635 1.60068 0 0 0 1
0.550297 0.7 -3.08699 -0.783176 1.60068 0 0 0 1
0.550297 0.7 -1.5435 -0.391588 1.60068 0 0 0 1
0.440237 0.766667 -25.7717 -0.195794 1.60068 0 0 0 1
0.440237 0.7 -12.8859 -0.0978971 1.60068 0 0 0 1
0.440237 0.766667 -6.44294 -0.0489485 1.60068 0 0 0 1
0.440237 0.733333 -3.22147 -0.0244743 1.60068 0 0 0 1
0.664142 0.733333 -26.6107 -25.0122 1.60068 0 0 0 1
0.718788 0.633333 -38.3054 -37.5061 0.880542 0 0 0 1
0.718788 0.633333 -19.1527 -18.7531 0.880542 0 0 0 1
0.460025 0.633333 -34.5763 -9.37653 0.880542 0 0 0 1
0.460025 0.633333 -17.2882 -4.68826 0.880542 0 0 0 1
0.460025 0.633333 -8.64409 -2.34413 0.880542 0 0 0 1
0.676015 0.7 -29.322 -1.17207 0.880542 0 0 0 1
0.676015 0.6 -14.661 -0.586033 0.880542 0 0 0 1
0.676015 0.6 -7.33051 -0.293017 0.880542 0 0 0 1
0.676015 0.7 -3.66526 -0.146508 0.880542 0 0 0 1
0.676015 0.6 -1.83263 -0.0732541 0.880542 0 0 0 1
0.676015 0.7 -0.916314 -0.0366271 0.880542 0 0 0 1
0.676015 0.7 -0.458157 -0.0183135 0.880542 0 0 0 1
0.676015 0.7 -0.229078 -0.00915677 0.880542 0 0 0 1
0.676015 0.7 -0.114539 -0.00457838 0.880542 0 0 0 1
0.676015 0.8 -0.0572696 -0.00228919 0.880542 0 0 0 1
0.676015 0.7 -0.0286348 -0.0011446 0.880542 0 0 0 1
0.676015 0.8 -0.0143174 -0.000572298 0.880542 0 0 0 1
0.676015 0.8 -0.0071587 -0.000286149 0.880542 0 0 0 1
0.676015 0.8 -0.00357935 -0.000143074 0.880542 0 0 0 1
0.676015 0.8 -0.00178968 -7.15372e-005 0.880542 0 0 0 1
0.676015 0.8 -0.000894838 -3.57686e-005 0.880542 0 0 0 1
0.676015 0.8 -0.000447419 -1.78843e-005 0.880542 0 0 0 1
0.676015 0.8 -0.000223709 -8.94216e-006 0.880542 0 0 0 1
0.676015 0.7 -0.000111855 -4.47108e-006 0.880542 0 0 0 1
0.676015 0.8 -5.59274e-005 -2.23554e-006 0.880542 0 0 0 1
0.676015 0.8 -2.79637e-005 -1.11777e-006 0.880542 0 0 0 1
0.676015 0.8 -1.39818e-005 -5.58885e-007 0.880542 0 0 0 1
0.676015 0.8 -6.99092e-006 -2.79442e-007 0.880542 0 0 0 1
0.676015 0.8 -3.49546e-006 -1.39721e-007 0.880542 0 0 0 1
0.676015 0.8 -1.74773e-006 -6.98606e-008 0.880542 0 0 0 1
0.676015 0.8 -8.73865e-007 -3.49303e-008 0.880542 0 0 0 1
0.676015 0.9 -4.36932e-007 -1.74651e-008 0.880542 0 0 0 1
0.676015 0.9 -2.18466e-007 -8.73257e-009 0.880542 0 0 0 1
0.676015 0.9 -1.09233e-007 -4.36629e-009 0.880542 0 0 0 1
0.676015 0.9 -5.46166e-008 -2.18314e-009 0.880542 0 0 0 1
0.676015 0.9 -2.73083e-008 -1.09157e-009 0.880542 0 0 0 1
0.676015 0.9 -1.36541e-008 -5.45786e-010 0.880542 0 0 0 1
0.676015 0.9 -6.82707e-009 -2.72893e-010 0.880542 0 0 0 1
0.676015 0.9 -3.41354e-009 -1.36446e-010 0.880542 0 0 0 1
0.676015 0.9 -1.70677e-009 -6.82232e-011 0.880542 0 0 0 1
0.676015 0.9 -8.53384e-010 -3.41116e-011 0.880542 0 0 0 1
0.676015 0.9 -4.26692e-010 -1.70558e-011 0.880542 0 0 0 1
0.676015 0.9 -2.13346e-010 -8.5279e-012 0.880542 0 0 0 1
0.676015 0.9 -1.06673e-010 -4.26395e-012 0.880542 0 0 0 1
0.676015 0.9 -5.33365e-011 -2.13198e-012 0.880542 0 0 0 1
0.676015 0.9 -2.66682e-011 -1.06599e-012 0.880542 0 0 0 1
0.676015 0.9 -1.33341e-011 -5.32994e-013 0.880542 0 0 0 1
0.676015 0.9 -6.66706e-012 -2.66497e-013 0.880542 0 0 0 1
0.676015 0.9 -3.33353e-012 -1.33249e-013 0.880542 0 0 0 1
0.676015 0.9 -1.66677e-012 -6.66243e-014 0.880542 0 0 0 1
0.676015 0.9 -8.33383e-013 -3.33121e-014 0.880542 0 0 0 1
0.676015 0.9 -4.16691e-013 -1.66561e-014 0.880542 0 0 0 1
0.676015 0.9 -2.08346e-013 -8.32803e-015 0.880542 0 0 0 1
0.676015 0.9 -1.04173e-013 -4.16402e-015 0.880542 0 0 0 1
0.676015 0.9 -5.20864e-014 -2.08201e-015 0.880542 0 0 0 1
0.676015 0.9 -2.60432e-014 -1.041e-015 0.880542 0 0 0 1
0.676015 0.9 -1.30216e-014 -5.20502e-016 0.880542 0 0 0 1
0.676015 0.9 -6.5108e-015 -2.60251e-016 0.880542 0 0 0 1
0.805609 0.9 -25 -25 0.880542 0 0 0 1
0.805609 0.8 -12.5 -12.5 0.880542 0 0 0 1
0.805609 0.8 -6.25 -6.25 0.880542 0 0 0 1
0.786692 0.8 3.26389 6.875 0.880542 0 0 0 1
0.786692 0.7 1.63194 3.4375 0.880542 0 0 0 1
0.777612 0.7 -24.184 -23.2813 0.880542 0 0 0 1
0.777612 0.633333 -12.092 -11.6406 0.880542 0 0 0 1
0.866567 0.633333 -31.046 -16.3203 0.880542 0 0 0 1
0.866567 0.633333 -15.523 -8.16016 0.880542 0 0 0 1
0.815952 0.633333 -32.7615 -29.0801 0.880542 0 0 0 1
0.791657 0.566667 -41.3808 -39.54 0.880542 0 0 0 1
0.633326 0.633333 -20.6904 -19.77 0.880542 0 0 0 1
0.633326 0.6 -10.3452 -9.88501 0.880542 0 0 0 1
0.506661 0.666667 -30.1726 -29.9425 0.880542 0 0 0 1
0.324263 0.566667 -40.0863 -14.9713 0.880542 0 0 0 1
0.324263 0.666667 -20.0431 -7.48563 0.880542 0 0 0 1
0.324263 0.666667 -10.0216 -3.74281 0.880542 0 0 0 1
0.324263 0.7 -5.01079 -1.87141 0.880542 0 0 0 1
0.324263 0.733333 -2.50539 -0.935703 0.880542 0 0 0 1
0.324263 0.7 -1.2527 -0.467852 0.880542 0 0 0 1
0.324263 0.7 -0.626348 -0.233926 0.880542 0 0 0 1
0.324263 0.7 -0.313174 -0.116963 0.880542 0 0 0 1
0.324263 0.8 -0.156587 -0.0584815 0.880542 0 0 0 1
0.324263 0.8 -0.0782935 -0.0292407 0.880542 0 0 0 1
0.324263 0.8 -0.0391468 -0.0146204 0.880542 0 0 0 1
0.324263 0.8 -0.0195734 -0.00731018 0.880542 0 0 0 1
0.324263 0.9 -0.00978669 -0.00365509 0.880542 0 0 0 1
0.324263 0.9 -0.00489335 -0.00182755 0.880542 0 0 0 1
0.324263 0.9 -0.00244667 -0.000913773 0.880542 0 0 0 1
0.324263 0.9 -0.00122334 -0.000456886 0.880542 0 0 0 1
0.324263 0.9 -0.000611668 -0.000228443 0.880542 0 0 0 1
0.324263 0.9 -0.000305834 -0.000114222 0.880542 0 0 0 1
0.324263 0.9 -0.000152917 -5.71108e-005 0.880542 0 0 0 1
0.25941 0.9 -25.0001 -2.85554e-005 0.880542 0 0 0 1
0.25941 0.8 -12.5 -1.42777e-005 0.880542 0 0 0 1
0.25941 0.8 -6.25002 -7.13885e-006 0.880542 0 0 0 1
0.25941 0.8 -3.12501 -3.56942e-006 0.880542 0 0 0 1
0.25941 0.8 -1.5625 -1.78471e-006 0.880542 0 0 0 1
0.25941 0.8 -0.781252 -8.92356e-007 0.880542 0 0 0 1
0.25941 0.8 -0.390626 -4.46178e-007 0.880542 0 0 0 1
0.25941 0.8 -0.195313 -2.23089e-007 0.880542 0 0 0 1
0.25941 0.9 -0.0976565 -1.11545e-007 0.880542 0 0 0 1
0.25941 0.9 -0.0488283 -5.57723e-008 0.880542 0 0 0 1
0.25941 0.9 -0.0244141 -2.78861e-008 0.880542 0 0 0 1
0.25941 0.9 -0.0122071 -1.39431e-008 0.880542 0 0 0 1
0.25941 0.9 -0.00610353 -6.97153e-009 0.880542 0 0 0 1
0.25941 0.9 -0.00305177 -3.48577e-009 0.880542 0 0 0 1
0.25941 0.9 -0.00152588 -1.74288e-009 0.880542 0 0 0 1
0.25941 0.9 -0.000762942 -8.71442e-010 0.880542 0 0 0 1
0.25941 0.9 -0.000381471 -4.35721e-010 0.880542 0 0 0 1
0.25941 0.9 -0.000190735 -2.1786e-010 0.880542 0 0 0 1
0.25941 0.9 -9.53677e-005 -1.0893e-010 0.880542 0 0 0 1
0.25941 0.9 -4.76839e-005 -5.44651e-011 0.880542 0 0 0 1
0.25941 0.9 -2.38419e-005 -2.72325e-011 0.880542 0 0 0 1
0.25941 0.9 -1.1921e-005 -1.36163e-011 0.880542 0 0 0 1
0.25941 0.9 -5.96048e-006 -6.80814e-012 0.880542 0 0 0 1
0.25941 0.9 -2.98024e-006 -3.40407e-012 0.880542 0 0 0 1
0.25941 0.9 -1.49012e-006 -1.70203e-012 0.880542 0 0 0 1
0.25941 0.9 -7.4506e-007 -8.51017e-013 0.880542 0 0 0 1
0.25941 0.9 -3.7253e-007 -4.25509e-013 0.880542 0 0 0 1
0.25941 0.9 -1.86265e-007 -2.12754e-013 0.880542 0 0 0 1
0.25941 0.9 -9.31325e-008 -1.06377e-013 0.880542 0 0 0 1
0.25941 0.9 -4.65663e-008 -5.31886e-014 0.880542 0 0 0 1
0.25941 0.9 -2.32831e-008 -2.65943e-014 0.880542 0 0 0 1
0.25941 0.9 -1.16416e-008 -1.32971e-014 0.880542 0 0 0 1
0.25941 0.9 -5.82078e-009 -6.64857e-015 0.880542 0 0 0 1
0.25941 0.9 -2.91039e-009 -3.32429e-015 0.880542 0 0 0 1
0.25941 0.8 -1.4552e-009 -1.66214e-015 0.880542 0 0 0 1
0.25941 0.8 -7.27598e-010 -8.31071e-016 0.880542 0 0 0 1
0.25941 0.8 -3.63799e-010 -4.15536e-016 0.880542 0 0 0 1
0.25941 0.8 -1.81899e-010 -2.07768e-016 0.880542 0 0 0 1
0.25941 0.8 -9.09497e-011 -1.03884e-016 0.880542 0 0 0 1
0.25941 0.8 -4.54749e-011 -5.1942e-017 0.880542 0 0 0 1
0.25941 0.8 -2.27374e-011 -2.5971e-017 0.880542 0 0 0 1
0.25941 0.9 -1.13687e-011 -1.29855e-017 0.880542 0 0 0 1
0.25941 0.9 -5.68436e-012 -6.49275e-018 0.880542 0 0 0 1
0.25941 0.9 -2.84218e-012 -3.24637e-018 0.880542 0 0 0 1
0.25941 0.9 -1.42109e-012 -1.62319e-018 0.880542 0 0 0 1
0.25941 0.9 -7.10545e-013 -8.11593e-019 0.880542 0 0 0 1
0.25941 0.9 -3.55272e-013 -4.05797e-019 0.880542 0 0 0 1
0.25941 0.9 -1.77636e-013 -2.02898e-019 0.880542 0 0 0 1
0.25941 0.9 -8.88181e-014 -1.01449e-019 0.880542 0 0 0 1
0.25941 0.9 -4.44091e-014 -5.07246e-020 0.880542 0 0 0 1
0.25941 0.9 -2.22045e-014 -2.53623e-020 0.880542 0 0 0 1
0.25941 0.9 -1.11023e-014 -1.26811e-020 0.880542 0 0 0 1
0.25941 0.9 -5.55113e-015 -6.34057e-021 0.880542 0 0 0 1
0.25941 0.9 -2.77557e-015 -3.17029e-021 0.880542 0 0 0 1
0.25941 0.9 -1.38778e-015 -1.58514e-021 0.880542 0 0 0 1
0.25941 0.9 -6.93892e-016 -7.92572e-022 0.880542 0 0 0 1
0.25941 0.9 -3.46946e-016 -3.96286e-022 0.880542 0 0 0 1
0.25941 0.9 -1.73473e-016 -1.98143e-022 0.880542 0 0 0 1
0.25941 0.9 -8.67364e-017 -9.90714e-023 0.880542 0 0 0 1
0.25941 0.9 -4.33682e-017 -4.95357e-023 0.880542 0 0 0 1
0.25941 0.9 -2.16841e-017 -2.47679e-023 0.880542 0 0 0 1
0.25941 0.9 -1.08421e-017 -1.23839e-023 0.880542 0 0 0 1
0.25941 0.9 -5.42103e-018 -6.19196e-024 0.880542 0 0 0 1
0.25941 0.9 -2.71051e-018 -3.09598e-024 0.880542 0 0 0 1
0.25941 0.9 -1.35526e-018 -1.54799e-024 0.880542 0 0 0 1
0.25941 0.9 -6.77628e-019 -7.73996e-025 0.880542 0 0 0 1
0.25941 0.9 -3.38814e-019 -3.86998e-025 0.880542 0 0 0 1
0.25941 0.9 -1.69407e-019 -1.93499e-025 0.880542 0 0 0 1
0.25941 0.9 -8.47036e-020 -9.67495e-026 0.880542 0 0 0 1
0.25941 0.8 -4.23518e-020 -4.83747e-026 0.880542 0 0 0 1
0.25941 0.8 -2.11759e-020 -2.41874e-026 0.880542 0 0 0 1
0.25941 0.8 -1.05879e-020 -1.20937e-026 0.880542 0 0 0 1
0.25941 0.8 -5.29397e-021 -6.04684e-027 0.880542 0 0 0 1
0.25941 0.8 -2.64699e-021 -3.02342e-027 0.880542 0 0 0 1
0.25941 0.8 -1.32349e-021 -1.51171e-027 0.880542 0 0 0 1
0.25941 0.8 -6.61747e-022 -7.55855e-028 0.880542 0 0 0 1
0.25941 0.8 -3.30873e-022 -3.77928e-028 0.880542 0 0 0 1
0.25941 0.8 -1.65437e-022 -1.88964e-028 0.880542 0 0 0 1
0.25941 0.8 -8.27183e-023 -9.44819e-029 0.880542 0 0 0 1
0.25941 0.8 -4.13592e-023 -4.72409e-029 0.880542 0 0 0 1
0.25941 0.8 -2.06796e-023 -2.36205e-029 0.880542 0 0 0 1
0.25941 0.8 -1.03398e-023 -1.18102e-029 0.880542 0 0 0 1
0.25941 0.8 -5.16989e-024 -5.90512e-030 0.880542 0 0 0 1
0.25941 0.9 -2.58495e-024 -2.95256e-030 0.880542 0 0 0 1
0.25941 0.9 -1.29247e-024 -1.47628e-030 0.880542 0 0 0 1
0.25941 0.9 -6.46237e-025 -7.3814e-031 0.880542 0 0 0 1
0.25941 0.9 -3.23118e-025 -3.6907e-031 0.880542 0 0 0 1
0.25941 0.8 -1.61559e-025 -1.84535e-031 0.880542 0 0 0 1
0.25941 0.8 -8.07796e-026 -9.22675e-032 0.880542 0 0 0 1
0.25941 0.7 -4.03898e-026 -4.61337e-032 0.880542 0 0 0 1
0.25941 0.7 -2.01949e-026 -2.30669e-032 0.880542 0 0 0 1
0.25941 0.7 -1.00975e-026 -1.15334e-032 0.880542 0 0 0 1
0.25941 0.7 -5.04873e-027 -5.76672e-033 0.880542 0 0 0 1
0.25941 0.7 -2.52436e-027 -2.88336e-033 0.880542 0 0 0 1
0.25941 0.8 -1.26218e-027 -1.44168e-033 0.880542 0 0 0 1
0.25941 0.8 -6.31091e-028 -7.2084e-034 0.880542 0 0 0 1
0.25941 0.9 -3.15545e-028 -3.6042e-034 0.880542 0 0 0 1
0.555646 0.9 -25 -1.8021e-034 0.880542 0 0 0 1
0.555646 0.8 -12.5 -9.01049e-035 0.880542 0 0 0 1
0.555646 0.8 -6.25 -4.50525e-035 0.880542 0 0 0 1
0.555646 0.8 -3.125 -2.25262e-035 0.880542 0 0 0 1
0.555646 0.8 -1.5625 -1.12631e-035 0.880542 0 0 0 1
0.555646 0.8 -0.78125 -5.63156e-036 0.880542 0 0 0 1
0.555646 0.8 -0.390625 -2.81578e-036 0.880542 0 0 0 1
0.555646 0.8 -0.195313 -1.40789e-036 0.880542 0 0 0 1
0.555646 0.9 -0.0976563 -7.03945e-037 0.880542 0 0 0 1
0.555646 0.9 -0.0488281 -3.51972e-037 0.880542 0 0 0 1
0.555646 0.9 -0.0244141 -1.75986e-037 0.880542 0 0 0 1
0.555646 0.9 -0.012207 -8.79931e-038 0.880542 0 0 0 1
0.555646 0.9 -0.00610352 -4.39966e-038 0.880542 0 0 0 1
0.555646 0.9 -0.00305176 -2.19983e-038 0.880542 0 0 0 1
0.555646 0.9 -0.00152588 -1.09991e-038 0.880542 0 0 0 1
0.555646 0.9 -0.000762939 -5.49957e-039 0.880542 0 0 0 1
0.555646 0.9 -0.00038147 -2.74978e-039 0.880542 0 0 0 1
0.555646 0.9 -0.000190735 -1.37489e-039 0.880542 0 0 0 1
0.555646 0.9 -9.53674e-005 -6.87446e-040 0.880542 0 0 0 1
0.555646 0.9 -4.76837e-005 -3.43723e-040 0.880542 0 0 0 1
0.555646 0.9 -2.38419e-005 -1.71862e-040 0.880542 0 0 0 1
0.555646 0.9 -1.19209e-005 -8.59308e-041 0.880542 0 0 0 1
0.555646 0.9 -5.96046e-006 -4.29654e-041 0.880542 0 0 0 1
0.555646 0.9 -2.98023e-006 -2.14827e-041 0.880542 0 0 0 1
0.555646 0.9 -1.49012e-006 -1.07413e-041 0.880542 0 0 0 1
0.555646 0.9 -7.45058e-007 -5.37067e-042 0.880542 0 0 0 1
0.555646 0.9 -3.72529e-007 -2.68534e-042 0.880542 0 0 0 1
0.555646 0.9 -1.86265e-007 -1.34267e-042 0.880542 0 0 0 1
0.555646 0.9 -9.31323e-008 -6.71334e-043 0.880542 0 0 0 1
0.555646 0.9 -4.65661e-008 -3.35667e-043 0.880542 0 0 0 1
0.555646 0.9 -2.32831e-008 -1.67834e-043 0.880542 0 0 0 1
0.555646 0.9 -1.16415e-008 -8.39168e-044 0.880542 0 0 0 1
0.555646 0.9 -5.82077e-009 -4.19584e-044 0.880542 0 0 0 1
0.555646 0.9 -2.91038e-009 -2.09792e-044 0.880542 0 0 0 1
0.555646 0.8 -1.45519e-009 -1.04896e-044 0.880542 0 0 0 1
0.555646 0.8 -7.27596e-010 -5.2448e-045 0.880542 0 0 0 1
0.555646 0.8 -3.63798e-010 -2.6224e-045 0.880542 0 0 0 1
0.555646 0.8 -1.81899e-010 -1.3112e-045 0.880542 0 0 0 1
0.555646 0.7 -9.09495e-011 -6.556e-046 0.880542 0 0 0 1
0.555646 0.7 -4.54747e-011 -3.278e-046 0.880542 0 0 0 1
0.555646 0.7 -2.27374e-011 -1.639e-046 0.880542 0 0 0 1
0.555646 0.8 -1.13687e-011 -8.195e-047 0.880542 0 0 0 1
0.555646 0.7 -5.68434e-012 -4.0975e-047 0.880542 0 0 0 1
0.555646 0.7 -2.84217e-012 -2.04875e-047 0.880542 0 0 0 1
0.555646 0.7 -1.42109e-012 -1.02437e-047 0.880542 0 0 0 1
0.555646 0.7 -7.10543e-013 -5.12187e-048 0.880542 0 0 0 1
0.555646 0.8 -3.55271e-013 -2.56094e-048 0.880542 0 0 0 1
0.555646 0.8 -1.77636e-013 -1.28047e-048 0.880542 0 0 0 1
0.555646 0.8 -8.88178e-014 -6.40234e-049 0.880542 0 0 0 1
0.555646 0.9 -4.44089e-014 -3.20117e-049 0.880542 0 0 0 1
0.555646 0.9 -2.22045e-014 -1.60059e-049 0.880542 0 0 0 1
0.555646 0.9 -1.11022e-014 -8.00293e-050 0.880542 0 0 0 1
0.555646 0.9 -5.55112e-015 -4.00146e-050 0.880542 0 0 0 1
0.555646 0.9 -2.77556e-015 -2.00073e-050 0.880542 0 0 0 1
0.555646 0.9 -1.38778e-015 -1.00037e-050 0.880542 0 0 0 1
0.555646 0.9 -6.93889e-016 -5.00183e-051 0.880542 0 0 0 1
0.555646 0.9 -3.46945e-016 -2.50091e-051 0.880542 0 0 0 1
0.555646 0.9 -1.73472e-016 -1.25046e-051 0.880542 0 0 0 1
0.555646 0.9 -8.67362e-017 -6.25229e-052 0.880542 0 0 0 1
0.555646 0.9 -4.33681e-017 -3.12614e-052 0.880542 0 0 0 1
0.555646 0.9 -2.1684e-017 -1.56307e-052 0.880542 0 0 0 1
0.555646 0.9 -1.0842e-017 -7.81536e-053 0.880542 0 0 0 1
0.555646 0.9 -5.42101e-018 -3.90768e-053 0.880542 0 0 0 1
0.555646 0.9 -2.71051e-018 -1.95384e-053 0.880542 0 0 0 1
0.555646 0.9 -1.35525e-018 -9.7692e-054 0.880542 0 0 0 1
0.555646 0.9 -6.77626e-019 -4.8846e-054 0.880542 0 0 0 1
0.555646 0.9 -3.38813e-019 -2.4423e-054 0.880542 0 0 0 1
0.555646 0.9 -1.69407e-019 -1.22115e-054 0.880542 0 0 0 1
0.555646 0.9 -8.47033e-020 -6.10575e-055 0.880542 0 0 0 1
0.555646 0.9 -4.23516e-020 -3.05287e-055 0.880542 0 0 0 1
0.555646 0.9 -2.11758e-020 -1.52644e-055 0.880542 0 0 0 1
0.555646 0.9 -1.05879e-020 -7.63219e-056 0.880542 0 0 0 1
0.555646 0.9 -5.29396e-021 -3.81609e-056 0.880542 0 0 0 1
0.555646 0.9 -2.64698e-021 -1.90805e-056 0.880542 0 0 0 1
0.555646 0.9 -1.32349e-021 -9.54023e-057 0.880542 0 0 0 1
0.555646 0.9 -6.61744e-022 -4.77012e-057 0.880542 0 0 0 1
0.555646 0.9 -3.30872e-022 -2.38506e-057 0.880542 0 0 0 1
0.555646 0.9 -1.65436e-022 -1.19253e-057 0.880542 0 0 0 1
0.555646 0.9 -8.27181e-023 -5.96265e-058 0.880542 0 0 0 1
0.555646 0.9 -4.1359e-023 -2.98132e-058 0.880542 0 0 0 1
0.555646 0.9 -2.06795e-023 -1.49066e-058 0.880542 0 0 0 1
0.555646 0.9 -1.03398e-023 -7.45331e-059 0.880542 0 0 0 1
0.555646 0.9 -5.16988e-024 -3.72665e-059 0.880542 0 0 0 1
0.555646 0.9 -2.58494e-024 -1.86333e-059 0.880542 0 0 0 1
0.555646 0.9 -1.29247e-024 -9.31663e-060 0.880542 0 0 0 1
0.555646 0.9 -6.46235e-025 -4.65832e-060 0.880542 0 0 0 1
0.555646 0.9 -3.23117e-025 -2.32916e-060 0.880542 0 0 0 1
0.555646 0.9 -1.61559e-025 -1.16458e-060 0.880542 0 0 0 1
0.555646 0.9 -8.07794e-026 -5.8229e-061 0.880542 0 0 0 1
0.555646 0.9 -4.03897e-026 -2.91145e-061 0.880542 0 0 0 1
0.555646 0.9 -2.01948e-026 -1.45572e-061 0.880542 0 0 0 1
0.555646 0.9 -1.00974e-026 -7.27862e-062 0.880542 0 0 0 1
0.555646 0.9 -5.04871e-027 -3.63931e-062 0.880542 0 0 0 1
0.555646 0.9 -2.52435e-027 -1.81965e-062 0.880542 0 0 0 1
0.555646 0.9 -1.26218e-027 -9.09827e-063 0.880542 0 0 0 1
0.555646 0.9 -6.31089e-028 -4.54914e-063 0.880542 0 0 0 1
0.555646 0.9 -3.15544e-028 -2.27457e-063 0.880542 0 0 0 1
0.555646 0.9 -1.57772e-028 -1.13728e-063 0.880542 0 0 0 1
0.555646 0.9 -7.88861e-029 -5.68642e-064 0.880542 0 0 0 1
0.555646 0.9 -3.9443e-029 -2.84321e-064 0.880542 0 0 0 1
0.555646 0.9 -1.97215e-029 -1.42161e-064 0.880542 0 0 0 1
0.555646 0.9 -9.86076e-030 -7.10803e-065 0.880542 0 0 0 1
0.555646 0.9 -4.93038e-030 -3.55401e-065 0.880542 0 0 0 1
0.555646 0.9 -2.46519e-030 -1.77701e-065 0.880542 0 0 0 1
0.555646 0.9 -1.2326e-030 -8.88503e-066 0.880542 0 0 0 1
0.555646 0.9 -6.16298e-031 -4.44252e-066 0.880542 0 0 0 1
0.555646 0.9 -3.08149e-031 -2.22126e-066 0.880542 0 0 0 1
0.555646 0.9 -1.54074e-031 -1.11063e-066 0.880542 0 0 0 1
0.555646 0.9 -7.70372e-032 -5.55315e-067 0.880542 0 0 0 1
0.555646 0.9 -3.85186e-032 -2.77657e-067 0.880542 0 0 0 1
0.555646 0.9 -1.92593e-032 -1.38829e-067 0.880542 0 0 0 1
0.555646 0.9 -9.62965e-033 -6.94143e-068 0.880542 0 0 0 1
0.555646 0.8 -4.81482e-033 -3.47072e-068 0.880542 0 0 0 1
0.555646 0.8 -2.40741e-033 -1.73536e-068 0.880542 0 0 0 1
0.555646 0.8 -1.20371e-033 -8.67679e-069 0.880542 0 0 0 1
0.555646 0.8 -6.01853e-034 -4.3384e-069 0.880542 0 0 0 1
0.555646 0.8 -3.00927e-034 -2.1692e-069 0.880542 0 0 0 1
0.555646 0.8 -1.50463e-034 -1.0846e-069 0.880542 0 0 0 1
0.555646 0.8 -7.52316e-035 -5.42299e-070 0.880542 0 0 0 1
0.555646 0.9 -3.76158e-035 -2.7115e-070 0.880542 0 0 0 1
0.555646 0.8 -1.88079e-035 -1.35575e-070 0.880542 0 0 0 1
0.555646 0.8 -9.40395e-036 -6.77874e-071 0.880542 0 0 0 1
0.733388 0.8 2.08333 -3.38937e-071 0.880542 0 0 0 1
0.733388 0.7 1.04167 -1.69469e-071 0.880542 0 0 0 1
0.733388 0.7 0.520833 -8.47343e-072 0.880542 0 0 0 1
0.733388 0.7 0.260417 -4.23671e-072 0.880542 0 0 0 1
0.840033 0.6 6.72743 -2.11836e-072 0.880542 0 0 0 1
0.840033 0.7 3.36372 -1.05918e-072 0.880542 0 0 0 1
0.840033 0.7 1.68186 -5.29589e-073 0.880542 0 0 0 1
0.840033 0.6 0.840929 -2.64795e-073 0.880542 0 0 0 1
0.840033 0.7 0.420464 -1.32397e-073 0.880542 0 0 0 1
0.840033 0.7 0.210232 -6.61987e-074 0.880542 0 0 0 1
0.840033 0.7 0.105116 -3.30993e-074 0.880542 0 0 0 1
0.840033 0.6 0.0525581 -1.65497e-074 0.880542 0 0 0 1
0.840033 0.7 0.026279 -8.27483e-075 0.880542 0 0 0 1
0.840033 0.7 0.0131395 -4.13742e-075 0.880542 0 0 0 1
0.672026 0.8 -24.9934 -2.06871e-075 0.880542 0 0 0 1
0.672026 0.7 -12.4967 -1.03435e-075 0.880542 0 0 0 1
0.672026 0.7 -6.24836 -5.17177e-076 0.880542 0 0 0 1
0.803216 0.6 -28.1242 -2.58589e-076 0.880542 0 0 0 1
0.803216 0.7 -14.0621 -1.29294e-076 0.880542 0 0 0 1
0.803216 0.7 -7.03104 -6.46471e-077 0.880542 0 0 0 1
0.803216 0.6 -3.51552 -3.23236e-077 0.880542 0 0 0 1
0.642573 0.6 1.81367 -1.61618e-077 0.880542 0 0 0 1
0.642573 0.6 0.906834 -8.08089e-078 0.880542 0 0 0 1
0.642573 0.6 0.453417 -4.04045e-078 0.880542 0 0 0 1
0.642573 0.6 0.226708 -2.02022e-078 0.880542 0 0 0 1
0.642573 0.7 0.113354 -1.01011e-078 0.880542 0 0 0 1
0.642573 0.7 0.0566771 -5.05056e-079 0.880542 0 0 0 1
0.642573 0.8 0.0283386 -2.52528e-079 0.880542 0 0 0 1
0.642573 0.7 0.0141693 -1.26264e-079 0.880542 0 0 0 1
0.785544 0.8 1.71163 -6.3132e-080 0.880542 0 0 0 1
0.785544 0.7 0.855815 -3.1566e-080 0.880542 0 0 0 1
0.785544 0.7 0.427908 -1.5783e-080 0.880542 0 0 0 1
0.785544 0.6 0.213954 -7.8915e-081 0.880542 0 0 0 1
0.871326 0.6 -8.10731 -5.16304 0.504434 0 0 0 1
0.818237 0.5 -29.0537 -2.58152 0.504434 0 0 0 1
0.818237 0.6 -14.5268 -1.29076 0.504434 0 0 0 1
0.654589 0.6 -14.984 -5.19083 0.403547 0 0 0 1
0.654589 0.633333 -7.492 -2.59542 0.403547 0 0 0 1
0.523671 0.633333 -10.8378 -1.29771 0.403547 0 0 0 1
0.651362 0.7 -30.4189 -0.648854 0.403547 0 0 0 1
0.651362 0.633333 -15.2095 -0.324427 0.403547 0 0 0 1
0.651362 0.633333 -13.6762 -0.162214 0.403547 0 0 0 1
0.712654 0.633333 -3.71308 -0.0811068 0.403547 0 0 0 1
0.712654 0.633333 -1.85654 -0.0405534 0.403547 0 0 0 1
0.712654 0.7 -0.92827 -0.0202767 0.403547 0 0 0 1
0.827592 0.7 -10.3906 -12.5101 -0.0771625 0 0 0 1
0.797244 0.6 -9.97471 -14.0147 -1.26173 0 0 0 1
0.797244 0.7 -4.98736 -7.00737 -1.26173 0 0 0 1
0.706142 0.7 -27.4937 -28.5037 -1.26173 0 0 0 1
0.706142 0.633333 -23.2138 -14.2518 -1.26173 0 0 0 1
0.738948 0.7 -15.6545 -13.9392 0.190616 0 0 0 1
0.738948 0.666667 -7.82725 -6.9696 0.190616 0 0 0 1
0.591158 0.666667 -3.91362 -3.4848 0.190616 0 0 0 1
0.591158 0.6 -1.95681 -1.7424 0.190616 0 0 0 1
0.591158 0.666667 -0.978406 -0.8712 0.190616 0 0 0 1
0.591158 0.666667 -0.489203 -0.4356 0.190616 0 0 0 1
0.591158 0.7 -0.244601 -0.2178 0.190616 0 0 0 1
0.591158 0.766667 -0.122301 -0.1089 0.190616 0 0 0 1
0.591158 0.8 -0.0611504 -0.05445 0.190616 0 0 0 1
0.591158 0.8 -0.0305752 -0.027225 0.190616 0 0 0 1
0.591158 0.9 -0.0152876 -0.0136125 0.190616 0 0 0 1
0.591158 0.9 -0.0076438 -0.00680625 0.190616 0 0 0 1
0.591158 0.9 -0.0038219 -0.00340312 0.190616 0 0 0 1
0.591158 0.9 -0.00191095 -0.00170156 0.190616 0 0 0 1
0.472927 0.9 -25.001 -0.000850781 0.190616 0 0 0 1
0.472927 0.8 -12.5005 -0.00042539 0.190616 0 0 0 1
0.378341 0.8 -0.911585 -0.000212695 0.190616 0 0 0 1
0.378341 0.8 -0.455793 -0.000106348 0.190616 0 0 0 1
0.378341 0.8 -0.227896 -5.31738e-005 0.190616 0 0 0 1
0.378341 0.8 -0.113948 -2.65869e-005 0.190616 0 0 0 1
0.378341 0.8 -0.0569741 -1.32934e-005 0.190616 0 0 0 1
0.378341 0.8 -0.028487 -6.64672e-006 0.190616 0 0 0 0
0.378341 0.9 -0.0142435 -3.32336e-006 0.190616 0 0 0 0
0.378341 0.9 -0.00712176 -1.66168e-006 0.190616 0 0 0 0
0.378341 0.9 -0.00356088 -8.30841e-007 0.190616 0 0 0 0
0.378341 0.833333 -0.00178044 -4.1542e-007 0.190616 0 0 0 0
0.378341 0.833333 -0.00089022 -2.0771e-007 0.190616 0 0 0 0
0.627005 0.733333 -25.0004 -1.03855e-007 0.190616 0 0 0 0
0.776203 0.733333 -37.5002 -5.19275e-008 0.190616 0 0 0 0
0.776203 0.7 -18.7501 -2.59638e-008 0.190616 0 0 0 0
0.865722 0.7 -6.53415 -1.29819e-008 0.190616 0 0 0 0
0.865722 0.6 -3.26707 -6.49094e-009 0.190616 0 0 0 0
0.865722 0.666667 -1.63354 -3.24547e-009 0.190616 0 0 0 0
0.865722 0.666667 -0.816768 -1.62274e-009 0.190616 0 0 0 0
0.865722 0.7 -0.408384 -8.11368e-010 0.190616 0 0 0 0
0.692577 0.766667 2.31506 -4.05684e-010 0.190616 0 0 0 0
0.815546 0.7 5.0861 1.92308 0.152493 0 0 0 0
0.791462 0.7 2.54305 0.961538 0.152493 0 0 0 0
0.791462 0.766667 1.27153 0.480769 0.152493 0 0 0 0
0.874877 0.766667 -3.64995 -7.36831 0.121994 0 0 0 0
0.874877 0.733333 -1.82498 -3.68416 0.121994 0 0 0 0
0.699902 0.733333 -0.912488 -1.84208 0.121994 0 0 0 0
0.699902 0.633333 -0.456244 -0.921039 0.121994 0 0 0 0
0.699902 0.666667 -0.228122 -0.460519 0.121994 0 0 0 0
0.559922 0.666667 -25.1141 -0.23026 0.121994 0 0 0 0
0.447937 0.666667 -5.40425 10.355 0.121994 0 0 0 0
0.447937 0.666667 -2.70213 5.17748 0.121994 0 0 0 0
0.447937 0.7 -1.35106 2.58874 0.121994 0 0 0 0
0.447937 0.7 -0.675532 1.29437 0.121994 0 0 0 0
0.447937 0.7 -0.337766 0.647185 0.121994 0 0 0 0
0.447937 0.8 -0.168883 0.323592 0.121994 0 0 0 0
0.447937 0.8 -0.0844415 0.161796 0.121994 0 0 0 0
0.668762 0.833333 1.83278 0.0808981 0.121994 0 0 0 0
0.801257 0.8 4.33486 0.040449 0.121994 0 0 0 0
0.880754 0.8 -22.8326 0.0202245 0.121994 0 0 0 0
0.928453 0.7 -10.1005 0.0101123 0.121994 0 0 0 0
0.957072 0.7 -1.34654 4.17172 0.121994 0 0 0 0
0.957072 0.633333 -0.673272 2.08586 0.121994 0 0 0 0
0.957072 0.633333 -0.336636 1.04293 0.121994 0 0 0 0
0.974243 0.533333 13.91 0.521465 0.121994 0 0 0 0
0.779394 0.633333 22.8925 -10.0654 0.297595 0 0 0 0
0.498812 0.566667 15.3936 -5.03268 0.297595 0 0 0 0
0.498812 0.633333 7.6968 -2.51634 0.297595 0 0 0 0
0.498812 0.633333 3.8484 -1.25817 0.297595 0 0 0 0
0.498812 0.7 1.9242 -0.629085 0.297595 0 0 0 0
0.498812 0.7 0.962101 -0.314542 0.297595 0 0 0 0
0.498812 0.733333 0.48105 -0.157271 0.297595 0 0 0 0
0.699287 0.8 -0.0501725 10.0091 0.297595 0 0 0 0
0.55943 0.7 17.2517 12.633 0.297595 0 0 0 0
0.614821 0.8 -16.3741 -18.6835 0.297595 0 0 0 0
0.491857 0.766667 -2.02118 -2.97383 0.297595 0 0 0 0
0.314788 0.766667 12.6826 -1.22409 -5.36192 0 0 0 0
0.551098 0.7 12.7346 -1.5049 -6.68954 0 0 0 0
0.551098 0.7 6.36729 -0.752451 -6.68954 0 0 0 0
0.440879 0.7 -21.8164 -0.376225 -6.68954 0 0 0 0
0.440879 0.666667 -10.9082 -0.188113 -6.68954 0 0 0 0
0.611622 0.7 -30.4541 -0.0940563 -6.68954 0 0 0 0
0.611622 0.7 -15.227 -0.0470282 -6.68954 0 0 0 0
0.611622 0.7 -13.0681 -0.0235141 -6.68954 0 0 0 0
0.611622 0.666667 -6.53403 -0.011757 -6.68954 0 0 0 1
0.391438 0.666667 5.99224 1.80672 -4.95163 0 0 0 1
0.25052 0.566667 -9.84479 6.81552 -4.95163 0 0 0 1
0.160333 0.666667 -9.07472 15.3233 -4.95163 0 0 0 1
0.102613 0.6 1.05132 7.44638 -4.95163 0 0 0 1
0.0656724 0.6 -24.4743 3.72319 -4.95163 0 0 0 1
0.0525379 0.533333 -27.8622 8.58034 -4.95163 0 0 0 1
0.0336243 0.633333 -5.61871 9.92743 -4.95163 0 0 0 1
0.0215195 0.633333 -0.166347 10.4926 -4.95163 0 0 0 1
0.0137725 0.7 9.31261 11.4963 -4.95163 0 0 0 1
0.0088144 0.633333 -15.8835 13.3967 -4.95163 0 0 0 1
0.00564122 0.7 -32.9417 7.2065 -4.95163 0 0 0 1
0.402166 0.6 -41.4709 -21.3967 -4.95163 0 0 0 1
0.321733 0.633333 -45.7354 -10.6984 -4.95163 0 0 0 1
0.321733 0.6 -22.8677 -5.34919 -4.95163 0 0 0 0
0.321733 0.6 -11.4339 -2.67459 -4.95163 0 0 0 0
0.257386 0.6 -30.7169 -1.3373 -4.95163 0 0 0 0
0.257386 0.633333 -15.3585 -0.668648 -4.95163 0 0 0 0
0.257386 0.633333 -7.67923 -0.334324 -4.95163 0 0 0 0
0.205909 0.733333 -28.8396 -0.167162 -4.95163 0 0 0 0
0.164727 0.7 -39.4198 -0.0835811 -4.95163 0 0 0 0
0.164727 0.8 -19.7099 -0.0417905 -4.95163 0 0 0 0
0.164727 0.8 -9.85495 -0.0208953 -4.95163 0 0 0 0
0.164727 0.8 -4.92748 -0.0104476 -4.95163 0 0 0 0
0.164727 0.866667 -2.46374 -0.00522382 -4.95163 0 0 0 0
0.164727 0.866667 -1.23187 -0.00261191 -4.95163 0 0 0 0
0.131782 0.866667 3.33143 -0.00130595 -4.95163 0 0 0 0
0.131782 0.766667 1.66572 -0.000652977 -4.95163 0 0 0 0
0.131782 0.8 0.832858 -0.000326488 -4.95163 0 0 0 0
0.131782 0.7 0.416429 -0.000163244 -4.95163 0 0 0 0
0.131782 0.7 0.208215 -8.16221e-005 -4.95163 0 0 0 0
0.131782 0.7 0.104107 -4.08111e-005 -4.95163 0 0 0 0
0.131782 0.7 0.0520537 -2.04055e-005 -4.95163 0 0 0 0
0.131782 0.7 0.0260268 -1.02028e-005 -4.95163 0 0 0 0
0.131782 0.8 0.0130134 -5.10138e-006 -4.95163 0 0 0 0
0.131782 0.8 0.00650671 -2.55069e-006 -4.95163 0 0 0 0
0.131782 0.9 0.00325335 -1.27535e-006 -4.95163 0 0 0 0
0.131782 0.9 0.00162668 -6.37673e-007 -4.95163 0 0 0 0
0.131782 0.9 0.000813338 -3.18836e-007 -4.95163 0 0 0 0
0.105425 0.9 -24.9996 -1.59418e-007 -4.95163 0 0 0 0
0.105425 0.8 -12.4998 -7.97091e-008 -4.95163 0 0 0 0
0.105425 0.8 -6.2499 -3.98546e-008 -4.95163 0 0 0 0
0.463255 0.8 -28.1249 -1.99273e-008 -4.95163 0 0 0 0
0.463255 0.7 -14.0625 -9.96364e-009 -4.95163 0 0 0 0
0.677953 0.7 -32.0312 -4.98182e-009 -4.95163 0 0 0 0
0.677953 0.633333 -16.0156 -2.49091e-009 -4.95163 0 0 0 0
0.677953 0.633333 -8.00781 -1.24545e-009 -4.95163 0 0 0 0
0.677953 0.733333 -4.0039 -6.22727e-010 -4.95163 0 0 0 0
0.677953 0.7 -2.00195 -3.11364e-010 -4.95163 0 0 0 0
0.677953 0.7 -1.00098 -1.55682e-010 -4.95163 0 0 0 0
0.677953 0.8 -0.500488 -7.78409e-011 -4.95163 0 0 0 0
0.677953 0.8 -0.250244 -3.89205e-011 -4.95163 0 0 0 0
0.677953 0.866667 -0.125122 -1.94602e-011 -4.95163 0 0 0 0
0.677953 0.866667 -0.062561 -9.73012e-012 -4.95163 0 0 0 0
0.677953 0.866667 -0.0312805 -4.86506e-012 -4.95163 0 0 0 0
0.677953 0.9 -0.0156403 -2.43253e-012 -4.95163 0 0 0 0
0.677953 0.9 -0.00782013 -1.21626e-012 -4.95163 0 0 0 0
0.677953 0.9 -0.00391006 -6.08132e-013 -4.95163 0 0 0 0
0.677953 0.9 -0.00195503 -3.04066e-013 -4.95163 0 0 0 0
0.677953 0.9 -0.000977516 -1.52033e-013 -4.95163 0 0 0 0
0.677953 0.9 -0.000488758 -7.60165e-014 -4.95163 0 0 0 0
0.677953 0.9 -0.000244379 -3.80083e-014 -4.95163 0 0 0 0
0.677953 0.9 -0.000122189 -1.90041e-014 -4.95163 0 0 0 0
0.677953 0.9 -6.10947e-005 -9.50207e-015 -4.95163 0 0 0 0
0.677953 0.9 -3.05474e-005 -4.75103e-015 -4.95163 0 0 0 0
0.677953 0.9 -1.52737e-005 -2.37552e-015 -4.95163 0 0 0 0
0.677953 0.9 -7.63684e-006 -1.18776e-015 -4.95163 0 0 0 0
0.677953 0.9 -3.81842e-006 -5.93879e-016 -4.95163 0 0 0 0
0.677953 0.9 -1.90921e-006 -2.9694e-016 -4.95163 0 0 0 0
0.677953 0.9 -9.54605e-007 -1.4847e-016 -4.95163 0 0 0 0
0.677953 0.9 -4.77303e-007 -7.42349e-017 -4.95163 0 0 0 0
0.677953 0.9 -2.38651e-007 -3.71174e-017 -4.95163 0 0 0 0
0.677953 0.9 -1.19326e-007 -1.85587e-017 -4.95163 0 0 0 0
0.677953 0.9 -5.96628e-008 -9.27936e-018 -4.95163 0 0 0 0
0.677953 0.9 -2.98314e-008 -4.63968e-018 -4.95163 0 0 0 0
0.542363 0.9 -25 -2.31984e-018 -4.95163 0 0 0 0
0.43389 0.8 -37.5 -1.15992e-018 -4.95163 0 0 0 0
0.347112 0.8 -43.75 -5.7996e-019 -4.95163 0 0 0 0
0.347112 0.766667 -46.875 -2.8998e-019 -4.95163 0 0 0 0
0.347112 0.7 -23.4375 -1.4499e-019 -4.95163 0 0 0 0
0.222152 0.7 -36.7188 -7.2495e-020 -4.95163 0 0 0 0
0.177721 0.6 -43.3594 -3.62475e-020 -4.95163 0 0 0 0
0.142177 0.6 -46.6797 -1.81238e-020 -4.95163 0 0 0 0
0.113742 0.633333 -48.3398 -9.06188e-021 -4.95163 0 0 0 0
0.0909933 0.666667 -49.1699 -4.53094e-021 -4.95163 0 0 0 0
0.0727947 0.666667 -26.5093 9.5 -4.95163 0 0 0 0
0.0582357 0.7 -15.4224 14.3654 -4.95163 0 0 0 0
