573 8 1
0.434941 0.7 -5.27756 10.427 -4.95163 0 0 0 0
0.608772 0.666667 3.95844 10.4218 -4.95163 0 0 0 0
0.69221 0.7 10.1042 11.1137 -4.95163 0 0 0 0
0.732261 0.633333 8.21148 5.96239 -4.95163 0 0 0 0
0.751485 0.666667 8.17551 4.59757 -4.95163 0 0 0 0
0.856428 0.6 -20.9122 -22.7012 -4.95163 0 0 0 0
0.913857 0.666667 -7.25099 -9.10702 -4.95163 0 0 0 0
0.838651 0.633333 -0.393444 -4.53199 -4.95163 0 0 0 0
0.802553 0.633333 7.89852 5.11496 -4.95163 0 0 0 0
0.785225 0.633333 9.92549 4.92234 -4.95163 0 0 0 0
0.776908 0.633333 6.65193 3.13685 -4.95163 0 0 0 0
0.497221 0.633333 5.67271 0.634517 -4.95163 0 0 0 0
0.7832 0.666667 -22.1636 -24.6827 -4.95163 0 0 0 0
0.86992 0.633333 -9.69293 -10.9817 -4.95163 0 0 0 0
0.817562 0.633333 -3.85721 -3.33293 -4.95163 0 0 0 0
0.79243 0.633333 -6.86282 0.307218 -4.95163 0 0 0 0
0.780366 0.633333 -6.28855 3.01075 -4.95163 0 0 0 0
0.774576 0.566667 -1.67369 4.17115 -4.95163 0 0 0 0
0.697437 0.633333 -25.8368 -22.9144 -4.95163 0 0 0 0
0.818462 0.533333 3.74824 -10.5371 -4.95163 0 0 0 0
0.792862 0.6 -5.22047 -1.79631 -4.95163 0 0 0 0
0.868344 0.5 -27.6102 -25.8982 -4.95163 0 0 0 0
0.921007 0.6 -10.2968 -9.23286 -4.95163 0 0 0 0
0.842083 0.5 -8.76682 -1.32696 -4.95163 0 0 0 0
0.8042 0.6 -2.55029 1.49134 -4.95163 0 0 0 0
0.87161 0.6 -26.2751 -24.2543 -4.95163 0 0 0 0
0.953779 0.666667 -38.1376 -37.1272 -4.95163 0 0 0 0
0.972268 0.6 -24.9716 -14.7441 -4.95163 0 0 0 0
0.866688 0.666667 -11.7715 -6.00493 -4.95163 0 0 0 0
0.554681 0.633333 -1.21744 -3.67814 -4.95163 0 0 0 0
0.354996 0.566667 1.20752 5.53272 -4.95163 0 0 0 0
0.570398 0.666667 2.83275 4.90922 -4.95163 0 0 0 0
0.365055 0.633333 5.07491 6.02604 -4.95163 0 0 0 0
0.233635 0.6 4.37569 6.85917 -4.95163 0 0 0 0
0.512145 0.633333 -6.49271 7.68306 -4.95163 0 0 0 0
0.645829 0.666667 1.61476 6.47311 -4.95163 0 0 0 0
0.709998 0.566667 2.86958 4.24744 -4.95163 0 0 0 0
0.740799 0.6 -2.92567 6.16412 -4.95163 0 0 0 0
0.474111 0.566667 1.85349 12.173 -4.95163 0 0 0 0
0.582059 0.6 -24.0733 -18.9135 -4.95163 0 0 0 0
0.679388 0.533333 -37.0366 -34.4568 -4.95163 0 0 0 0
0.543511 0.6 -43.5183 -42.2284 -4.95163 0 0 0 0
0.347847 0.533333 -46.7592 -46.1142 -4.3613 0 0 0 0
0.222622 0.633333 -28.5078 -15.1025 -4.3613 0 0 0 0
0.142478 0.566667 -10.8448 -4.53403 -4.3613 0 0 0 0
0.0911859 0.633333 -2.7197 -2.26702 -4.3613 0 0 0 0
0.443769 0.633333 1.85444 -1.49065 -4.3613 0 0 0 0
0.284012 0.666667 4.41559 3.71896 -4.3613 0 0 0 0
0.536326 0.6 7.15677 1.29826 -4.3613 0 0 0 0
0.657436 0.633333 8.4395 3.07968 -4.3613 0 0 0 0
0.715569 0.633333 8.50546 2.96841 -4.3613 0 0 0 0
0.743473 0.6 8.08544 2.49772 -4.3613 0 0 0 0
0.475823 0.6 11.6282 7.3386 -4.3613 0 0 0 0
0.628395 0.6 9.49057 5.02065 -4.3613 0 0 0 0
0.402173 0.6 9.68714 4.81296 -4.3613 0 0 0 0
0.593043 0.533333 10.3668 4.99269 -4.3613 0 0 0 0
0.684661 0.6 9.57735 1.5115 -4.3613 0 0 0 0
0.728637 0.5 8.57886 3.75196 -4.3613 0 0 0 0
0.749746 0.6 1.78943 2.66169 -4.3613 0 0 0 0
0.759878 0.6 5.93682 2.62395 -4.3613 0 0 0 0
0.486322 0.6 9.03984 10.7817 -4.3613 0 0 0 0
0.586748 0.6 -20.4801 -19.6092 -4.3613 0 0 0 0
0.469398 0.566667 -4.64794 -4.38792 -4.3613 0 0 0 0
0.625311 0.6 1.72015 -2.19396 -4.3613 0 0 0 0
0.700149 0.6 4.53655 -3.01691 -4.3613 0 0 0 0
0.736072 0.7 -1.20395 -2.85981 -4.3613 0 0 0 0
0.753314 0.7 -5.66954 0.597123 -4.3613 0 0 0 0
0.761591 0.7 4.53629 -0.359333 -4.3613 0 0 0 0
0.487418 0.7 6.31226 -0.179667 -4.3613 0 0 0 0
0.633961 0.7 -3.44109 1.9935 -4.3613 0 0 0 0
0.704301 0.633333 7.65445 1.73204 -4.3613 0 0 0 0
0.450753 0.7 6.71588 1.52392 -4.3613 0 0 0 0
0.616361 0.6 5.09405 1.43763 -2.28904 0 0 0 0
0.695853 0.6 2.22651 4.88548 -2.28904 0 0 0 0
0.73401 0.5 5.75611 1.72846 -2.28904 0 0 0 0
0.752325 0.6 -11.7601 0.0418596 -2.28904 0 0 0 0
0.761116 0.5 11.3074 -0.847126 -2.28904 0 0 0 0
0.692268 0.6 -19.3463 -25.4236 -2.28904 0 0 0 0
0.815361 0.533333 -3.42314 -8.31989 -2.28904 0 0 0 0
0.791373 0.633333 1.06621 -4.50717 -2.28904 0 0 0 0
0.779859 0.533333 -24.4669 -27.2536 -2.28904 0 0 0 0
0.774332 0.633333 -37.2334 -8.62679 -2.28904 0 0 0 0
0.77168 0.533333 -43.6167 -29.3134 -2.28904 0 0 0 0
0.493875 0.6 -46.8084 -8.24174 -2.28904 0 0 0 0
0.31608 0.533333 -48.4042 -29.1209 -2.28904 0 0 0 0
0.731031 0.6 -49.2021 -39.5604 -2.28904 0 0 0 0
0.838619 0.566667 -49.601 -11.7333 -2.28904 0 0 0 0
0.72203 0.633333 -49.8005 -30.8667 -2.28904 0 0 0 1
0.899931 0.566667 -49.9003 -40.4333 -2.28904 0 0 0 1
0.719944 0.633333 -21.8251 -16.7684 -2.28904 0 0 0 1
0.460764 0.633333 -11.607 -8.75184 -2.28904 0 0 0 1
0.294889 0.6 -0.620578 -2.52407 -2.28904 0 0 0 1
0.188729 0.633333 -1.62608 0.711649 -2.28904 0 0 0 1
0.120787 0.633333 -0.145303 0.676338 -2.28904 0 0 0 1
0.0773035 0.666667 6.93954 0.338169 -2.28904 0 0 0 1
0.0494742 0.566667 1.48114 7.08196 -2.28904 0 0 0 1
0.0316635 0.6 -16.7942 12.587 -2.28904 0 0 0 1
0.415198 0.566667 -5.35654 6.85658 -2.28904 0 0 0 1
0.599295 0.6 -0.178268 4.63443 -2.28904 0 0 0 1
0.687662 0.533333 2.76801 1.08998 -2.28904 0 0 0 1
0.730078 0.6 -1.57652 6.94109 -2.28904 0 0 0 1
0.46725 0.5 -4.2751 10.903 -2.28904 0 0 0 1
0.29904 0.6 -27.1376 8.0377 -2.28904 0 0 0 1
0.726123 0.566667 -38.5688 -20.9812 -2.28904 0 0 0 1
0.580899 0.666667 -44.2844 -7.57391 -2.28904 0 0 0 0
0.371775 0.566667 -22.4627 -1.20075 -2.28904 0 0 0 0
0.237936 0.666667 -8.59977 0.715416 -2.28904 0 0 0 0
0.152279 0.566667 -7.82553 0.678221 -2.28904 0 0 0 0
0.473094 0.6 -0.341336 -1.80375 -2.28904 0 0 0 0
0.30278 0.666667 1.76823 -2.26791 -2.28904 0 0 0 0
0.193779 0.7 -0.569375 1.36604 -2.28904 0 0 0 0
0.493014 0.666667 -25.2847 -24.317 -2.28904 0 0 0 0
0.636647 0.666667 -37.6423 -37.1585 -2.28904 0 0 0 0
0.823354 0.7 -43.8212 -43.5792 -2.28904 0 0 0 0
0.658683 0.666667 -46.9106 -46.7896 -2.28904 0 0 0 0
0.421557 0.633333 -20.8985 -19.2281 -2.28904 0 0 0 0
0.269797 0.7 -6.18787 -8.95618 -2.28904 0 0 0 0
0.529502 0.6 1.54892 -4.83523 -2.28904 0 0 0 0
0.338882 0.6 5.50419 -3.09329 -2.28904 0 0 0 0
0.216884 0.666667 6.13047 -3.57367 -2.28904 0 0 0 0
0.138806 0.666667 4.1069 -1.78684 -2.28904 0 0 0 0
0.453301 0.633333 -22.9465 -25.8934 -2.28904 0 0 0 0
0.671981 0.566667 -8.43273 -6.16099 -2.28904 0 0 0 0
0.430068 0.666667 -10.1191 -0.30272 -2.28904 0 0 0 0
0.606432 0.566667 -2.94572 -0.15136 -2.28904 0 0 0 0
0.63287 0.6 -26.4729 -25.0757 -2.28904 0 0 0 0
0.506296 0.6 -18.3379 -11.2291 -2.28904 0 0 0 0
0.643022 0.633333 -14.7245 -3.18398 -2.28904 0 0 0 0
0.708651 0.633333 -5.05797 -2.00234 -2.28904 0 0 0 0
0.740152 0.733333 1.75673 -0.343279 -2.28904 0 0 0 0
0.755273 0.733333 4.35059 -0.40312 -2.28904 0 0 0 0
0.483375 0.766667 5.77163 4.65955 -2.28904 0 0 0 0
0.63202 0.766667 6.50929 1.06454 -2.28904 0 0 0 0
0.404493 0.8 -1.95369 2.26838 -2.28904 0 0 0 0
0.258875 0.8 -1.60376 0.301785 -2.28904 0 0 0 0
0.52426 0.8 -1.97631 -0.19633 -2.28904 0 0 0 0
0.335527 0.733333 2.13685 -3.47654 -2.28904 0 0 0 0
0.736632 0.7 -23.9316 -26.7383 -2.28904 0 0 0 0
0.905187 0.633333 -36.9658 -38.3691 -2.28904 0 0 0 0
0.943112 0.7 -43.4829 -44.1846 -2.28904 0 0 0 0
0.852694 0.666667 -46.7414 -47.0923 -2.28904 0 0 0 0
0.545724 0.7 -48.3707 -18.3042 -2.28904 0 0 0 0
0.349263 0.666667 -27.2259 -6.6521 -2.28904 0 0 0 0
0.223529 0.666667 -8.78341 -3.32605 -2.28904 0 0 0 0
0.143058 0.666667 -5.78059 -1.66303 -2.28904 0 0 0 0
0.0915573 0.7 0.0702304 -0.173618 -2.28904 0 0 0 0
0.443948 0.733333 -14.388 -3.90625 -2.23124 0 0 0 0
0.613095 0.7 -5.76541 -2.91467 -2.23124 0 0 0 0
0.392381 0.7 -4.61882 -3.8222 -2.23124 0 0 0 0
0.251124 0.733333 -0.317672 -2.62045 -2.23124 0 0 0 0
0.520539 0.766667 1.19252 -2.86948 -2.23124 0 0 0 0
0.649859 0.766667 -2.13192 -3.12393 -2.23124 0 0 0 0
0.649546 0.766667 -26.066 -26.562 -2.23124 0 0 0 0
0.789727 0.733333 -15.3978 -12.952 -2.23124 0 0 0 0
0.779069 0.733333 -9.35728 -6.47602 -2.23124 0 0 0 0
0.498604 0.733333 -1.88502 -4.90251 -2.23124 0 0 0 0
0.783598 0.733333 -25.9425 -27.4513 -2.23124 0 0 0 0
0.776127 0.7 -37.9713 -38.7256 -2.23124 0 0 0 0
0.865676 0.666667 -16.3173 -19.72 -2.23124 0 0 0 0
0.889315 0.666667 -33.1586 -34.86 -2.23124 0 0 0 0
0.933589 0.7 -20.0515 -16.0411 -2.23124 0 0 0 0
0.908874 0.766667 -35.0258 -33.0206 -2.23124 0 0 0 0
0.967194 0.733333 -42.5129 -41.5103 -2.23124 0 0 0 0
0.864253 0.733333 -46.2564 -45.7551 -2.23124 0 0 0 0
0.691403 0.733333 -16.1429 -18.8335 -2.23124 0 0 0 0
0.839124 0.733333 -33.0715 -34.4167 -2.23124 0 0 0 0
0.671299 0.733333 -13.3214 -18.6369 -2.23124 0 0 0 0
0.722224 0.7 -2.27572 -9.27518 -2.23124 0 0 0 0
0.746667 0.7 -5.19191 -3.96192 -2.23124 0 0 0 0
0.477867 0.6 1.08051 6.19919 -2.23124 0 0 0 0
0.305835 0.7 3.75454 2.20674 -2.23124 0 0 0 0
0.195734 0.666667 -4.53299 8.8228 -2.23124 0 0 0 0
0.493952 0.666667 -27.2665 -20.5886 -2.23124 0 0 0 0
0.31613 0.666667 -38.6332 -35.2943 -2.23124 0 0 0 0
0.202323 0.633333 -44.3166 -42.6471 -2.23124 0 0 0 0
0.497115 0.6 -47.1583 -46.3236 -2.23124 0 0 0 0
0.783169 0.6 -48.5792 -48.1618 -2.23124 0 0 0 0
0.921941 0.633333 -49.2896 -49.0809 -2.23124 0 0 0 0
0.953165 0.566667 -49.6448 -49.5404 -2.23124 0 0 0 0
0.857519 0.633333 -49.8224 -49.7702 -2.23124 0 0 0 0
0.548812 0.533333 -49.9112 -49.8851 -2.23124 0 0 0 0
0.35124 0.6 -49.9556 -49.9426 -2.23124 0 0 0 0
0.224793 0.533333 -20.386 -19.1119 -2.23124 0 0 0 0
0.143868 0.6 -6.93211 -6.22262 -2.23124 0 0 0 0
0.0920754 0.533333 0.603712 -2.24924 -2.23124 0 0 0 0
0.0589283 0.6 6.38294 -0.448944 -2.23124 0 0 0 0
0.0377141 0.6 5.55633 -0.224472 -2.23124 0 0 0 0
0.024137 0.666667 6.06764 0.874606 -2.23124 0 0 0 0
0.0154477 0.666667 5.73652 -0.914048 -2.23124 0 0 0 0
0.00988652 0.6 6.8097 5.28622 -2.23124 0 0 0 0
0.00632737 0.7 6.10755 1.71406 -2.23124 0 0 0 0
0.403037 0.633333 6.72386 0.602489 -2.23124 0 0 0 0
0.257944 0.666667 7.26575 -1.07142 -2.23124 0 0 0 0
0.523813 0.666667 6.42771 3.48763 -2.23124 0 0 0 0
0.65143 0.633333 3.5517 1.74382 -2.23124 0 0 0 0
0.827612 0.633333 -23.2242 -24.1281 -2.23124 0 0 0 0
0.896567 0.566667 3.45203 -8.21789 -2.23124 0 0 0 0
0.744282 0.6 -23.274 -29.1089 -2.23124 0 0 0 0
0.595425 0.6 -14.0019 -15.0595 -2.23124 0 0 0 0
0.685804 0.6 -3.11241 -8.80464 -2.23124 0 0 0 0
0.837512 0.566667 -26.5562 -29.4023 -2.23124 0 0 0 0
0.902507 0.666667 -9.80588 -16.0525 -2.23124 0 0 0 0
0.577604 0.666667 -2.60031 -8.02626 -2.23124 0 0 0 0
0.6218 0.666667 -26.3002 -29.0131 -2.23124 0 0 0 0
0.77308 0.7 -8.98341 -13.8121 -2.23124 0 0 0 0
0.494771 0.733333 -1.62508 -8.14946 -2.23124 0 0 0 0
0.63749 0.733333 0.469511 3.61758 -2.23124 0 0 0 0
0.705995 0.733333 5.53048 0.794761 -2.23124 0 0 0 0
0.451837 0.733333 -2.09587 1.09183 -2.23124 0 0 0 0
0.616882 0.666667 -2.69267 0.903055 -2.23124 0 0 0 0
0.394804 0.666667 -14.1668 1.70153 -2.23124 0 0 0 0
0.589506 0.633333 -32.0834 -24.1492 -2.23124 0 0 0 0
0.809778 0.666667 -41.0417 -37.0746 -2.23124 0 0 0 0
0.788693 0.666667 -45.5209 -43.5373 -2.23124 0 0 0 0
0.873216 0.7 -47.7604 -18.6437 -2.23124 0 0 0 0
0.735315 0.733333 -48.8802 -34.3218 -2.23124 0 0 0 0
0.841189 0.766667 -49.4401 -42.1609 -2.23124 0 0 0 0
0.538361 0.8 -49.7201 -46.0805 -2.23124 0 0 0 0
0.344551 0.733333 -49.86 -48.0402 -2.23124 0 0 0 0
0.220513 0.8 -19.6831 -18.7171 -2.23124 0 0 0 0
0.141128 0.766667 -12.0133 -6.44188 -2.23124 0 0 0 1
0.090322 0.8 -2.02936 -0.203696 -2.23124 0 0 0 1
0.0578061 0.8 2.96259 2.78277 -2.23124 0 0 0 1
0.0369959 0.7 3.45498 4.35191 -2.23124 0 0 0 1
0.0236774 0.7 4.68802 2.17595 -2.23124 0 0 0 1
0.0151535 0.7 1.35717 2.37003 -2.23124 0 0 0 1
0.00969825 0.7 2.76192 1.53224 -2.23124 0 0 0 1
0.00620688 0.633333 2.42262 1.09507 -2.23124 0 0 0 1
0.0039724 0.666667 3.35417 0.904676 -2.23124 0 0 0 1
0.401907 0.566667 5.84375 1.41388 -2.23124 0 0 0 1
0.25722 0.6 -1.59201 0.880549 -2.23124 0 0 0 1
0.164621 0.6 3.94285 1.98337 -2.23124 0 0 0 1
0.105357 0.633333 -9.04499 -0.0499811 -2.23124 0 0 0 1
0.0674288 0.6 -0.996853 -0.666016 -2.23124 0 0 0 0
0.0431544 0.7 3.26885 -1.40444 -2.23124 0 0 0 0
0.0276188 0.633333 4.51904 7.3106 -2.23124 0 0 0 0
0.410606 0.733333 -22.7405 -21.3447 -2.23124 0 0 0 0
0.328485 0.7 -7.98482 -3.6411 -2.23124 0 0 0 0
0.21023 0.7 -28.9924 -26.8205 -2.23124 0 0 0 0
0.134547 0.733333 -39.4962 -38.4103 -2.23124 0 0 0 0
0.451666 0.633333 -44.7481 -44.2051 -2.23124 0 0 0 0
0.671 0.666667 -47.3741 -47.1026 -2.23124 0 0 0 0
0.42944 0.566667 -48.687 -48.5513 -2.23124 0 0 0 0
0.274841 0.633333 -49.3435 -49.2756 -2.23124 0 0 0 0
0.175899 0.633333 -49.6718 -49.6378 -2.23124 0 0 0 0
0.467545 0.6 -49.8359 -49.8189 -2.23124 0 0 0 0
0.624422 0.633333 -49.9179 -49.9095 -2.23124 0 0 0 0
0.499537 0.533333 -49.959 -15.4293 -2.23124 0 0 0 0
0.319704 0.633333 -19.6223 -0.292789 -2.23124 0 0 0 0
0.20461 0.633333 -21.3496 7.05058 -2.23124 0 0 0 0
0.130951 0.633333 -5.98732 8.99404 -2.23124 0 0 0 0
0.0838085 0.633333 1.43343 10.3564 -2.23124 0 0 0 0
0.0536374 0.666667 8.00838 14.1626 -2.23124 0 0 0 0
0.0343279 0.6 8.69169 14.1125 -2.23124 0 0 0 0
0.0219699 0.6 7.15197 13.1169 -2.23124 0 0 0 0
0.0140607 0.533333 8.78432 11.6366 -2.23124 0 0 0 0
0.00899887 0.6 -20.6078 10.7425 -2.23124 0 0 0 0
0.00575927 0.533333 -35.3039 -19.6287 -2.23124 0 0 0 0
0.00368594 0.6 -42.652 -34.8144 -2.23124 0 0 0 1
0.401769 0.566667 -46.326 -42.4072 -2.23124 0 0 0 1
0.257132 0.666667 -48.163 -46.2036 -2.23124 0 0 0 1
0.164565 0.633333 -49.0815 -48.1018 -2.23124 0 0 0 1
0.105321 0.666667 -49.5407 -49.0509 -2.23124 0 0 0 1
0.450554 0.633333 -49.7704 -49.5254 -2.23124 0 0 0 1
0.288355 0.633333 -49.8852 -49.7627 -2.23124 0 0 0 1
0.53841 0.633333 -49.9426 -49.8814 -2.23124 0 0 0 1
0.344583 0.666667 -49.9713 -49.9407 -2.23124 0 0 0 1
0.220533 0.566667 -49.9856 -49.9703 -2.23124 0 0 0 1
0.141141 0.6 -49.9928 -49.9852 -2.23124 0 0 0 1
0.0903303 0.5 -49.9964 -49.9926 -2.23124 0 0 0 1
0.0578114 0.6 -49.9982 -49.9963 -2.23124 0 0 0 1
0.427749 0.5 -49.9991 -49.9981 -2.23124 0 0 0 1
0.763192 0.6 -49.9996 -49.9991 -2.23124 0 0 0 1
0.857915 0.6 -49.9998 -49.9995 -2.23124 0 0 0 1
0.811799 0.6 -49.9999 -49.9998 -2.23124 0 0 0 1
0.789664 0.6 -49.9999 -49.9999 -2.23124 0 0 0 1
0.505385 0.533333 -50 -49.9999 -2.23124 0 0 0 1
0.642585 0.6 -50 -50 -2.23124 0 0 0 1
0.646753 0.533333 -50 -50 -2.23124 0 0 0 1
0.517402 0.6 -50 -50 -2.23124 0 0 0 1
0.331137 0.6 -50 -50 -2.23124 0 0 0 1
0.211928 0.533333 -50 -50 -2.23124 0 0 0 1
0.135634 0.6 -50 -50 -2.23124 0 0 0 1
0.465104 0.533333 -50 -50 -2.23124 0 0 0 1
0.297667 0.6 -50 -50 -2.23124 0 0 0 1
0.54288 0.5 -50 -50 -2.23124 0 0 0 1
0.796349 0.6 -50 -50 -2.23124 0 0 0 1
0.63708 0.5 -50 -50 -2.23124 0 0 0 1
0.407731 0.6 -50 -50 -2.23124 0 0 0 1
0.260948 0.6 -50 -50 -2.23124 0 0 0 1
0.167007 0.666667 -50 -50 -2.23124 0 0 0 1
0.106884 0.6 -50 -50 -2.23124 0 0 0 1
0.451304 0.7 -50 -50 -2.23124 0 0 0 1
0.616626 0.666667 -50 -50 -2.23124 0 0 0 1
0.695981 0.7 -50 -50 -2.23124 0 0 0 1
0.445428 0.666667 -50 -50 -2.23124 0 0 0 1
0.613805 0.666667 -50 -50 -2.23124 0 0 0 1
0.635701 0.566667 -50 -50 -2.23124 0 0 0 1
0.781421 0.633333 -50 -50 -2.23124 0 0 0 1
0.500109 0.666667 -50 -50 -2.23124 0 0 0 1
0.32007 0.666667 -50 -50 -2.23124 0 0 0 1
0.204845 0.666667 -50 -50 -2.23124 0 0 0 1
0.131101 0.7 -50 -50 -2.23124 0 0 0 1
0.462928 0.7 -50 -50 -2.23124 0 0 0 1
0.622206 0.633333 -50 -50 -2.23124 0 0 0 1
0.398212 0.733333 -50 -50 -2.23124 0 0 0 1
0.552913 0.7 -50 -50 -2.23124 0 0 0 1
0.839049 0.666667 -50 -50 -2.23124 0 0 0 1
0.671239 0.6 -50 -50 -2.23124 0 0 0 1
0.429593 0.7 -50 -50 -2.23124 0 0 0 1
0.606205 0.666667 -50 -50 -2.23124 0 0 0 1
0.814587 0.666667 -50 -50 -2.23124 0 0 0 1
0.933251 0.666667 -50 -50 -2.23124 0 0 0 1
0.975971 0.6 -50 -50 -2.23124 0 0 0 1
0.991349 0.666667 -50 -50 -2.23124 0 0 0 1
0.996886 0.7 -50 -50 -2.23124 0 0 0 1
0.878505 0.633333 -50 -50 -2.23124 0 0 0 1
0.702804 0.666667 -50 -50 -2.23124 0 0 0 1
0.449795 0.633333 -50 -50 -2.23124 0 0 0 1
0.769541 0.633333 -50 -50 -2.23124 0 0 0 1
0.917035 0.633333 -50 -50 -2.23124 0 0 0 1
0.840177 0.633333 -50 -50 -2.23124 0 0 0 1
0.672141 0.566667 -50 -50 -2.23124 0 0 0 1
0.722628 0.633333 -50 -50 -2.23124 0 0 0 1
0.848117 0.633333 -50 -50 -2.23124 0 0 0 1
0.807096 0.633333 -50 -50 -2.23124 0 0 0 1
0.930555 0.633333 -50 -50 -2.23124 0 0 0 1
0.846666 0.633333 -50 -50 -2.23124 0 0 0 1
0.9448 0.666667 -50 -50 -2.23124 0 0 0 1
0.980128 0.633333 -50 -50 -2.23124 0 0 0 1
0.870461 0.666667 -50 -50 -2.23124 0 0 0 1
0.696369 0.666667 -50 -50 -2.23124 0 0 0 1
0.667406 0.7 -50 -50 -2.23124 0 0 0 1
0.880266 0.666667 -50 -50 -2.23124 0 0 0 1
0.92816 0.7 -50 -50 -2.23124 0 0 0 1
0.845517 0.733333 -50 -50 -2.23124 0 0 0 1
0.883509 0.666667 -50 -50 -2.23124 0 0 0 1
0.958063 0.7 -50 -50 -2.23124 0 0 0 1
0.984903 0.7 -50 -50 -2.23124 0 0 0 1
0.994565 0.633333 -50 -50 -2.23124 0 0 0 1
0.996739 0.666667 -50 -12.6953 -2.23124 0 0 0 1
0.927061 0.666667 -50 -31.3477 -2.23124 0 0 0 1
0.973742 0.666667 -50 -40.6738 -2.23124 0 0 0 1
0.990547 0.666667 -50 -45.3369 -0.984988 0 0 0 1
0.996597 0.666667 -50 -47.6685 -0.984988 0 0 0 1
0.998775 0.6 -50 -48.8342 -0.984988 0 0 0 1
0.999265 0.7 -50 -49.4171 -0.984988 0 0 0 1
0.927788 0.633333 -50 -49.7086 -0.984988 0 0 0 1
0.927788 0.633333 -25 -24.8543 -0.984988 0 0 0 1
0.927788 0.633333 -12.5 -12.4271 -0.984988 0 0 0 1
0.927788 0.7 -6.25 -6.21357 -0.984988 0 0 0 1
0.927788 0.7 -3.125 -3.10678 -0.984988 0 0 0 1
0.927788 0.766667 -1.5625 -1.55339 -0.984988 0 0 0 1
0.927788 0.8 -0.78125 -0.776696 -0.984988 0 0 0 1
0.927788 0.8 -0.390625 -0.388348 -0.984988 0 0 0 1
0.927788 0.9 -0.195313 -0.194174 -0.984988 0 0 0 1
0.742231 0.9 -25.0977 -25.0971 -1.98799 0 0 0 1
0.685017 0.8 -37.5488 -37.5485 -1.99039 0 0 0 1
0.728808 0.8 -43.7744 -43.7743 -0.992314 0 0 0 1
0.837285 0.7 -46.8872 -46.8871 -1.19385 0 0 0 1
0.801897 0.7 -48.4436 -48.4436 -1.19385 0 0 0 1
0.513214 0.666667 -49.2218 -49.2218 -1.19385 0 0 0 1
0.787806 0.6 -49.6109 -49.6109 -1.19385 0 0 0 1
0.872683 0.566667 -49.8055 -49.8054 -1.15508 0 0 0 1
0.891333 0.5 -49.9027 -49.9027 -0.524065 0 0 0 1
0.96088 0.566667 -49.9514 -49.9514 0.180748 0 0 0 1
0.985917 0.5 -49.9757 -49.9757 0.144599 0 0 0 1
0.99493 0.566667 -49.9878 -49.9878 0.144599 0 0 0 1
0.998175 0.5 -49.9939 -49.9939 0.115679 0 0 0 1
0.879124 0.566667 -49.997 -49.997 0.115679 0 0 0 1
0.821979 0.5 -49.9985 -49.9985 0.115679 0 0 0 1
0.935913 0.6 -49.9992 -49.9992 0.115679 0 0 0 1
0.976929 0.5 -49.9996 -49.9996 0.115679 0 0 0 1
0.991694 0.6 -49.9998 -49.9998 0.115679 0 0 0 1
0.995017 0.5 -49.9999 -49.9999 0.115679 0 0 0 1
0.926565 0.6 -50 -50 0.115679 0 0 0 1
0.844751 0.5 -50 -50 0.115679 0 0 0 1
0.906851 0.6 -50 -50 0.115679 0 0 0 1
0.748231 0.5 -50 -50 0.115679 0 0 0 1
0.598585 0.6 -50 -25 0.115679 0 0 0 1
0.687321 0.5 -50 -37.5 0.115679 0 0 0 1
0.549856 0.6 -50 -43.75 0.115679 0 0 0 1
0.351908 0.5 -50 -46.875 0.115679 0 0 0 1
0.225221 0.6 -26.6304 -20.2324 0.115679 0 0 0 1
0.144142 0.566667 -8.18701 -9.47516 0.115679 0 0 0 1
0.0922506 0.633333 0.393673 -4.73758 0.115679 0 0 0 1
0.0590404 0.566667 6.79406 -1.67435 0.115679 0 0 0 1
0.428339 0.666667 8.33124 -1.16612 0.115679 0 0 0 1
0.274137 0.666667 9.10748 4.32765 0.115679 0 0 0 1
0.718952 0.733333 -20.4463 -22.8362 0.115679 0 0 0 1
0.745097 0.7 -35.2231 -36.4181 0.115679 0 0 0 1
0.596077 0.733333 -14.4866 -15.1918 0.115679 0 0 0 1
0.38149 0.666667 -4.35867 -7.5959 0.115679 0 0 0 1
0.244153 0.733333 4.57742 -6.83849 0.115679 0 0 0 0
0.156258 0.666667 4.99141 -4.43276 0.115679 0 0 0 0
0.100005 0.666667 5.27348 -1.52194 0.115679 0 0 0 0
0.0640033 0.666667 3.98809 -0.42313 0.115679 0 0 0 0
0.0409621 0.6 -2.50127 2.46805 0.115679 0 0 0 0
0.0262158 0.6 1.73809 0.475636 0.115679 0 0 0 0
0.0167781 0.666667 -4.17903 1.51987 0.115679 0 0 0 0
0.010738 0.566667 3.82896 -0.737579 0.115679 0 0 0 0
0.405154 0.633333 5.81256 -1.86269 0.115679 0 0 0 0
0.756684 0.633333 -22.0937 -25.9313 0.115679 0 0 0 0
0.854011 0.666667 -7.47543 -13.3228 0.115679 0 0 0 0
0.809925 0.633333 -28.7377 -31.6614 0.115679 0 0 0 0
0.788764 0.666667 -39.3689 -40.8307 0.115679 0 0 0 0
0.778607 0.633333 -44.6844 -20.4154 0.115679 0 0 0 0
0.867164 0.6 -47.3422 -35.2077 0.115679 0 0 0 0
0.732991 0.633333 -48.6711 -42.6038 0.115679 0 0 0 0
0.586393 0.6 -27.755 -14.2707 0.115679 0 0 0 0
0.375291 0.566667 -15.7797 -2.58988 0.115679 0 0 0 0
0.240186 0.6 -4.83428 1.20506 0.115679 0 0 0 0
0.153719 0.566667 2.23402 2.7577 0.115679 0 0 0 0
0.0983804 0.633333 6.29994 5.08255 0.115679 0 0 0 0
0.0629634 0.633333 6.18027 2.54128 0.115679 0 0 0 0
0.0402966 0.666667 8.44728 0.913496 0.115679 0 0 0 0
0.415474 0.666667 -20.7764 -24.5433 0.115679 0 0 0 0
0.649284 0.766667 -12.0329 -11.5772 0.115679 0 0 0 0
0.415542 0.7 -1.02785 -5.03272 0.115679 0 0 0 0
0.559568 0.7 -25.5139 -27.5164 0.115679 0 0 0 0
0.668593 0.733333 -37.757 -38.7582 0.115679 0 0 0 0
0.720924 0.633333 -43.8785 -44.3791 0.115679 0 0 0 0
0.746044 0.666667 -46.9392 -47.1895 0.115679 0 0 0 0
0.758101 0.666667 -48.4696 -48.5948 0.115679 0 0 0 0
0.912916 0.7 -49.2348 -49.2974 0.115679 0 0 0 0
0.96865 0.7 -49.6174 -49.6487 0.115679 0 0 0 0
0.77492 0.733333 -21.6837 -22.741 0.115679 0 0 0 0
0.863177 0.766667 -35.8419 -36.3705 0.115679 0 0 0 0
0.917906 0.733333 -11.2803 -18.5759 0.115679 0 0 0 0
0.752476 0.8 -30.6402 -34.2879 0.115679 0 0 0 0
0.601981 0.833333 -20.4483 -15.7551 0.115679 0 0 0 0
0.631161 0.766667 -35.2241 -32.8775 0.115679 0 0 0 0
0.778696 0.733333 -14.6865 -10.3904 0.115679 0 0 0 0
0.699019 0.7 -32.3433 -30.1952 0.115679 0 0 0 0
0.819412 0.7 -41.1716 -40.0976 0.115679 0 0 0 0
0.875991 0.6 -45.5858 -45.0488 0.115679 0 0 0 0
0.925594 0.633333 -47.7929 -47.5244 0.115679 0 0 0 0
0.844285 0.566667 -48.8965 -48.7622 0.115679 0 0 0 0
0.805257 0.633333 -49.4482 -49.3811 0.115679 0 0 0 0
0.786523 0.566667 -49.7241 -49.6905 0.115679 0 0 0 0
0.503375 0.633333 -49.8621 -49.8453 0.115679 0 0 0 1
0.64162 0.6 -49.931 -43.6726 0.115679 0 0 0 1
0.707978 0.566667 -49.9655 -46.8363 0.115679 0 0 0 1
0.843898 0.6 -49.9828 -48.4182 0.115679 0 0 0 1
0.675118 0.633333 -49.9914 -49.2091 0.115679 0 0 0 1
0.432076 0.566667 -49.9957 -18.3545 0.115679 0 0 0 1
0.276528 0.6 -49.9978 -34.1773 0.115679 0 0 0 1
0.532734 0.633333 -49.9989 -42.0886 0.115679 0 0 0 1
0.655712 0.6 -49.9995 -46.0443 0.115679 0 0 0 1
0.714742 0.633333 -49.9997 -48.0222 0.115679 0 0 0 1
0.674461 0.6 -49.9999 -49.0111 0.115679 0 0 0 1
0.723741 0.566667 -49.9999 -49.5055 0.115679 0 0 0 1
0.834245 0.6 -50 -49.7528 0.115679 0 0 0 1
0.533917 0.6 -50 -49.8764 0.115679 0 0 0 1
0.341707 0.566667 -50 -44.3132 0.115679 0 0 0 1
0.218692 0.6 -50 -47.1566 0.115679 0 0 0 1
0.139963 0.633333 -50 -48.5783 0.115679 0 0 0 1
0.453746 0.6 -50 -49.2891 0.115679 0 0 0 1
0.803348 0.566667 -50 -49.6446 0.115679 0 0 0 1
0.785607 0.666667 -50 -49.8223 0.115679 0 0 0 1
0.628486 0.633333 -50 -49.9111 0.115679 0 0 0 1
0.402231 0.6 -50 -49.9556 0.115679 0 0 0 1
0.554457 0.6 -50 -49.9778 0.115679 0 0 0 1
0.666139 0.633333 -50 -49.9889 0.115679 0 0 0 1
0.532911 0.666667 -50 -49.9944 0.115679 0 0 0 1
0.793478 0.6 -50 -49.9972 0.115679 0 0 0 1
0.634783 0.666667 -50 -49.9986 0.115679 0 0 0 1
0.406261 0.633333 -50 -49.9993 0.115679 0 0 0 1
0.260007 0.633333 -50 -49.9997 0.115679 0 0 0 1
0.714882 0.666667 -50 -49.9998 0.115679 0 0 0 1
0.828929 0.633333 -50 -18.7499 0.115679 0 0 0 1
0.530515 0.666667 -50 -34.375 0.115679 0 0 0 1
0.603718 0.6 -50 -42.1875 0.115679 0 0 0 1
0.689784 0.666667 -50 -46.0937 0.115679 0 0 0 1
0.551828 0.633333 -50 -48.0469 0.115679 0 0 0 1
0.35317 0.633333 -50 -49.0234 0.115679 0 0 0 1
0.741713 0.633333 -50 -49.5117 -0.907457 0 0 0 1
0.845028 0.6 -50 -49.7559 -0.907457 0 0 0 1
0.845028 0.566667 -25 -24.8779 -0.907457 0 0 0 1
0.845028 0.633333 -12.5 -12.439 -0.907457 0 0 0 1
0.845028 0.666667 -6.25 -6.21948 -0.907457 0 0 0 1
0.845028 0.7 -3.125 -3.10974 -0.907457 0 0 0 1
0.845028 0.7 -1.5625 -1.55487 -0.907457 0 0 0 1
0.845028 0.8 -0.78125 -0.777435 -0.907457 0 0 0 1
0.845028 0.8 -0.390625 -0.388718 -0.907457 0 0 0 1
0.845028 0.9 -0.195312 -0.194359 -0.907457 0 0 0 1
0.845028 0.9 -0.0976562 -0.0971794 -0.907457 0 0 0 1
0.845028 0.9 -0.0488281 -0.0485897 -0.907457 0 0 0 1
0.845028 0.9 -0.0244141 -0.0242949 -0.907457 0 0 0 1
0.845028 0.9 -0.012207 -0.0121474 -0.907457 0 0 0 1
0.845028 0.9 -0.00610352 -0.00607371 -0.907457 0 0 0 1
0.845028 0.9 -0.00305176 -0.00303686 -0.907457 0 0 0 1
0.845028 0.9 -0.00152588 -0.00151843 -0.907457 0 0 0 1
0.845028 0.9 -0.000762939 -0.000759214 -0.907457 0 0 0 1
0.845028 0.9 -0.00038147 -0.000379607 -0.907457 0 0 0 1
0.845028 0.9 -0.000190735 -0.000189804 -0.907457 0 0 0 1
0.845028 0.9 -9.53674e-005 -9.49018e-005 -0.907457 0 0 0 1
0.845028 0.9 -4.76837e-005 -4.74509e-005 -0.907457 0 0 0 1
0.845028 0.9 -2.38419e-005 -2.37254e-005 -0.907457 0 0 0 1
0.845028 0.9 -1.19209e-005 -1.18627e-005 -0.907457 0 0 0 1
0.845028 0.9 -5.96046e-006 -5.93136e-006 -0.907457 0 0 0 1
0.805613 0.9 -25 5.17241 -0.725966 0 0 0 1
0.805613 0.8 -12.5 2.58621 -0.725966 0 0 0 1
0.805613 0.8 -6.25 1.2931 -0.725966 0 0 0 1
0.515592 0.8 -28.125 3.14655 -0.580772 0 0 0 1
0.597988 0.8 -39.0625 -23.4267 -0.580772 0 0 0 1
0.758793 0.7 -12.8906 -3.52371 -0.580772 0 0 0 1
0.485627 0.7 -31.4453 3.84159 4.13538 0 0 0 1
0.633101 0.7 -40.7227 9.24838 -0.891694 0 0 0 1
0.405185 0.7 -45.3613 5.69562 2.08664 0 0 0 1
0.594489 0.7 -47.6807 12.0145 2.06932 0 0 0 1
0.811213 0.6 -48.8403 -18.9928 1.25545 0 0 0 1
0.886728 0.6 -49.4202 -1.50725 1.25545 0 0 0 1
0.825629 0.533333 -49.7101 9.66304 1.25545 0 0 0 1
0.796302 0.6 -49.855 13.8832 -1.79564 0 0 0 1
0.509633 0.533333 -49.9275 14.6916 -1.79564 0 0 0 1
0.644624 0.6 -49.9638 16.0152 -1.83651 0 0 0 1
0.70942 0.533333 -49.9819 -16.9924 -1.26921 0 0 0 1
0.740521 0.6 -49.9909 -33.4962 -1.21537 0 0 0 1
0.473934 0.6 -49.9955 -41.7481 0.427707 0 0 0 1
0.627488 0.6 -49.9977 -45.8741 0.427707 0 0 0 1
0.701194 0.6 -49.9989 -47.937 0.427707 0 0 0 1
0.736573 0.6 -49.9994 -48.9685 0.427707 0 0 0 1
0.471407 0.7 -49.9997 -49.4843 0.427707 0 0 0 1
0.626275 0.666667 -49.9999 -49.7421 0.427707 0 0 0 1
0.700612 0.7 -49.9999 -49.8711 0.427707 0 0 0 1
0.736294 0.7 -50 -49.9355 0.427707 0 0 0 1
0.753421 0.6 -50 -49.9678 0.427707 0 0 0 1
0.482189 0.7 -50 -49.9839 0.427707 0 0 0 1
0.308601 0.7 -50 -49.9919 0.427707 0 0 0 1
0.518503 0.666667 -50 -49.996 0.427707 0 0 0 1
0.711102 0.6 -50 -49.998 0.427707 0 0 0 1
0.844797 0.666667 -50 -49.999 0.427707 0 0 0 1
0.944127 0.6 -50 -49.9995 0.427707 0 0 0 1
0.979886 0.666667 -50 -49.9997 0.427707 0 0 0 1
0.783909 0.666667 -50 -49.9999 0.427707 0 0 0 1
0.501701 0.633333 -50 -49.9999 0.427707 0 0 0 1
0.321089 0.6 -50 -50 0.427707 0 0 0 1
0.523298 0.7 -50 -50 0.427707 0 0 0 1
0.418639 0.6 -50 -50 0.427707 0 0 0 1
0.600946 0.7 -50 -50 0.427707 0 0 0 1
0.630763 0.6 -50 -50 0.427707 0 0 0 1
0.778458 0.633333 -50 -45 0.427707 0 0 0 1
0.77366 0.666667 -50 -47.5 0.427707 0 0 0 1
0.495142 0.6 -50 -48.75 0.427707 0 0 0 1
0.590135 0.6 -50 -49.375 0.427707 0 0 0 1
0.683265 0.6 -50 -49.6875 0.427707 0 0 0 1
0.546612 0.666667 -50 -18.5937 0.427707 0 0 0 1
0.349831 0.6 -50 -34.2969 0.427707 0 0 0 1
0.223892 0.666667 -50 -42.1484 0.427707 0 0 0 1
0.143291 0.633333 -50 -46.0742 0.427707 0 0 0 1
0.0917062 0.633333 -50 -48.0371 0.427707 0 0 0 1
0.058692 0.666667 -50 -49.0186 0.427707 0 0 0 1
0.422538 0.666667 -50 -49.5093 0.427707 0 0 0 1
0.33803 0.633333 -50 -49.7546 0.427707 0 0 0 1
0.216339 0.6 -50 -49.8773 0.427707 0 0 0 1
0.138457 0.666667 -50 -49.9387 0.427707 0 0 0 1
0.0886126 0.7 -50 -49.9693 0.427707 0 0 0 1
0.056712 0.6 -50 -49.9847 0.427707 0 0 0 1
0.0362957 0.666667 -50 -49.9923 0.427707 0 0 0 1
0.0232293 0.666667 -50 -49.9962 0.427707 0 0 0 1
0.0148667 0.666667 -50 -49.9981 0.427707 0 0 0 1
0.407136 0.666667 -50 -10.624 0.427707 0 0 0 1
0.260567 0.7 -50 -30.312 0.427707 0 0 0 1
0.166763 0.6 -50 -40.156 0.427707 0 0 0 1
0.106728 0.7 -50 -45.078 0.427707 0 0 0 1
0.0683061 0.7 -50 -47.539 -0.257835 0 0 0 1
0.0437159 0.7 -50 -48.7695 -0.257835 0 0 0 1
0.416787 0.633333 -50 -49.3848 -0.257835 0 0 0 1
0.600058 0.633333 -50 -49.6924 0.193732 0 0 0 1
0.856021 0.633333 -50 -49.8462 0.193732 0 0 0 1
0.81089 0.633333 -50 -49.9231 0.193732 0 0 0 1
0.81089 0.633333 -25 -24.9615 0.193732 0 0 0 1
