234 8 2
0.567213 0.633333 -27.1059 -4.38553 -3.23627 0 0 0 0 0
0.567213 0.6 -24.5378 -2.19276 -3.23627 0 0 0 0 0
0.45377 0.6 -5.65124 -1.09638 -3.23627 0 0 0 0 0
0.363016 0.566667 4.89497 -0.548191 -3.23627 0 0 0 0 0
0.539398 0.6 -22.5525 -25.2741 -6.69451 0 0 0 0 0
0.658911 0.533333 -36.2763 -37.637 -2.6778 0 0 0 0 0
0.716277 0.566667 -43.1381 -43.8185 0.128879 0 0 0 0 0
0.573022 0.6 -16.0544 -23.1539 31.2516 0 0 0 0 0
0.80503 0.6 -33.0272 -36.5769 -19.2994 0 0 0 0 0
0.786415 0.6 -41.5136 -43.2885 -10.1198 0 0 0 0 0
0.777479 0.6 -45.7568 -46.6442 30.7521 0 0 0 0 0
0.621983 0.666667 -35.7355 -16.2569 -22.4992 0 0 0 0 0
0.398069 0.6 -28.9536 -3.98824 -7.19966 0 0 0 0 0
0.254764 0.666667 -35.1018 -3.24412 41.5201 0 0 0 0 0
0.163049 0.6 -25.8842 -3.89479 -27.7919 0 0 0 0 0
0.478264 0.6 -23.2362 -0.81103 -11.7168 0 0 0 0 0
0.306089 0.566667 -5.9363 1.86721 -4.68671 0 0 0 0 0
0.195897 0.6 -20.7014 0.96351 -2.47468 0 0 0 0 0
0.125374 0.533333 -2.39616 1.61812 32.0101 0 0 0 0 0
0.460179 0.6 16.3019 6.49088 26.0041 0 0 0 0 0
0.294515 0.566667 14.9691 8.92726 9.20162 0 0 0 0 0
0.18849 0.6 13.1664 9.57726 5.48065 0 0 0 0 0
0.120633 0.633333 22.4165 8.9553 -15.8077 0 0 0 0 0
0.457904 0.633333 -10.0039 9.83479 1.4769 0 0 0 0 0
0.293059 0.7 6.3262 10.8698 10.7908 0 0 0 0 0
0.724401 0.7 -21.8369 -19.5651 4.3163 0 0 0 0 0
0.747712 0.666667 -35.9185 -34.7826 -2.47348 0 0 0 0 0
0.848627 0.733333 -42.9592 -17.3913 -2.47348 0 0 0 0 0
0.848627 0.666667 -21.4796 -8.69564 -2.47348 0 0 0 0 0
0.848627 0.666667 -10.7398 -4.34782 -2.47348 0 0 0 0 0
0.848627 0.7 -5.3699 -2.17391 -2.47348 0 0 0 0 0
0.848627 0.7 -2.68495 -1.08695 -2.47348 0 0 0 0 0
0.848627 0.7 -1.34248 -0.543477 -2.47348 0 0 0 0 0
0.848627 0.8 -0.671238 -0.271739 -2.47348 0 0 0 1 0
0.848627 0.8 -0.335619 -0.135869 -2.47348 0 0 0 1 0
0.848627 0.9 -0.167809 -0.0679347 -2.47348 0 0 0 1 0
0.848627 0.9 -0.0839047 -0.0339673 -2.47348 0 0 0 1 0
0.848627 0.9 -0.0419524 -0.0169837 -2.47348 0 0 0 1 0
0.848627 0.9 -0.0209762 -0.00849183 -2.47348 0 0 0 1 0
0.848627 0.9 -0.0104881 -0.00424592 -2.47348 0 0 0 1 0
0.678902 0.9 -21.2552 -15.0021 3.81061 0 0 0 1 0
0.725873 0.8 -9.06512 -8.0963 -4.47576 0 0 0 1 0
0.678735 0.8 -29.5326 -29.0481 4.2097 0 0 0 1 0
0.542988 0.7 -27.7425 -12.5313 -6.71612 0 0 0 1 0
0.347512 0.7 -24.1654 -3.82001 -3.88645 0 0 0 1 0
0.533445 0.633333 -37.0827 -26.91 2.04542 0 0 0 1 0
0.656053 0.6 -43.5413 -38.455 -8.18183 0 0 0 1 1
0.714906 0.6 -46.7707 -44.2275 2.12727 0 0 0 1 1
0.571925 0.666667 -16.7447 -20.328 -3.94909 0 0 0 1 1
0.366032 0.666667 -15.3576 -6.75493 -11.7796 0 0 0 1 1
0.540556 0.666667 -32.6788 -28.3775 2.48815 0 0 0 1 1
0.659467 0.666667 -41.3394 -39.1887 4.59526 0 0 0 1 1
0.527574 0.666667 -32.4121 -18.9991 1.8381 0 0 0 1 1
0.337647 0.666667 -8.85312 -7.79502 -12.4648 0 0 0 1 1
0.562071 0.6 -14.6538 -1.48274 7.6141 0 0 0 1 1
0.359725 0.6 -17.0043 3.00863 3.64564 0 0 0 1 1
0.572668 0.6 -19.9854 5.75073 -14.1417 0 0 0 1 1
0.366508 0.6 -24.8211 8.85362 6.9433 0 0 0 1 1
0.540739 0.6 -37.4106 -20.5732 -0.222679 0 0 0 1 1
0.659555 0.633333 -43.7053 -35.2866 -24.6891 0 0 0 1 1
0.527644 0.6 -46.8526 -19.916 14.1244 0 0 0 1 1
0.527644 0.633333 -23.4263 -9.95801 14.1244 0 0 0 1 1
0.527644 0.633333 -11.7132 -4.97901 14.1244 0 0 0 1 1
0.527644 0.633333 -5.85658 -2.4895 14.1244 0 0 0 1 1
0.527644 0.7 -2.92829 -1.24475 14.1244 0 0 0 1 1
0.527644 0.7 -1.46415 -0.622376 14.1244 0 0 0 1 1
0.527644 0.8 -0.732073 -0.311188 14.1244 0 0 0 1 1
0.527644 0.8 -0.366036 -0.155594 14.1244 0 0 0 1 1
0.527644 0.9 -0.183018 -0.077797 14.1244 0 0 0 1 1
0.527644 0.9 -0.0915091 -0.0388985 14.1244 0 0 0 1 1
0.527644 0.9 -0.0457545 -0.0194492 14.1244 0 0 0 1 1
0.527644 0.9 -0.0228773 -0.00972462 14.1244 0 0 0 1 1
0.527644 0.9 -0.0114386 -0.00486231 14.1244 0 0 0 1 1
0.422115 0.9 -0.00571932 -0.00243116 14.1244 0 0 0 1 1
0.422115 0.8 -0.00285966 -0.00121558 14.1244 0 0 0 1 1
0.422115 0.8 -0.00142983 -0.000607789 14.1244 0 0 0 1 1
0.422115 0.8 -25.0007 -0.000303894 14.1244 0 0 0 1 1
0.337692 0.7 -12.5004 -0.000151947 14.1244 0 0 0 1 1
0.602615 0.7 -31.2502 0.340832 -20.1503 0 0 0 1 1
0.689255 0.666667 -40.6251 0.170416 -20.1503 0 0 0 1 1
0.689255 0.633333 -16.0268 0.0852081 -20.1503 0 0 0 1 1
0.441123 0.566667 -1.39577 0.042604 20.1399 0 0 0 1 1
0.611739 0.633333 -25.6979 0.021302 20.1399 0 0 0 1 1
0.767044 0.566667 -13.9204 -1.07631 13.456 0 0 0 1 1
0.768181 0.6 -31.9602 -0.538153 13.456 0 0 0 1 1
0.860909 0.566667 -40.9801 -0.269076 13.456 0 0 0 1 1
0.813236 0.666667 -45.49 -25.1345 3.58238 0 0 0 1 1
0.887942 0.633333 -47.745 -12.5673 3.58238 0 0 0 1 1
0.710353 0.666667 -17.8011 -2.47929 2.63295 0 0 0 1 1
0.568283 0.666667 -0.812306 3.30581 2.63295 0 0 0 1 1
0.454626 0.733333 14.0429 8.81824 2.63295 0 0 0 1 1
0.363701 0.666667 18.7861 13.5 2.63295 0 0 0 1 1
0.574576 0.666667 -15.6069 6.75001 2.63295 0 0 0 1 1
0.459661 0.6 -19.9128 3.37501 2.63295 0 0 0 1 1
0.367729 0.566667 -34.9564 1.6875 2.63295 0 0 0 1 1
0.367729 0.6 -17.4782 0.843752 2.63295 0 0 0 1 1
0.367729 0.666667 -8.7391 0.421876 2.63295 0 0 0 1 1
0.367729 0.7 -4.36955 0.210938 2.63295 0 0 0 1 1
0.367729 0.766667 -2.18478 0.105469 2.63295 0 0 0 1 1
0.367729 0.8 -1.09239 0.0527345 2.63295 0 0 0 1 1
0.367729 0.833333 -0.546194 0.0263672 2.63295 0 0 0 1 1
0.367729 0.9 -0.273097 0.0131836 2.63295 0 0 0 1 1
0.367729 0.9 -0.136549 0.00659181 2.63295 0 0 0 1 1
0.367729 0.9 -0.0682743 0.00329591 2.63295 0 0 0 1 1
0.367729 0.9 -0.0341371 0.00164795 2.63295 0 0 0 1 1
0.367729 0.9 -0.0170686 0.000823976 2.63295 0 0 0 1 1
0.367729 0.9 -0.00853428 0.000411988 2.63295 0 0 0 1 1
0.367729 0.9 -0.00426714 0.000205994 2.63295 0 0 0 1 1
0.367729 0.9 -0.00213357 0.000102997 2.63295 0 0 0 1 1
0.367729 0.9 -0.00106679 5.14985e-005 2.63295 0 0 0 1 1
0.367729 0.9 -0.000533393 2.57493e-005 2.63295 0 0 0 1 1
0.367729 0.9 -0.000266696 1.28746e-005 2.63295 0 0 0 1 1
0.367729 0.9 -0.000133348 6.43731e-006 2.63295 0 0 0 1 1
0.367729 0.9 -6.66741e-005 3.21866e-006 2.63295 0 0 0 1 1
0.367729 0.9 -3.3337e-005 1.60933e-006 2.63295 0 0 0 1 1
0.367729 0.9 -1.66685e-005 8.04664e-007 2.63295 0 0 0 1 1
0.367729 0.9 -8.33426e-006 4.02332e-007 2.63295 0 0 0 1 1
0.367729 0.9 -4.16713e-006 2.01166e-007 2.63295 0 0 0 1 1
0.367729 0.9 -2.08356e-006 1.00583e-007 2.63295 0 0 0 1 1
0.367729 0.9 -1.04178e-006 5.02915e-008 2.63295 0 0 0 1 1
0.367729 0.9 -5.20891e-007 2.51458e-008 2.63295 0 0 0 1 1
0.367729 0.9 -2.60446e-007 1.25729e-008 2.63295 0 0 0 1 1
0.367729 0.9 -1.30223e-007 6.28644e-009 2.63295 0 0 0 1 1
0.367729 0.9 -6.51114e-008 3.14322e-009 2.63295 0 0 0 1 1
0.367729 0.9 -3.25557e-008 1.57161e-009 2.63295 0 0 0 1 1
0.367729 0.9 -1.62779e-008 7.85805e-010 2.63295 0 0 0 1 1
0.772382 0.9 -25 -25 11.2532 0 0 0 1 1
0.770744 0.8 -37.5 -37.5 4.50127 0 0 0 1 1
0.769957 0.8 -43.75 -43.75 0.600509 0 0 0 1 1
0.769579 0.7 -46.875 -46.875 -40.5598 0 0 0 1 1
0.769398 0.7 -48.4375 -48.4375 25.7761 0 0 0 1 1
0.769311 0.6 -49.2188 -49.2187 11.5104 0 0 0 1 1
0.615449 0.6 -49.6094 -22.9789 -35.5958 0 0 0 1 1
0.393887 0.5 -43.7062 -8.08038 -17.2383 0 0 0 1 1
0.252088 0.566667 -8.98545 0.505265 32.1047 0 0 0 1 1
0.161336 0.566667 -29.4927 -10.4358 -24.3581 0 0 0 1 1
0.461953 0.566667 -39.7464 -30.2179 -10.3433 0 0 0 1 1
0.461953 0.566667 -43.5801 -10.5037 -10.3433 0 0 0 1 1
0.461953 0.566667 -21.79 -5.25184 -10.3433 0 0 0 1 1
0.461953 0.6 -10.895 -2.62592 -10.3433 0 0 0 1 1
0.461953 0.633333 -5.44751 -1.31296 -10.3433 0 0 0 0 0
0.461953 0.7 -2.72375 -0.65648 -10.3433 0 0 0 0 0
0.461953 0.7 -1.36188 -0.32824 -10.3433 0 0 0 1 0
0.461953 0.8 -0.680939 -0.16412 -10.3433 0 0 0 1 0
0.461953 0.8 -0.340469 -0.08206 -10.3433 0 0 0 1 0
0.461953 0.9 -0.170235 -0.04103 -10.3433 0 0 0 1 0
0.461953 0.9 -0.0851173 -0.020515 -10.3433 0 0 0 1 0
0.461953 0.9 -0.0425587 -0.0102575 -10.3433 0 0 0 1 0
0.461953 0.9 -0.0212793 -0.00512875 -10.3433 0 0 0 1 0
0.461953 0.9 -0.0106397 -0.00256438 -10.3433 0 0 0 1 0
0.461953 0.9 -0.00531983 -0.00128219 -10.3433 0 0 0 1 0
0.461953 0.9 -0.00265992 -0.000641094 -10.3433 0 0 0 1 0
0.461953 0.9 -0.00132996 -0.000320547 -10.3433 0 0 0 1 0
0.461953 0.9 -0.000664979 -0.000160273 -10.3433 0 0 0 1 0
0.461953 0.9 -0.00033249 -8.01367e-005 -10.3433 0 0 0 1 0
0.461953 0.9 -0.000166245 -4.00684e-005 -10.3433 0 0 0 1 0
0.461953 0.9 -8.31224e-005 -2.00342e-005 -10.3433 0 0 0 1 0
0.461953 0.9 -4.15612e-005 -1.00171e-005 -10.3433 0 0 0 1 1
0.461953 0.9 -2.07806e-005 -5.00854e-006 -10.3433 0 0 0 1 1
0.461953 0.9 -1.03903e-005 -2.50427e-006 -10.3433 0 0 0 1 1
0.29565 0.9 -15.6015 3.44951 28.8627 0 0 0 1 1
0.189216 0.8 -26.9295 18.4861 9.74508 0 0 0 1 1
0.151373 0.8 -13.4648 17.9931 9.74508 0 0 0 1 1
0.0968786 0.7 -1.26363 8.40129 -14.102 0 0 0 1 1
0.0775029 0.7 1.64091 10.4506 -14.102 0 0 0 1 1
0.437201 0.6 -1.52329 2.84437 -17.0408 0 0 0 1 1
0.349761 0.6 4.00026 1.42219 -17.0408 0 0 0 1 1
0.279809 0.5 9.14299 3.97196 -17.0408 0 0 0 1 1
0.223847 0.6 12.526 4.82689 -17.0408 0 0 0 1 1
0.179078 0.6 10.3071 7.52708 -17.0408 0 0 0 1 1
0.143262 0.666667 9.32024 8.87718 -17.0408 0 0 0 1 1
0.11461 0.633333 2.38739 4.43859 -17.0408 0 0 0 1 1
0.455013 0.666667 -2.97297 2.81453 25.5837 0 0 0 1 1
0.291208 0.633333 1.63851 3.67999 13.8335 0 0 0 1 1
0.186373 0.633333 8.6764 6.95363 -36.4666 0 0 0 1 1
0.119279 0.666667 10.5882 9.39469 -6.78664 0 0 0 1 1
0.0763385 0.633333 -7.74161 10.9473 13.4853 0 0 0 1 1
0.429314 0.633333 -28.8708 -19.5263 4.19414 0 0 0 1 1
0.429314 0.666667 -12.2295 -6.35407 4.19414 0 0 0 1 1
0.606071 0.566667 -3.54123 -1.47249 -18.7223 0 0 0 1 1
0.387885 0.666667 -10.9618 0.454231 -8.68894 0 0 0 1 1
0.586185 0.6 -1.1059 4.57494 -2.27558 0 0 0 1 1
0.468948 0.6 3.99251 5.69656 -2.27558 0 0 0 1 1
0.625095 0.666667 -23.0037 2.84828 -2.27558 0 0 0 1 1
0.865034 0.666667 -36.5019 -23.5759 18.8898 0 0 0 1 1
0.919021 0.633333 -43.2509 -11.7879 18.8898 0 0 0 1 1
0.970847 0.6 -46.6255 -30.894 20.1559 0 0 0 1 1
0.866007 0.666667 -48.3127 -40.447 -1.53764 0 0 0 1 1
0.919604 0.633333 -16.8034 -13.9735 -3.61505 0 0 0 1 1
0.753128 0.666667 -33.4017 -31.9867 -0.246022 0 0 0 1 1
0.911126 0.666667 -41.7009 -40.9934 1.70159 0 0 0 1 1
0.728901 0.7 -16.0117 -24.0681 -17.9194 0 0 0 1 1
0.466497 0.6 -6.8695 -12.0341 -17.9194 0 0 0 0 0
0.466497 0.633333 -4.88162 -6.01703 -17.9194 0 0 0 0 0
0.579135 0.633333 -27.4408 -28.0085 -10.1677 0 0 0 0 0
0.747481 0.666667 -18.4079 -11.1633 18.7329 0 0 0 0 0
0.478388 0.6 -14.6387 -14.3317 24.2932 0 0 0 0 0
0.629626 0.666667 -10.3497 -2.62038 -32.8827 0 0 0 0 0
0.70222 0.666667 1.9085 -1.31019 -32.8827 0 0 0 0 0
0.561776 0.633333 -1.72432 -8.39319 33.6469 0 0 0 0 0
0.669653 0.7 -17.9455 -4.1966 33.6469 0 0 0 0 0
0.801792 0.633333 -10.1824 -2.0983 33.6469 0 0 0 0 0
0.641433 0.666667 -7.51057 -1.04915 33.6469 0 0 0 0 0
0.78486 0.666667 -9.11243 -8.85791 -24.3412 0 0 0 0 0
0.776733 0.633333 -7.68121 -4.42895 -24.3412 0 0 0 0 0
0.621386 0.633333 -2.59061 -2.21448 -24.3412 0 0 0 0 0
0.497109 0.666667 -0.0856259 -1.10724 -24.3412 0 0 0 0 0
0.397687 0.633333 -16.2928 6.94638 -8.5365 0 0 0 0 0
0.25452 0.666667 -11.0631 11.5982 -8.5365 0 0 0 0 0
0.203616 0.6 -5.46209 9.5491 -8.5365 0 0 0 0 0
0.162893 0.633333 -5.61566 4.77455 -8.5365 0 0 0 0 0
0.162893 0.566667 -2.80783 2.38727 -8.5365 0 0 0 0 0
0.162893 0.566667 -1.40392 1.19364 -8.5365 0 0 0 0 0
0.162893 0.533333 -0.701958 0.596818 -8.5365 0 0 0 0 0
0.162893 0.566667 -0.350979 0.298409 -8.5365 0 0 0 0 0
0.162893 0.6 -0.175489 0.149205 -8.5365 0 0 0 0 0
0.497736 0.6 -25.0877 0.0746023 -8.5365 0 0 0 0 0
0.497736 0.6 -12.5439 0.0373012 -8.5365 0 0 0 0 0
0.497736 0.6 -6.27194 0.0186506 -8.5365 0 0 0 0 0
0.497736 0.7 -3.13597 0.00932529 -8.5365 0 0 0 0 0
0.497736 0.7 -1.56798 0.00466264 -8.5365 0 0 0 0 0
0.497736 0.8 -0.783992 0.00233132 -8.5365 0 0 0 0 0
0.497736 0.8 -0.391996 0.00116566 -8.5365 0 0 0 0 0
0.497736 0.8 -0.195998 0.000582831 -8.5365 0 0 0 0 0
0.497736 0.8 -0.097999 0.000291415 -8.5365 0 0 0 0 0
0.497736 0.9 -0.0489995 0.000145708 -8.5365 0 0 0 0 1
0.497736 0.9 -0.0244998 7.28538e-005 -8.5365 0 0 0 0 1
0.497736 0.9 -0.0122499 3.64269e-005 -8.5365 0 0 0 0 1
0.497736 0.9 -0.00612494 1.82135e-005 -8.5365 0 0 0 0 1
0.497736 0.9 -0.00306247 9.10673e-006 -8.5365 0 0 0 0 1
0.497736 0.9 -0.00153123 4.55336e-006 -8.5365 0 0 0 0 1
0.497736 0.9 -0.000765617 2.27668e-006 -8.5365 0 0 0 0 1
0.497736 0.9 -0.000382809 1.13834e-006 -8.5365 0 0 0 0 1
0.497736 0.9 -0.000191404 5.6917e-007 -8.5365 0 0 0 0 1
