204 8 2
0.514164 0.6 12.1437 4.08358 -14.0688 0 0 0 0 0
0.329065 0.533333 11.3138 8.58941 -30.2275 0 0 0 0 0
0.210602 0.6 10.4188 8.0447 7.10898 0 0 0 0 0
0.134785 0.533333 11.2578 8.39735 1.64359 0 0 0 0 0
0.464697 0.6 -10.9336 12.9487 1.25744 0 0 0 0 0
0.297406 0.6 -12.3418 8.97434 -16.897 0 0 0 0 0
0.19034 0.666667 -1.409 11.3622 -3.75881 0 0 0 0 0
0.121817 0.633333 -6.9545 9.84775 -1.50352 0 0 0 0 0
0.458472 0.733333 0.555009 10.5489 10.7986 0 0 0 0 0
0.576053 0.7 -24.7225 -19.7256 8.51944 0 0 0 0 0
0.460843 0.7 -4.44458 -5.48778 -10.3922 0 0 0 0 0
0.621204 0.7 -3.43197 -5.86889 -4.75689 0 0 0 0 0
0.638543 0.7 -26.716 -27.9344 -1.90276 0 0 0 0 0
0.510834 0.7 -4.19133 -10.8422 -0.761102 0 0 0 0 0
0.326934 0.733333 2.071 -5.42111 -0.304441 0 0 0 0 0
0.209238 0.766667 4.36884 -0.835556 0.478224 0 0 0 0 0
0.133912 0.7 -5.39892 -0.0427788 -0.408711 0 0 0 0 0
0.0857037 0.7 4.38388 9.35361 -0.763484 0 0 0 0 0
0.0548504 0.666667 11.3793 -7.19819 12.8946 0 0 0 0 0
0.0351042 0.7 3.2703 -4.8491 -8.04216 0 0 0 0 0
0.0224667 0.666667 -2.53152 0.0754513 11.7831 0 0 0 0 0
0.0143787 0.633333 1.1536 -3.08727 4.71325 0 0 0 0 0
0.00920237 0.633333 5.99346 0.956363 6.6853 0 0 0 0 0
0.00588951 0.633333 10.689 -5.77182 -2.12588 0 0 0 0 0
0.00376929 0.633333 4.92785 5.23909 -14.0504 0 0 0 0 0
0.00241235 0.633333 -6.70274 5.74455 12.9799 0 0 0 0 0
0.0015439 0.6 1.23196 5.99727 -12.8081 0 0 0 0 0
0.000988097 0.6 -19.7459 -0.192153 -7.52322 0 0 0 0 0
0.000632382 0.666667 -16.5396 -0.0960764 16.1907 0 0 0 0 0
0.000404724 0.6 -17.8531 2.33291 2.27628 0 0 0 0 0
0.400194 0.6 4.48489 6.5236 -13.4895 0 0 0 0 0
0.592093 0.633333 17.0304 7.93867 -5.39579 0 0 0 0 0
0.684205 0.633333 10.4091 -1.98305 -1.55832 0 0 0 0 0
0.437891 0.633333 -0.856038 -11.2188 -0.623327 0 0 0 0 0
0.610188 0.7 -8.28516 -13.9427 0.350669 0 0 0 0 0
0.39052 0.733333 -14.3301 -15.3047 0.140268 0 0 0 0 0
0.75247 0.666667 -32.165 -32.6523 22.2561 0 0 0 1 0
0.601976 0.666667 -6.61282 -10.969 8.30244 0 0 0 1 0
0.631159 0.766667 -28.3064 -30.4845 0.920977 0 0 0 1 0
0.867217 0.766667 -39.1532 -40.2423 -15.2316 0 0 0 1 0
0.92033 0.7 -10.5922 -15.9545 -6.69264 0 0 0 1 0
0.905055 0.733333 -30.2961 -32.9772 11.1229 0 0 0 1 0
0.724044 0.666667 -4.99181 -12.9172 6.24918 0 0 0 1 0
0.678033 0.666667 -27.4959 -31.4586 2.49967 0 0 0 1 0
0.542426 0.7 -4.65704 -9.77692 -17.6001 0 0 0 1 0
0.796219 0.733333 -27.3285 -29.8885 19.3599 0 0 0 1 0
0.877731 0.7 -1.47676 -10.1823 -18.656 0 0 0 1 0
0.821311 0.7 -11.6759 10.5338 18.9376 0 0 0 1 0
0.525639 0.7 6.37797 10.3806 2.17504 0 0 0 1 0
0.336409 0.7 -8.47768 9.35694 -17.73 0 0 0 1 0
0.215302 0.666667 -16.6323 16.3633 -6.49199 0 0 0 1 0
0.137793 0.666667 -20.6376 25.3012 13.6032 0 0 0 1 0
0.466141 0.7 -2.50629 16.222 8.44128 0 0 0 1 0
0.29833 0.633333 8.30073 15.9814 -0.823488 0 0 0 1 0
0.190931 0.666667 -5.77611 15.1335 0.270605 0 0 0 1 0
0.122196 0.633333 -12.5309 14.7096 0.708242 0 0 0 1 0
0.0782054 0.7 6.99212 13.3072 0.283297 0 0 0 1 0
0.437539 0.7 15.2385 13.4718 3.71332 0 0 0 1 0
0.280025 0.7 -3.80933 -4.05956 -21.9147 0 0 0 1 0
0.179216 0.7 -18.1925 -11.6889 5.03413 0 0 0 1 0
0.114698 0.666667 -20.7305 -18.9126 -11.1863 0 0 0 1 0
0.0734068 0.733333 -24.0016 -19.1154 12.9255 0 0 0 1 0
0.0469804 0.766667 -37.0008 -17.5122 3.37018 0 0 0 1 0
0.65353 0.833333 -43.5004 -33.7561 4.34807 0 0 0 1 0
0.522824 0.8 -34.9855 -14.3483 -3.06077 0 0 0 1 0
0.334608 0.766667 -20.7936 -3.03454 -12.6243 0 0 0 1 0
0.528489 0.733333 -35.3968 -26.5173 5.15028 0 0 0 1 0
0.422791 0.766667 -33.5072 -12.1739 3.26011 0 0 0 1 0
0.562352 0.733333 -41.7536 -31.087 4.30404 0 0 0 1 0
0.449882 0.7 -10.5827 -5.31621 -13.8784 0 0 0 1 0
0.287924 0.7 7.20866 1.31917 11.2486 0 0 0 1 0
0.510563 0.7 -21.3957 -24.3404 5.09946 0 0 0 1 0
0.823803 0.666667 -35.6978 -37.1702 -12.3602 0 0 0 1 0
0.659042 0.666667 -16.3338 -12.9601 -14.5441 0 0 0 1 0
0.421787 0.7 -11.0835 -2.73005 -5.81763 0 0 0 1 0
0.269944 0.633333 -30.5418 -1.36503 15.6729 0 0 0 1 0
0.503658 0.666667 -40.2709 -25.6825 -2.73082 0 0 0 1 0
0.402927 0.633333 -14.7783 -8.46626 -8.89233 0 0 0 1 0
0.554724 0.566667 -32.3892 -29.2331 4.84307 0 0 0 1 0
0.443779 0.6 -11.8977 -16.4023 1.33723 0 0 0 1 0
0.284019 0.6 -9.07385 -12.3678 -8.46511 0 0 0 1 0
0.181772 0.6 -0.101441 -9.3089 -3.38604 0 0 0 1 0
0.116334 0.633333 3.69928 -7.15445 3.44558 0 0 0 1 0
0.0744538 0.7 -12.2377 1.42277 1.97823 0 0 0 1 0
0.0476504 0.666667 0.428788 5.71139 16.3913 0 0 0 1 0
0.0304963 0.633333 -16.4523 11.6057 -9.64348 0 0 0 1 0
0.0195176 0.666667 -14.7738 2.05285 -2.05739 0 0 0 1 0
0.0124913 0.6 -13.3393 -2.09858 -1.42296 0 0 0 1 0
0.00799441 0.633333 -0.717248 -0.424288 12.6308 0 0 0 1 0
0.403837 0.633333 -4.94196 -3.78357 4.45233 0 0 0 1 0
0.756305 0.566667 -27.471 -26.8918 -12.0191 0 0 0 1 0
0.763026 0.6 -38.7355 -38.4459 13.7924 0 0 0 1 0
0.610421 0.666667 -3.23871 -27.3479 3.71695 0 0 0 1 0
0.634402 0.666667 -26.6194 -38.674 3.28678 0 0 0 1 0
0.704513 0.666667 -38.3097 -44.337 1.91471 0 0 0 1 0
0.56361 0.733333 -3.42903 -28.4185 2.56588 0 0 0 0 0
0.360711 0.733333 -2.11774 -18.5842 -24.1736 0 0 0 0 0
0.230855 0.666667 5.6078 -6.79212 12.5305 0 0 0 0 0
0.147747 0.766667 4.01358 -11.5211 5.01222 0 0 0 0 0
0.0945581 0.7 19.3455 -12.6355 2.00489 0 0 0 0 0
0.0605172 0.733333 12.0921 -13.8178 -17.798 0 0 0 0 0
0.429048 0.633333 6.8525 -6.28388 -7.11922 0 0 0 0 0
0.274591 0.633333 8.00959 -9.39194 15.7523 0 0 0 0 0
0.175738 0.533333 3.17146 0.929029 9.30093 0 0 0 0 0
0.112472 0.6 5.33573 3.58951 2.52037 0 0 0 0 0
0.0719824 0.633333 5.73605 -5.94334 -16.9919 0 0 0 0 0
0.0460687 0.6 21.1924 -8.19427 12.4033 0 0 0 0 0
0.029484 0.6 29.0438 -10.5034 3.7613 0 0 0 0 0
0.0188697 0.6 11.1886 -0.876693 -17.6955 0 0 0 0 0
0.0120766 0.6 12.2609 5.18665 9.72181 0 0 0 0 0
0.00772905 0.633333 16.1305 6.96833 3.88872 0 0 0 0 0
0.00494659 0.7 14.6129 5.35916 3.95549 0 0 0 0 0
0.00316582 0.666667 1.88976 5.80458 1.5822 0 0 0 0 0
0.00202612 0.766667 -0.668023 2.90229 -19.7671 0 0 0 0 0
0.00129672 0.7 8.83266 1.45115 11.8932 0 0 0 0 0
0.0008299 0.8 11.6386 -4.27443 -15.0427 0 0 0 0 0
0.000531136 0.766667 9.92598 -6.16652 -4.8171 0 0 0 0 0
0.000339927 0.7 7.20593 -10.2866 -2.52684 0 0 0 0 0
0.000217553 0.666667 7.49745 -12.5604 19.9893 0 0 0 0 0
0.000139234 0.7 6.16808 -14.128 -11.2043 0 0 0 0 0
8.91098e-005 0.7 21.9012 -12.689 14.1183 0 0 0 0 0
5.70303e-005 0.666667 20.8938 -10.9741 8.04731 0 0 0 0 0
3.64994e-005 0.666667 14.6765 -12.3887 -19.5811 0 0 0 0 0
2.33596e-005 0.6 12.9116 -16.0187 -7.83243 0 0 0 0 0
1.49501e-005 0.6 -4.08568 -20.5094 -1.33297 0 0 0 0 0
9.5681e-006 0.6 3.42591 -11.4452 18.0668 0 0 0 0 0
6.12358e-006 0.6 8.56779 -6.91305 -8.97328 0 0 0 0 0
3.91909e-006 0.566667 8.9714 -3.45653 -11.9893 0 0 0 0 0
2.50822e-006 0.566667 -6.34763 0.771737 -5.39572 0 0 0 0 0
1.60526e-006 0.6 -9.42382 5.38587 -2.15829 0 0 0 0 0
1.02737e-006 0.633333 0.933253 8.31793 2.73668 0 0 0 0 0
6.57514e-007 0.7 -9.78337 7.03397 -2.50533 0 0 0 0 0
4.20809e-007 0.7 -0.859428 -2.34995 0.197869 0 0 0 0 0
2.69318e-007 0.8 3.81111 -5.71161 -1.12085 0 0 0 0 0
1.72363e-007 0.733333 19.9163 -9.40343 0.751659 0 0 0 0 0
1.10313e-007 0.7 14.9582 -2.20171 8.70066 0 0 0 0 0
7.06001e-008 0.8 11.6457 0.774143 4.68027 0 0 0 0 0
4.51841e-008 0.733333 7.839 -7.11293 1.87211 0 0 0 0 0
2.89178e-008 0.733333 -8.85598 0.420809 -0.451158 0 0 0 0 0
0.4 0.733333 -29.428 -24.7896 -3.78046 0 0 0 0 0
0.32 0.633333 -31.3807 -4.2698 2.08781 0 0 0 0 0
0.2048 0.633333 -11.2548 3.4901 1.43513 0 0 0 0 0
0.131072 0.633333 -12.2941 1.74505 1.77405 0 0 0 0 0
0.0838861 0.633333 -0.522045 -2.25247 -8.89038 0 0 0 0 0
0.0536871 0.666667 5.36398 -1.75124 12.0438 0 0 0 0 0
0.420616 0.7 -22.318 -25.8756 -11.3825 0 0 0 0 0
0.336493 0.6 -21.159 -19.1406 12.247 0 0 0 0 0
0.529213 0.7 -35.5795 -34.5703 -12.5012 0 0 0 0 0
0.423371 0.6 -13.2064 -14.7852 12.3995 0 0 0 0 0
0.270957 0.633333 -2.57095 -6.76758 5.55981 0 0 0 0 0
0.718036 0.6 -26.2855 -28.3838 -15.1761 0 0 0 0 0
0.574429 0.6 -9.11048 -13.5669 11.3296 0 0 0 0 0
0.367634 0.6 -1.73266 -2.02154 -2.66817 0 0 0 0 0
0.235286 0.533333 -17.533 6.72732 6.13273 0 0 0 0 0
0.150583 0.6 9.56684 8.36366 -6.54691 0 0 0 0 0
0.47228 0.6 -13.2313 12.0862 -12.2188 0 0 0 0 0
0.302259 0.633333 4.30487 11.7626 14.9125 0 0 0 0 0
0.193446 0.6 -22.8476 17.2449 2.965 0 0 0 0 0
0.123805 0.666667 -29.2268 12.7891 2.986 0 0 0 0 0
0.0792354 0.633333 -7.41644 12.6446 -16.8056 0 0 0 0 0
0.438033 0.633333 -16.9225 10.4263 9.47776 0 0 0 0 0
0.280341 0.7 2.78875 11.7608 20.5911 0 0 0 0 0
0.534564 0.6 -4.31991 0.4456 4.03644 0 0 0 0 0
0.342121 0.6 -14.3028 -10.5727 -28.9854 0 0 0 0 0
0.218957 0.6 -21.122 -18.3545 -10.3942 0 0 0 0 0
0.48408 0.6 -35.561 -34.1773 9.04233 0 0 0 0 0
0.387264 0.533333 -27.6019 -20.0298 0.616933 0 0 0 0 0
0.387264 0.566667 -13.801 -10.0149 0.616933 0 0 0 0 0
0.387264 0.6 -6.90048 -5.00745 0.616933 0 0 0 0 0
0.387264 0.666667 -3.45024 -2.50373 0.616933 0 0 0 1 0
0.387264 0.7 -1.72512 -1.25186 0.616933 0 0 0 1 0
0.387264 0.733333 -0.86256 -0.625931 0.616933 0 0 0 1 0
0.387264 0.8 -0.43128 -0.312966 0.616933 0 0 0 1 0
0.387264 0.8 -0.21564 -0.156483 0.616933 0 0 0 1 0
0.387264 0.9 -0.10782 -0.0782414 0.616933 0 0 0 1 0
0.387264 0.9 -0.05391 -0.0391207 0.616933 0 0 0 1 1
0.387264 0.9 -0.026955 -0.0195604 0.616933 0 0 0 1 1
0.387264 0.9 -0.0134775 -0.00978018 0.616933 0 0 0 1 1
0.387264 0.9 -0.00673875 -0.00489009 0.616933 0 0 0 1 1
0.387264 0.9 -0.00336938 -0.00244504 0.616933 0 0 0 1 1
0.387264 0.9 -0.00168469 -0.00122252 0.616933 0 0 0 1 1
0.387264 0.9 -0.000842344 -0.000611261 0.616933 0 0 0 1 1
0.387264 0.9 -0.000421172 -0.000305631 0.616933 0 0 0 1 1
0.387264 0.9 -0.000210586 -0.000152815 0.616933 0 0 0 1 1
0.387264 0.9 -0.000105293 -7.64076e-005 0.616933 0 0 0 1 1
0.585887 0.9 -5.41672 7.49996 -6.95323 0 0 0 1 1
0.374967 0.8 15.3111 -3.98811 -3.98129 0 0 0 1 1
0.239979 0.8 11.1712 -3.18453 -3.39252 0 0 0 1 1
0.239979 0.733333 5.58559 -1.59227 -3.39252 0 0 0 1 1
0.239979 0.733333 2.7928 -0.796133 -3.39252 0 0 0 1 1
0.191983 0.733333 1.3964 -0.398067 -3.39252 0 0 0 1 1
0.51519 0.633333 3.04195 -0.824033 4.04299 0 0 0 1 1
0.329722 0.633333 -0.979025 -5.41202 -3.7828 0 0 0 1 1
0.211022 0.6 1.69303 -5.6822 -1.51312 0 0 0 1 1
0.700774 0.633333 -24.1535 -27.8411 8.39475 0 0 0 1 1
0.820465 0.6 -5.65313 -7.96817 3.9579 0 0 0 1 1
0.876294 0.6 -27.8266 -28.9841 -8.01684 0 0 0 1 1
0.925776 0.566667 -10.7883 -13.9237 -2.00674 0 0 0 1 1
0.906624 0.5 -30.3941 -31.9619 4.59731 0 0 0 1 1
0.943974 0.6 -18.5304 -14.7905 1.83892 0 0 0 1 1
0.853108 0.5 -2.12234 -7.39523 0.135569 0 0 0 1 1
0.727593 0.6 -26.0612 -28.6976 0.0542276 0 0 0 1 1
0.836556 0.5 -8.99833 -11.3726 -0.578309 0 0 0 1 1
0.721237 0.6 -29.4992 -30.6863 -2.63132 0 0 0 1 1
