222 8 2
0.761518 0.633333 -8.56979 -4.72488 23.317 -48 23 89 0 0
0.487372 0.633333 -29.2849 -2.36244 23.317 -48 23 89 0 0
0.389897 0.566667 -7.25608 -3.73804 -18.2732 -52 -21 65 0 0
0.587151 0.566667 -28.628 -26.869 5.29072 -50 -16 65 0 0
0.681832 0.533333 -39.314 -13.4345 5.29072 -50 -16 65 0 0
0.809099 0.6 -44.657 -6.71725 5.29072 -50 -16 65 0 0
0.88546 0.633333 -47.3285 -28.3586 16.5163 -58 -37 40 0 0
0.825021 0.633333 -48.6643 -39.1793 -20.9935 -55 -33 45 0 0
0.79601 0.666667 -49.3321 -23.2828 -1.79739 -60 -41 40 0 0
0.782085 0.666667 -14.7635 -13.9141 21.481 -57 -34 40 0 0
0.775401 0.666667 -32.3817 -12.6389 -12.4076 -50 -23 45 0 0
0.772192 0.7 -2.30198 -9.34975 -12.163 -50 -22 40 0 0
0.770652 0.733333 12.8196 -6.84879 -4.86521 -44 -14 45 0 0
0.769913 0.633333 14.6241 -4.83744 4.65391 -35 -2 53 0 0
0.769558 0.633333 14.8878 -6.86947 -0.538434 -59 -26 13 0 0
0.769388 0.666667 -6.09181 -8.0676 20.7846 -32 -3 44 0 0
0.492408 0.666667 1.23981 -5.03018 10.1139 -31 -4 39 0 0
0.315141 0.633333 13.2578 -4.78782 -22.3545 -44 -12 13 0 0
0.551268 0.7 20.9671 -3.34088 -10.7418 -63 2 -41 0 0
0.352811 0.633333 21.7581 -4.70074 -0.0967136 -61 -2 -33 0 0
0.74161 0.666667 -14.121 -27.3504 22.7613 -60 -2 -33 0 0
0.593288 0.666667 -2.83254 -16.232 -11.2955 -61 -2 -33 0 0
0.684778 0.633333 -24.5413 -12.068 -3.31819 -58 -4 -27 0 0
0.728693 0.666667 -37.2706 -9.4988 6.47272 -58 -4 -27 0 0
0.749773 0.666667 -9.54441 -9.15281 -5.21091 -63 0 -39 0 0
0.479855 0.666667 4.3187 -9.83209 -2.68436 -39 -10 15 0 0
0.63033 0.733333 -16.8883 -6.13358 16.9263 -63 0 -39 0 0
0.702559 0.733333 -3.71331 -6.99571 -10.6295 -39 -10 15 0 0
0.737228 0.7 1.75905 -7.99165 -4.2518 -39 -10 15 0 0
0.753869 0.766667 8.73306 -5.67512 18.6993 -39 -10 15 0 0
0.761857 0.766667 -20.6335 -6.24665 4.47971 -39 -10 15 0 0
0.487589 0.733333 -35.3167 -5.84072 -7.80812 -39 -10 15 0 0
0.634043 0.733333 -12.5113 -3.46384 11.8768 -39 -10 15 0 0
0.70434 0.733333 2.0164 -4.44931 5.3507 -40 -10 15 0 0
0.738083 0.7 -23.9918 -1.65647 -21.8597 -39 -10 15 0 0
0.75428 0.733333 -19.0965 -0.260055 14.6561 -40 -10 15 0 0
0.482739 0.733333 -34.5483 -0.817067 -19.9376 -39 -10 15 0 0
0.631715 0.766667 -12.3499 -4.22347 -7.97502 -40 -10 15 0 0
0.404298 0.7 3.75153 -3.01753 -4.39001 -40 -10 15 0 0
0.594063 0.7 -2.2734 -4.07088 20.444 -40 -10 15 0 0
0.68515 0.733333 5.61882 -3.1718 10.5776 -40 -10 15 0 0
0.728872 0.733333 5.38294 -5.40084 1.83104 -40 -10 15 0 0
0.749859 0.7 -22.3085 -27.7004 -17.8676 -41 -11 15 0 0
0.759932 0.7 -36.1543 -13.8502 -17.8676 -41 -11 15 0 0
0.855959 0.633333 -43.0771 -6.9251 -17.8676 -41 -11 15 0 0
0.913576 0.666667 -46.5386 -7.15573 15.053 -41 -11 15 0 0
0.838516 0.7 -48.2693 -28.5779 -14.9788 -42 -12 14 0 0
0.802488 0.7 -17.517 -18.1526 14.4085 -41 -11 15 0 0
0.513592 0.7 -5.08203 -14.6634 5.76339 -42 -12 14 0 0
0.646524 0.733333 1.13546 -10.6461 -21.6946 -41 -11 15 0 0
0.710332 0.733333 4.2442 -9.18668 14.1221 -41 -11 15 0 0
0.740959 0.733333 7.51426 -7.49189 -19.5511 -43 -13 14 0 0
0.474214 0.8 11.9456 -6.07033 -7.82046 -43 -13 14 0 0
0.303497 0.766667 -19.0272 -5.30789 22.0718 -43 -13 14 0 0
0.545678 0.733333 -2.06874 -4.35849 -10.3713 -43 -13 14 0 0
0.661926 0.733333 -3.97555 -1.69297 15.6515 -43 -13 14 0 0
0.423632 0.733333 10.891 -1.88815 -13.5394 -39 -10 20 0 0
0.603344 0.7 -17.6795 -3.97979 11.9842 -42 -13 14 0 0
0.38614 0.7 -33.8397 -2.08459 -16.8063 -43 -13 14 0 0
0.24713 0.666667 -8.83164 -2.08396 15.4775 -39 -10 20 0 0
0.518622 0.633333 -29.4158 -26.042 -14.209 -43 -13 14 0 0
0.648939 0.7 -6.75336 -13.968 -6.2836 -39 -10 20 0 0
0.711491 0.7 0.909032 -9.15789 17.8866 -39 -10 20 0 0
0.741515 0.7 5.69261 -4.21663 -1.84538 -39 -10 20 0 0
0.755927 0.7 7.84631 -1.56484 -13.3382 -40 -11 20 0 0
0.762845 0.666667 0.430506 -0.782418 -13.3382 -40 -11 20 0 0
0.857707 0.666667 -24.7847 -1.52757 0.66474 -39 -11 20 0 0
0.548933 0.666667 -37.3924 -2.75654 0.265896 -39 -10 20 0 0
0.351317 0.666667 -11.7319 -4.91088 7.90636 -40 -11 20 0 0
0.568632 0.633333 -30.866 -4.44819 -4.63746 -40 -11 20 0 0
0.672943 0.633333 -10.7901 -4.21685 6.54502 -40 -11 20 0 0
0.723013 0.6 -0.87125 -5.00698 2.61801 -40 -11 20 0 0
0.747046 0.7 -25.4356 -3.97864 -0.152797 -40 -11 20 0 0
0.758582 0.633333 -13.9433 -1.98932 -0.152797 -40 -11 20 0 0
0.855149 0.7 0.171205 -6.72813 1.13888 -41 -11 20 0 0
0.810472 0.666667 5.79989 -5.4474 8.85555 -41 -11 20 0 0
0.518702 0.7 12.559 -5.754 4.74222 -41 -11 20 0 0
0.648977 0.666667 -16.2205 -4.127 -21.5031 -41 -11 20 0 0
0.415345 0.666667 3.064 -2.34759 3.99876 -41 -11 20 0 0
0.265821 0.666667 7.782 -5.52986 2.1995 -41 -11 20 0 0
0.170125 0.666667 11.5082 -7.82445 3.2798 -41 -11 20 0 0
0.10888 0.633333 14.0874 -6.6395 -1.08808 -42 -12 20 0 0
0.452263 0.666667 14.8562 -8.55784 1.96477 -41 -11 20 0 0
0.289448 0.666667 -17.5719 -10.9077 7.38591 -42 -12 20 0 0
0.538935 0.666667 -3.48292 -8.311 2.95436 -41 -11 20 0 0
0.344918 0.666667 -26.7415 -6.53645 -7.81825 -41 -11 20 0 0
0.220748 0.7 -6.20161 -5.82504 8.2727 -42 -12 20 0 0
0.141279 0.666667 7.63152 -6.13222 -21.2909 -42 -12 20 0 0
0.0904183 0.633333 -10.1128 -4.48656 14.8836 -42 -12 20 0 0
0.443401 0.566667 -30.0564 -5.03933 19.1535 -41 -11 20 0 0
0.612832 0.666667 -40.0282 -27.5197 -5.53862 -42 -11 20 0 0
0.69416 0.566667 -45.0141 -18.1348 -25.6154 -43 -12 20 0 0
0.444262 0.6 -47.5071 -9.06742 -25.6154 -43 -12 20 0 0
0.666557 0.566667 -48.7535 -4.53371 -25.6154 -43 -12 20 0 0
0.533246 0.633333 -49.3768 -2.26685 -25.6154 -43 -12 20 0 0
0.426597 0.566667 -49.6884 -26.1334 -9.64618 -43 -13 20 0 0
0.273022 0.633333 -49.8442 -38.0667 32.7415 -42 -11 20 0 0
0.174734 0.633333 -49.9221 -19.0334 32.7415 -42 -11 20 0 0
0.50484 0.633333 -49.961 -9.51668 32.7415 -42 -11 20 0 0
0.403872 0.666667 -49.9805 -4.75834 32.7415 -42 -11 20 0 0
0.323098 0.666667 -49.9903 -2.37917 32.7415 -42 -11 20 0 0
0.258478 0.7 -49.9951 -1.18958 32.7415 -42 -11 20 1 0
0.555087 0.7 -49.9976 -0.594792 32.7415 -42 -11 20 1 0
0.44407 0.8 -49.9988 -0.297396 32.7415 -42 -11 20 1 0
0.666442 0.8 -49.9994 -0.148698 32.7415 -42 -11 20 1 0
0.799865 0.8 -49.9997 -0.074349 32.7415 -42 -11 20 1 0
0.927951 0.9 -49.9998 -25.0372 -23.5034 -43 -13 20 1 0
0.956771 0.8 -49.9999 -12.5186 -23.5034 -43 -13 20 1 0
0.765417 0.8 -50 -6.25929 -23.5034 -43 -13 20 1 0
0.85925 0.7 -50 -3.12965 -23.5034 -43 -13 20 1 0
0.91555 0.7 -50 -1.56482 -23.5034 -43 -13 20 1 0
0.94933 0.666667 -50 -0.782412 -23.5034 -43 -13 20 1 0
0.969598 0.666667 -50 -0.391206 -23.5034 -43 -13 20 1 0
0.981759 0.666667 -50 -0.195603 -23.5034 -43 -13 20 1 0
0.989055 0.7 -50 -0.0978015 -23.5034 -43 -13 20 1 0
0.993433 0.733333 -50 -0.0489007 -23.5034 -43 -13 20 1 0
0.99606 0.766667 -50 -0.0244504 -23.5034 -43 -13 20 1 0
0.997636 0.833333 -50 -0.0122252 -23.5034 -43 -13 20 1 0
0.998582 0.833333 -50 -0.00611259 -23.5034 -43 -13 20 1 0
0.999149 0.833333 -50 -0.0030563 -23.5034 -43 -13 20 1 0
0.799319 0.833333 -50 -0.00152815 -23.5034 -43 -13 20 1 0
0.879591 0.833333 -50 -0.000764074 -23.5034 -43 -13 20 1 0
0.703673 0.866667 -50 -0.000382037 -23.5034 -43 -13 20 1 0
0.562939 0.8 -50 -0.000191018 -23.5034 -43 -13 20 1 0
0.450351 0.766667 -50 -9.55092e-005 -23.5034 -43 -13 20 1 0
0.360281 0.8 -50 -4.77546e-005 -23.5034 -43 -13 20 1 0
0.616168 0.7 -50 -2.38773e-005 -23.5034 -43 -13 20 1 0
0.769701 0.7 -50 -1.19387e-005 -23.5034 -43 -13 20 1 0
0.615761 0.7 -50 -25 5.59864 -42 -11 20 1 0
0.394087 0.6 -50 -12.5 5.59864 -42 -11 20 1 0
0.31527 0.6 -50 -31.25 -17.5605 -43 -13 20 1 0
0.201773 0.633333 -50 -40.625 42.7758 -26 3 48 1 0
0.129134 0.6 -50 -20.3125 42.7758 -26 3 48 1 0
0.477481 0.6 -50 -35.1563 17.1103 -26 3 48 1 0
0.305588 0.633333 -50 -42.5781 4.44413 -25 4 49 1 0
0.195576 0.6 -50 -46.2891 -25.8223 -25 4 49 1 0
0.493877 0.566667 -50 -48.1445 -27.1289 -26 3 48 1 0
0.316081 0.533333 -50 -24.0723 -27.1289 -26 3 48 1 0
0.589649 0.566667 -50 -12.0361 -27.1289 -26 3 48 1 0
0.683031 0.5 -50 -31.0181 37.7484 -26 4 49 1 0
0.546425 0.5 -50 -40.509 -37.1006 -26 4 49 1 0
0.349712 0.5 -50 -45.2545 29.5597 -26 4 49 1 0
0.567862 0.6 -50 -47.6273 -25.9761 -26 4 49 1 0
0.672574 0.5 -50 -48.8136 -16.9904 -27 3 48 1 0
0.430447 0.6 -50 -49.4068 21.4038 -27 3 49 1 0
0.606615 0.533333 -50 -49.7034 31.9615 -26 4 49 1 0
0.388233 0.6 -50 -49.8517 -38.8154 -27 3 49 1 0
0.586352 0.533333 -50 -49.9259 28.8738 -24 6 54 1 0
0.375265 0.6 -50 -49.9629 -4.05046 -27 3 49 1 0
0.24017 0.533333 -50 -49.9815 22.3798 -27 3 48 1 0
0.153709 0.6 -50 -49.9907 -33.0481 -27 3 49 1 0
0.0983735 0.533333 -50 -28.3608 28.7808 -24 6 54 1 0
0.0629591 0.6 -50 -17.6343 12.7123 -24 6 55 1 0
0.0402938 0.5 -50 -13.6783 -8.11508 -27 3 49 1 0
0.025788 0.6 -50 -13.0891 4.55397 -27 3 49 1 0
0.412378 0.5 -50 -8.99022 -46.7784 -27 3 49 1 0
0.597942 0.6 -50 -5.63147 -18.7114 -27 3 49 1 0
0.687012 0.5 -50 -27.8157 0.915454 -27 3 49 1 0
0.729766 0.533333 -50 -13.9079 0.915454 -27 3 49 1 0
0.837859 0.5 -50 -31.9539 20.1662 -25 4 55 1 0
0.802173 0.566667 -50 -32.852 -14.1335 -44 -15 20 0 0
0.785043 0.533333 -50 -27.051 -5.05341 -48 -20 14 0 0
0.701456 0.6 -50 -38.5255 18.9786 -42 -16 20 0 0
0.892524 0.6 -50 -44.2627 1.59145 -42 -16 20 0 0
0.828412 0.6 -50 -47.1314 -16.1634 -42 -16 20 0 0
0.828412 0.6 -25 -23.5657 -16.1634 -42 -16 20 0 0
0.828412 0.6 -12.5 -11.7828 -16.1634 -42 -16 20 0 0
0.828412 0.6 -6.25 -5.89142 -16.1634 -42 -16 20 0 0
0.828412 0.566667 -3.125 -2.94571 -16.1634 -42 -16 20 0 1
0.828412 0.566667 -1.5625 -1.47286 -16.1634 -42 -16 20 0 1
0.828412 0.5 -0.78125 -0.736428 -16.1634 -42 -16 20 0 1
0.897047 0.533333 -25.3906 -0.368214 -16.1634 -42 -16 20 0 1
0.938228 0.5 -37.6953 -0.184107 -16.1634 -42 -16 20 0 1
0.962937 0.533333 -43.8477 -0.0920535 -16.1634 -42 -16 20 0 1
0.86221 0.5 -46.9238 -25.046 6.13463 -42 -16 20 0 1
0.86221 0.6 -23.4619 -12.523 6.13463 -42 -16 20 0 1
0.917326 0.533333 -36.731 -6.26151 6.13463 -42 -16 20 0 1
0.950396 0.633333 -43.3655 -3.13075 6.13463 -42 -16 20 0 1
0.970237 0.533333 -46.6827 -1.56538 6.13463 -42 -16 20 0 1
0.982142 0.633333 -48.3414 -0.782688 6.13463 -42 -16 20 0 1
0.989285 0.533333 -49.1707 -0.391344 6.13463 -42 -16 20 0 1
0.993571 0.633333 -49.5853 -0.195672 6.13463 -42 -16 20 0 1
0.993571 0.6 -24.7927 -0.097836 6.13463 -42 -16 20 0 1
0.993571 0.666667 -12.3963 -0.048918 6.13463 -42 -16 20 0 1
0.993571 0.666667 -6.19817 -0.024459 6.13463 -42 -16 20 0 1
0.993571 0.733333 -3.09908 -0.0122295 6.13463 -42 -16 20 0 1
0.993571 0.766667 -1.54954 -0.00611475 6.13463 -42 -16 20 0 1
0.993571 0.8 -0.774771 -0.00305738 6.13463 -42 -16 20 0 1
0.993571 0.866667 -0.387385 -0.00152869 6.13463 -42 -16 20 0 1
0.993571 0.866667 -0.193693 -0.000764344 6.13463 -42 -16 20 0 1
0.993571 0.9 -0.0968464 -0.000382172 6.13463 -42 -16 20 0 1
0.993571 0.9 -0.0484232 -0.000191086 6.13463 -42 -16 20 0 1
0.794857 0.9 -25.0242 -9.5543e-005 6.13463 -42 -16 20 0 1
0.794857 0.8 -12.5121 -4.77715e-005 6.13463 -42 -16 20 0 1
0.794857 0.8 -31.2561 -2.38858e-005 6.13463 -42 -16 20 0 1
0.635886 0.733333 -15.628 -1.19429e-005 6.13463 -42 -16 20 0 1
0.635886 0.7 -7.81401 -5.97144e-006 6.13463 -42 -16 20 0 1
0.781531 0.7 3.59299 -1.92308 -11.3461 -42 -16 20 0 1
0.50018 0.6 -0.703503 3.45022 -5.73846 -42 -16 20 0 1
0.320115 0.6 -2.94609 5.19733 -4.69538 -33 -4 39 0 1
0.522924 0.533333 -26.473 -22.4013 -1.87815 -33 -3 39 0 1
0.418339 0.6 -16.7365 -7.034 46.0487 -33 -3 39 0 1
0.267737 0.533333 -3.26622 -0.486697 -25.3805 -33 -3 39 0 1
0.528514 0.566667 -5.99702 1.803 34.8478 -33 -3 39 0 1
0.338249 0.566667 -5.05208 0.187215 13.3391 -28 4 48 0 1
0.529888 0.6 -27.526 -24.9064 -42.0644 -30 3 43 0 1
0.42391 0.566667 -4.90885 -8.93757 29.3743 -60 -14 -4 0 1
0.271302 0.566667 8.37891 -2.80212 -34.4503 -32 2 42 0 1
0.530225 0.633333 10.8221 -2.15864 10.8199 -31 2 43 0 1
0.654508 0.533333 12.5189 0.391271 -19.072 -29 3 43 0 1
0.714164 0.566667 19.7799 4.88314 42.1712 -26 5 49 0 1
0.742799 0.533333 23.1399 6.60823 -32.3315 -41 -8 20 0 1
0.853926 0.6 -13.43 -21.6959 37.4674 -41 -8 20 0 1
0.912356 0.533333 8.23063 -6.41246 16.187 -41 -8 20 0 1
0.837931 0.6 22.8653 4.38306 10.0748 -41 -8 20 0 1
0.721765 0.566667 -13.5673 -22.8085 5.22991 -38 -8 20 0 1
0.577412 0.6 13.2163 -2.14498 3.89197 -38 -8 20 0 1
0.621726 0.566667 -18.3918 -26.0725 2.15679 -38 -8 20 0 1
0.497381 0.533333 7.66455 -8.7259 -1.53729 -38 -8 20 0 1
0.318324 0.6 21.0942 -0.345093 -1.81491 -39 -9 20 0 1
0.203727 0.533333 33.2744 3.80473 -56.526 -40 -10 20 0 1
0.497789 0.6 23.874 8.48131 -5.21039 -38 -9 20 0 1
