148 5 1
0 0 18.1625 0 0 0
0 0 31.9487 0 0 0
0 0 25.559 0 0 0
0 0 26.4492 0 0 0
0 0 32.431 0 0 0
0 0 27.9158 0 0 0
0 0 40.9013 0 0 0
0 0 13.6406 0 0 0
0 0 16.6917 0 0 0
0 0 10.4132 0 0 0
0 0 4.30471 0 0 0
0 0 12.3835 0 0 0
0 0 18.5275 0 0 0
0 0 1.05149 0 0 0
0 0 7.98673 0 0 0
0 0 30.6768 0 0 0
0 0 3.76144 0 0 0
0 0 22.617 0 0 0
0 0 19.4635 0 0 0
0 0 28.6199 0 0 0
0 0 35.9912 0 0 0
0 0 44.9868 0 0 0
0 0 29.2929 0 0 0
0 0 13.3779 0 0 0
0 0 11.1317 0 0 0
0 0 0.919425 0 0 0
0 0 52.0153 0 0 0
0 0 51.6122 0 0 0
0 0 47.3941 0 0 0
0.266667 0 25.0886 0 0 0
0 0 44.0205 0 0 0
0 0 38.6584 0 0 0
0 0 19.2988 0 0 0
0 0 1.42142 0 0 0
0 0 3.78749 0 0 0
0 0 11.2557 0 0 0
0 0 25.6152 0 0 0
0 0 36.5758 0 0 0
0 0 10.1697 0 0 0
0 0 25.0277 0 0 0
0 0 10.0074 0 0 0
0 0 29.1545 0 0 0
0 0 38.9758 0 0 0
0 0 43.8881 0 0 0
0 0 29.1897 0 0 0
0 0 19.2031 0 0 0
0 0 2.68702 0 0 0
0 0 18.0885 0 0 0
0 0 3.47079 0 0 0
0 0 23.6883 0 0 0
0 0 28.8272 0 0 0
0 0 27.0424 0 0 0
0 0 27.724 0 0 0
0 0 38.4869 0 0 0
0 0 40.234 0 0 0
0 0 84.1661 0 0 0
0 0 66.1418 0 0 0
0 0 57.9461 0 0 0
0 0 51.2333 0 0 0
0.7 0 73.7161 0 0 0
0 0 67.5121 0 0 0
0 0 63.269 0 0 0
0 0 39.1266 0 0 0
0 0 21.2384 0 0 0
0 0 26.269 0 0 0
0 0 31.2119 0 0 0
0 0 40.6685 0 0 0
0 0 32.5348 0 0 0
0 0 39.5808 0 0 0
0 0 41.9056 0 0 0
0 0 32.6624 0 0 0
0 0 41.1356 0 0 0
0 0 5.83095 0 0 0
0 0 3.19211 0 0 0
0 0 8.13542 0 0 0
0 0 13.9911 0 0 0
0 0 20.2837 0 0 0
0 0 34.6547 0 0 0
0 0 20.7238 0 0 0
0 0 6.42276 0 0 0
0 0 23.1004 0 0 0
0 0 35.9707 0 0 0
0 0 14.9304 0 0 0
0 0 45.0325 0 0 0
0 0 69.9766 0 0 0
0 0 64.3567 0 0 0
0 0 54.4265 0 0 0
0 0 29.5665 0 0 0
0 0 3.66642 0 0 0
0.3 0 34.7513 0 0 0
0 0 11.2964 0 0 0
0 0 19.7716 0 0 0
0 0 11.562 0 0 0
0 0 3.52041 0 0 0
0 0 9.87847 0 0 0
0 0 16.249 0 0 0
0 0 28.7308 0 0 0
0 0 20.0861 0 0 0
0 0 23.7265 0 0 0
0 0 44.9176 0 0 0
0 0 54.6403 0 0 0
0 0 52.1281 0 0 0
0 0 59.3107 0 0 0
0 0 59.6905 0 0 0
0 0 47.7524 0 0 0
0 0 25.9212 0 0 0
0 0 29.786 0 0 0
0 0 30.6237 0 0 0
0 0 30.7152 0 0 0
0 0 59.3471 0 0 0
0 0 53.7995 0 0 0
0 0 38.8117 0 0 0
0 0 50.02 0 0 0
0 0 39.983 0 0 0
0 0 47.0717 0 0 0
0 0 1.07793 0 0 0
0 0 15.0467 0 0 0
0 0 22.2316 0 0 0
0 0 17.7853 0 0 0
0.0666667 0 4.34322 0 0 0
0 0 10.9458 0 0 0
0 0 10.0725 0 0 0
0 0 11.3474 0 0 0
0 0 9.07796 0 0 0
0 0 6.68097 0 0 0
0 0 8.67962 0 0 0
0 0 6.94369 0 0 0
0 0 4.89706 0 0 0
0 0 4.07998 0 0 0
0 0 2.56954 0 0 0
0 0 1.4604 0 0 0
0 0 0.543317 0 0 0
0 0 0.434654 0 0 0
0 0 0.277277 0 0 0
0 0 0.221822 0 0 0
0 0 0.177457 0 0 0
0 0 0.141966 0 0 0
0 0 7.69893 0 0 0
0 0 5.54939 0 0 0
0 0 4.43951 0 0 0
0 0 45.3806 0 0 0
0 0 35.7231 0 0 0
0 0 71.3236 0 0 0
0 0 55.3735 0 0 0
0 0 45.4224 0 0 0
0 0 76.2804 0 0 0
0 0 130.341 0 0 0
0 0 141.482 0 0 0
