93 5 1
0 0 2.85251 0 0 0
0 0 4.8888 0 0 0
0 0 3.31164 0 0 0
0 0 6.27599 0 0 0
0 0 8.54352 0 0 0
0 0 8.87563 0 0 0
0 0 6.33992 0 0 0
0 0 9.96248 0 0 0
0 0 10.527 0 0 0
0 0 10.2073 0 0 0
0 0 27.1381 0 0 0
0 0 21.7483 0 0 0
0 0 16.4727 0 0 0
0 0 9.54741 0 0 0
0 0 7.62865 0 0 0
0 0 6.10292 0 0 0
0 0 3.12795 0 0 0
0 0 2.04309 0 0 0
0 0 5.14324 0 0 0
0 0 7.87617 0 0 0
0 0 7.09412 0 0 0
0 0 11.146 0 0 0
0 0 9.67119 0 0 0
0 0 25.6365 0 0 0
0 0 50.9939 0 0 0
0 0 34.7345 0 0 0
0 0 20.9345 0 0 0
0 0 15.5191 0 0 0
0 0 7.33051 0 0 0
-3.08532e+060 0 0.572221 0 0 0
0 0 6.49226 0 0 0
0 0 8.07734 0 0 0
0 0 13.7199 0 0 0
0 0 14.5355 0 0 0
0 0 17.2242 0 0 0
0 0 21.5502 0 0 0
0 0 32.7598 0 0 0
0 0 20.2099 0 0 0
0 0 12.8935 0 0 0
0 0 7.506 0 0 0
0 0 2.19192 0 0 0
0 0 0.959888 0 0 0
0 0 1.52549 0 0 0
0 0 4.16157 0 0 0
0 0 10.0457 0 0 0
0 0 8.03654 0 0 1
0 0 22.956 0 0 1
0 0 30.2005 0 0 1
0 0 24.1604 0 0 1
0 0 36.2401 0 0 1
0 0 34.9921 0 0 1
0 0 22.0063 0 0 1
0 0 19.811 0 0 1
0 0 11.2191 0 0 1
0 0 3.97378 0 0 1
0 0 10.865 0 0 1
0 0 14.7526 0 0 1
0 0 15.3232 0 0 1
0 0 14.4644 0 0 1
0.0666667 0 24.6553 0 0 1
0 0 30.2758 0 0 1
0 0 24.2206 0 0 1
0 0 15.0287 0 0 1
0 0 10.8601 0 0 1
0 0 8.68812 0 0 1
0 0 0.430884 0 0 1
0 0 6.68654 0 0 1
0 0 10.3492 0 0 1
0 0 14.0765 0 0 1
0 0 17.7829 0 0 1
0 0 18.704 0 0 1
0 0 18.5995 0 0 1
0 0 21.4014 0 0 1
0 0 23.0034 0 0 1
0 0 18.4028 0 0 1
0 0 20.6046 0 0 1
0 0 20.8315 0 0 1
0 0 18.9729 0 0 1
0 0 17.3842 0 0 1
0 0 18.4444 0 0 1
0 0 17.9301 0 0 1
0 0 16.55 0 0 1
0 0 13.9862 0 0 1
0 0 15.8765 0 0 1
0 0 13.4475 0 0 1
0 0 15.758 0 0 1
0 0 18.631 0 0 1
0 0 17.846 0 0 1
0 0 10.5454 0 0 1
0.0333333 0 4.02458 0 0 1
0 0 7.36082 0 0 1
0 0 33.131 0 0 1
0 0 16.0693 0 0 1
