898 8 1
0.847957 0.633333 -25.6595 -25.0732 -0.939983 0 0 0 0
0.908774 0.6 -21.0335 -17.3443 -0.939983 0 0 0 0
0.748969 0.6 -35.5168 -33.6722 1.44801 0 0 0 0
0.849382 0.6 -7.53289 -20.2655 1.44801 0 0 0 0
0.807703 0.6 -12.6079 -12.4476 1.44801 0 0 0 0
0.787697 0.533333 6.30418 -7.26544 -0.841589 0 0 0 0
0.866857 0.633333 -21.8479 -28.6327 -1.07327 0 0 0 0
0.816091 0.533333 -35.924 -39.3164 -1.07327 0 0 0 0
0.889655 0.566667 -23.7188 -22.8989 1.34138 0 0 0 0
0.741627 0.533333 -36.8594 -36.4495 1.07311 0 0 0 0
0.906986 0.566667 -43.4297 -43.2247 1.07311 0 0 0 0
0.966515 0.533333 -46.7149 -46.6124 1.05848 0 0 0 0
0.987945 0.6 -48.3574 -48.3062 -2.15321 0 0 0 0
0.874214 0.533333 -49.1787 -49.1531 -2.15321 0 0 0 0
0.924528 0.566667 -38.5775 -28.5685 -0.12257 0 0 0 0
0.591698 0.533333 -31.4296 -18.586 -0.12257 0 0 0 0
0.627212 0.566667 -40.7148 -34.293 1.30194 0 0 0 0
0.865796 0.6 -45.3574 -42.1465 0.241555 0 0 0 0
0.919478 0.566667 -47.6787 -46.0733 -1.60676 0 0 0 0
0.841349 0.566667 -48.8394 -35.5366 -1.60676 0 0 0 0
0.803848 0.533333 -49.4197 -17.7683 -1.60676 0 0 0 0
0.785847 0.566667 -49.7098 -33.8842 -1.4854 0 0 0 0
0.871508 0.5 -49.8549 -16.9421 -1.4854 0 0 0 0
0.871508 0.566667 -26.1775 -8.47104 -1.4854 0 0 0 0
0.818324 0.533333 -38.0887 -4.23552 -1.4854 0 0 0 0
0.654659 0.566667 -44.0444 -2.11776 -1.4854 0 0 0 0
0.523727 0.566667 -47.0222 -1.05888 -1.4854 0 0 0 0
0.714236 0.533333 -48.5111 -0.52944 -1.4854 0 0 0 0
0.714236 0.566667 -19.2555 2.23528 -1.4854 0 0 0 1
0.571389 0.5 -9.62777 1.11764 -1.4854 0 0 0 1
0.571389 0.6 -4.81389 0.55882 -1.4854 0 0 0 1
0.571389 0.6 -2.40694 0.27941 -1.4854 0 0 0 1
0.571389 0.6 -1.20347 0.139705 -1.4854 0 0 0 1
0.571389 0.6 18.0087 0.0698525 -1.4854 0 0 0 1
0.457111 0.5 9.00434 0.0349263 -1.4854 0 0 0 1
0.457111 0.6 4.50217 0.0174631 -1.4854 0 0 0 1
0.457111 0.533333 2.25109 0.00873156 -1.4854 0 0 0 1
0.457111 0.6 17.5839 0.00436578 -1.4854 0 0 0 1
0.365689 0.533333 8.79194 0.00218289 -1.4854 0 0 0 1
0.365689 0.566667 -20.604 0.00109145 -1.4854 0 0 0 1
0.575531 0.533333 -35.302 0.000545723 -1.4854 0 0 0 1
0.460425 0.5 -42.651 0.000272861 -1.4854 0 0 0 1
0.676255 0.566667 -46.3255 0.000136431 -1.4854 0 0 0 1
0.541004 0.5 -48.1628 6.82153e-005 -1.4854 0 0 0 1
0.724602 0.566667 -49.0814 3.41077e-005 -1.4854 0 0 0 1
0.724602 0.5 -34.9574 1.70538e-005 -1.4854 0 0 0 1
0.678247 0.566667 -42.4787 -25 -1.4854 0 0 0 1
0.678247 0.533333 -21.2393 -12.5 -1.4854 0 0 0 1
0.542598 0.566667 -35.6197 -6.25 -1.4854 0 0 0 1
0.725559 0.533333 -42.8098 -3.125 -1.4854 0 0 0 1
0.835335 0.566667 -5.76794 -8.03571 -1.4854 0 0 0 1
0.800961 0.566667 -27.884 -4.01786 -1.4854 0 0 0 1
0.800961 0.566667 -13.942 -2.00893 -1.4854 0 0 0 1
0.880577 0.6 -31.971 -1.00446 -1.4854 0 0 0 1
0.928346 0.6 -40.9855 -7.82982 -1.4854 0 0 0 1
0.742677 0.566667 -20.4927 -3.91491 -1.4854 0 0 0 1
0.845606 0.6 -18.5797 -4.63603 -1.4854 0 0 0 1
0.676485 0.633333 -9.28985 -2.31801 -1.4854 0 0 0 1
0.541188 0.6 -29.6449 -4.06079 0.811676 0 0 0 1
0.34636 0.666667 -39.8225 -27.0304 0.811676 0 0 0 1
0.566253 0.566667 -44.9112 -13.5152 0.811676 0 0 0 1
0.453002 0.6 -47.4556 -19.2576 2.24934 0 0 0 1
0.617441 0.5 -48.7278 -21.4709 -0.800527 0 0 0 1
0.395162 0.6 -49.3639 -35.7355 2.95958 0 0 0 1
0.252904 0.533333 -5.26529 -22.3549 6.96766 0 0 0 1
0.161858 0.566667 4.86736 -16.6396 5.97413 0 0 0 1
0.103589 0.566667 -12.5663 -10.8198 5.97413 0 0 0 1
0.0662972 0.6 12.613 -5.11751 5.97413 0 0 0 1
0.425458 0.566667 -18.6935 -27.5588 5.97413 0 0 0 1
0.340367 0.566667 -23.8354 -16.2794 5.97413 0 0 0 1
0.738026 0.566667 -36.9177 -33.1397 5.97413 0 0 0 1
0.842815 0.533333 -22.4709 -19.5552 5.97413 0 0 0 1
0.804551 0.633333 -22.1001 -13.0671 5.97413 0 0 0 1
0.871711 0.533333 -36.05 -31.5335 5.97413 0 0 0 1
0.923026 0.6 -24.021 -19.5168 5.97413 0 0 0 1
0.754442 0.633333 -37.0105 -34.7584 5.97413 0 0 0 1
0.852665 0.6 -24.1302 -21.0829 5.97413 0 0 0 1
0.809279 0.6 -8.15999 -15.3455 5.7793 0 0 0 1
0.788454 0.6 -8.06936 -12.1082 -2.17656 0 0 0 1
0.778458 0.6 0.965321 -10.8335 -2.17656 0 0 0 1
0.498213 0.533333 -14.934 -5.41676 -2.17656 0 0 0 1
0.639142 0.566667 -32.467 -10.5987 -2.17656 0 0 0 1
0.409051 0.533333 -41.2335 -9.65201 -2.17656 0 0 0 1
0.261793 0.566667 -45.6168 -4.51736 -2.17656 0 0 0 1
0.167547 0.533333 -47.8084 -1.09797 -2.17656 0 0 0 1
0.480423 0.566667 -48.9042 -1.68535 -2.17656 0 0 0 1
0.630603 0.5 -30.4777 -0.842673 -2.17656 0 0 0 1
0.504482 0.6 -40.2389 -0.421337 -2.17656 0 0 0 1
0.403586 0.566667 -17.6573 0.641605 -2.17656 0 0 0 1
0.322869 0.566667 -8.51616 0.968951 -2.17656 0 0 0 1
0.258295 0.6 -29.2581 0.484476 -2.17656 0 0 0 1
0.258295 0.533333 -14.629 0.242238 -2.17656 0 0 0 1
0.206636 0.6 -32.3145 -2.48305 -2.17656 0 0 0 1
0.165309 0.533333 -16.1573 -1.24152 -2.17656 0 0 0 1
0.499185 0.6 -33.0786 4.37924 -2.34125 0 0 0 1
0.399348 0.566667 -16.5393 2.18962 -2.34125 0 0 0 1
0.399348 0.6 -8.26966 1.09481 -2.34125 0 0 0 1
0.399348 0.6 -4.13483 0.547405 -2.34125 0 0 0 1
0.399348 0.566667 -27.0674 0.273702 -2.34125 0 0 0 1
0.319479 0.6 -13.5337 0.136851 -2.34125 0 0 0 1
0.319479 0.533333 -6.76685 0.0684256 -2.34125 0 0 0 1
0.591687 0.6 -28.3834 0.0342128 -2.34125 0 0 0 1
0.755012 0.566667 -39.1917 1.91928 -2.273 0 0 0 1
0.483208 0.633333 -44.5959 0.95964 -2.273 0 0 0 1
0.689925 0.566667 -26.0182 0.47982 -2.273 0 0 0 1
0.55194 0.533333 -38.0091 0.23991 -2.273 0 0 0 1
0.441552 0.566667 -35.2545 -6.13004 5.1816 0 0 0 1
0.569556 0.533333 -42.6273 -28.065 5.1816 0 0 0 1
0.455645 0.533333 -39.9034 -17.9388 5.1816 0 0 0 1
0.291613 0.533333 -15.6375 -8.96938 5.1816 0 0 0 1
0.539974 0.533333 -32.8187 -29.4847 5.1816 0 0 0 1
0.431979 0.5 2.34063 -13.4923 5.1816 0 0 0 1
0.276467 0.566667 -6.71092 -10.6666 5.1816 0 0 0 1
0.176939 0.533333 2.94084 -7.21633 4.14528 0 0 0 1
0.113241 0.566667 -16.8629 -2.98316 4.14528 0 0 0 1
0.454356 0.6 7.63997 2.88342 4.14528 0 0 0 1
0.290788 0.533333 -21.18 -1.84776 2.91623 0 0 0 1
0.186104 0.6 -25.1733 -1.25283 2.91623 0 0 0 1
0.119107 0.533333 -1.69903 -4.7152 2.91623 0 0 0 1
0.0762282 0.6 11.6213 1.3924 2.91623 0 0 0 1
0.0487861 0.5 -5.64769 -1.38713 2.91623 0 0 0 1
0.0312231 0.6 9.35564 1.28731 2.91623 0 0 0 1
0.41199 0.5 -20.3222 -24.3563 2.91623 0 0 0 1
0.329592 0.6 -17.8698 -8.981 2.91623 0 0 0 1
0.210939 0.5 6.52334 -5.35303 2.91623 0 0 0 1
0.481 0.6 -21.7383 -27.6765 2.91623 0 0 0 1
0.3848 0.5 5.3249 -15.8099 3.13298 0 0 0 1
0.584704 0.6 17.7327 -0.404951 3.13298 0 0 0 1
0.374211 0.5 14.4585 -0.202476 3.13298 0 0 0 0
0.239495 0.6 10.1459 -1.79767 2.70638 0 0 0 0
0.153277 0.5 18.1682 -4.02383 2.70638 0 0 0 0
0.458858 0.6 -15.9159 -27.0119 2.70638 0 0 0 0
0.675315 0.533333 -21.708 -20.9134 -4.63489 0 0 0 0
0.724151 0.6 -35.854 -35.4567 -0.707914 0 0 0 0
0.747593 0.566667 -42.927 -20.2581 -0.707914 0 0 0 0
0.478459 0.566667 -46.4635 -10.1291 -0.707914 0 0 0 0
0.478459 0.6 -6.74468 -5.06453 -0.707914 0 0 0 0
0.306214 0.533333 7.34195 -11.9073 -0.707914 0 0 0 0
0.244971 0.6 3.67097 -5.95363 -0.707914 0 0 0 0
0.244971 0.533333 1.83549 -2.97682 -0.707914 0 0 0 0
0.244971 0.566667 10.6116 -1.48841 -0.707914 0 0 0 0
0.156782 0.533333 21.3772 -0.744204 -0.707914 0 0 0 0
0.156782 0.566667 10.6886 -0.372102 -0.707914 0 0 0 0
0.156782 0.6 19.0943 -0.186051 -0.707914 0 0 0 0
0.125425 0.566667 9.54715 -0.0930255 -0.707914 0 0 0 0
0.475255 0.566667 16.8425 -3.46913 -6.16633 0 0 0 0
0.304163 0.6 16.2974 9.51543 -6.16633 0 0 0 0
0.194665 0.566667 -16.8513 -9.82562 -6.16633 0 0 0 0
0.124585 0.533333 -13.4852 -4.91281 -6.16633 0 0 0 1
0.124585 0.6 -6.74258 -2.4564 -6.16633 0 0 0 1
0.0996682 0.533333 -28.3713 -8.2282 -6.16633 0 0 0 1
0.0797346 0.566667 -14.1856 -4.1141 -6.16633 0 0 0 1
0.447841 0.533333 -32.0928 -2.05705 -6.16633 0 0 0 1
0.668704 0.566667 -38.7027 -4.15353 -0.733065 0 0 0 1
0.427971 0.533333 -44.3513 -14.5768 -0.733065 0 0 0 1
0.273901 0.6 -47.1757 -7.28838 -0.733065 0 0 0 1
0.564341 0.5 -33.1116 -3.64419 -0.733065 0 0 0 1
0.738604 0.6 -37.2589 -5.98876 -0.733065 0 0 0 1
0.472707 0.533333 -2.18602 -3.49661 3.41355 0 0 0 1
0.302532 0.566667 -26.093 -1.74831 3.41355 0 0 0 1
0.242026 0.566667 -38.0465 -11.6696 3.53084 0 0 0 1
0.516172 0.566667 -5.38007 -10.759 2.22467 0 0 0 1
0.788658 0.566667 -27.69 -30.3795 1.97974 0 0 0 1
0.630926 0.566667 -30.095 -19.2339 1.78379 0 0 0 1
0.403793 0.6 -29.2142 -13.5455 1.22703 0 0 0 1
0.258427 0.5 -39.6071 -8.71969 1.38163 0 0 0 1
0.165393 0.6 -44.8035 -8.86435 0.7053 0 0 0 1
0.687633 0.566667 -47.4018 -29.4322 1.16424 0 0 0 1
0.550107 0.6 -14.5342 -10.9661 1.16424 0 0 0 1
0.352068 0.566667 0.23289 -2.98304 0.931392 0 0 0 1
0.225324 0.666667 16.4938 2.09644 0.931392 0 0 0 1
0.180259 0.566667 -6.75312 0.621799 0.345114 0 0 0 1
0.115366 0.633333 -19.0742 -1.72398 -6.32391 0 0 0 1
0.0738341 0.666667 2.32186 -1.99836 -6.32391 0 0 0 1
0.428352 0.6 -23.8391 -25.9992 -6.32391 0 0 0 1
0.342682 0.6 -0.0774304 -13.6575 -6.32391 0 0 0 1
0.53159 0.633333 -25.0387 -31.8287 -6.32391 0 0 0 1
0.655163 0.6 -37.5194 -40.9144 -6.32391 0 0 0 1
0.793098 0.566667 -15.8745 -23.6063 2.34087 0 0 0 1
0.868412 0.666667 -32.9372 -36.8032 1.6727 0 0 0 1
0.952628 0.633333 -41.4686 -43.4016 -0.661842 0 0 0 1
0.971577 0.633333 -16.93 -21.8851 -1.72947 0 0 0 1
0.621809 0.633333 -5.90088 -12.8656 -1.72947 0 0 0 1
0.698468 0.633333 12.408 -16.0161 -1.18358 0 0 0 1
0.558775 0.6 6.204 -8.00807 -1.18358 0 0 0 1
0.558775 0.533333 3.102 -4.00403 -1.18358 0 0 0 1
0.44702 0.6 1.01908 -2.00202 -1.18358 0 0 0 1
0.44702 0.6 0.509542 -1.00101 -1.18358 0 0 0 1
0.44702 0.633333 0.254771 -0.500504 -1.18358 0 0 0 1
0.44702 0.7 7.62739 4.12475 -1.18358 0 0 0 1
0.357616 0.6 3.81369 2.06237 -1.18358 0 0 0 1
0.357616 0.666667 1.90685 1.03119 -1.18358 0 0 0 1
0.357616 0.566667 8.71204 0.515593 -1.18358 0 0 0 1
0.286093 0.666667 19.7145 0.257797 -1.18358 0 0 0 0
0.228874 0.666667 21.5239 0.128898 -1.18358 0 0 0 0
0.183099 0.7 10.7619 0.0644492 -1.18358 0 0 0 0
0.183099 0.6 20.0361 0.0322246 -1.18358 0 0 0 1
0.146479 0.6 10.0181 0.0161123 -1.18358 0 0 0 1
0.117184 0.666667 -7.49096 -11.2419 -1.18358 0 0 0 1
0.0937469 0.6 -28.7455 -5.62097 -1.18358 0 0 0 1
0.0749975 0.666667 -2.9597 -2.81049 -1.18358 0 0 0 1
0.059998 0.6 -26.4798 -1.40524 -1.18358 0 0 0 1
0.0479984 0.6 -2.82326 -0.702621 -1.18358 0 0 0 1
0.0383987 0.533333 12.8125 -0.351311 -1.18358 0 0 0 1
0.030719 0.6 22.6081 -0.175655 -1.18358 0 0 0 1
0.414745 0.566667 -13.696 -13.2457 -3.94686 0 0 0 1
0.599078 0.633333 -31.848 -31.6229 1.04251 0 0 0 1
0.38341 0.6 -13.7898 -19.9781 1.04251 0 0 0 1
0.547229 0.7 -31.8949 -34.989 0.634008 0 0 0 1
0.437783 0.6 -40.9475 -17.4945 0.634008 0 0 0 1
0.610136 0.633333 -45.4737 -33.7473 0.634008 0 0 0 1
0.692865 0.6 -47.7369 -41.8736 0.634008 0 0 0 1
0.889432 0.633333 -48.8684 -45.9368 2.90721 0 0 0 1
0.933659 0.533333 -30.4288 -26.0101 2.90721 0 0 0 1
0.848156 0.6 -20.3197 -14.8449 2.32577 0 0 0 1
0.884269 0.566667 -35.1598 -32.4224 1.66061 0 0 0 1
0.930561 0.6 -15.1409 -17.8138 1.12849 0 0 0 1
0.846669 0.6 3.45897 -7.17078 1.12849 0 0 0 1
0.883841 0.6 -23.2705 -28.5854 1.30279 0 0 0 1
0.930304 0.6 -25.8794 -16.6576 0.642233 0 0 0 1
0.846546 0.566667 -25.9953 -10.6436 0.642233 0 0 0 1
0.883805 0.6 -37.9976 -30.3218 0.913787 0 0 0 1
0.824227 0.533333 -43.9988 -40.1609 -1.06897 0 0 0 1
0.936722 0.566667 -46.9994 -45.0804 -1.06897 0 0 0 1
0.97722 0.533333 -48.4997 -47.5402 -1.05518 0 0 0 1
0.869066 0.533333 -49.2499 -48.7701 -1.05518 0 0 0 1
0.921439 0.533333 -40.132 -23.6708 -1.05518 0 0 0 1
0.753833 0.533333 -45.066 -36.8354 0.155859 0 0 0 1
0.76184 0.6 -47.533 -43.4177 0.155859 0 0 0 1
0.914262 0.6 -48.7665 -46.7088 0.524687 0 0 0 1
0.73141 0.6 -11.5696 -23.8009 -0.38025 0 0 0 1
0.751077 0.566667 -14.9515 -11.0148 0.2958 0 0 0 1
0.480689 0.633333 -4.48429 -4.14991 0.23664 0 0 0 1
0.630731 0.6 -15.5944 -5.82496 -9.21069 0 0 0 1
0.821651 0.6 -32.7972 -27.9125 1.63145 0 0 0 1
0.935794 0.6 -41.3986 -38.9562 2.30516 0 0 0 1
0.961477 0.633333 -10.4952 -21.4518 0.244127 0 0 0 1
0.615345 0.533333 -5.7157 -10.6945 0.244127 0 0 0 1
0.393821 0.6 1.37009 -0.455959 0.195302 0 0 0 0
0.589034 0.6 -24.315 -0.227979 0.195302 0 0 0 0
0.589034 0.6 -12.1575 -0.11399 0.195302 0 0 0 0
0.471227 0.6 0.538908 2.11692 -1.24376 0 0 0 0
0.626189 0.566667 -11.1194 -0.793393 -8.19501 0 0 0 0
0.500951 0.6 -8.00537 -0.396696 -8.19501 0 0 0 0
0.320609 0.5 -16.212 -5.6419 -3.95601 0 0 0 0
0.553892 0.6 -5.85797 -6.42554 -3.95601 0 0 0 0
0.443114 0.5 -5.2249 -3.21277 -3.95601 0 0 0 0
0.612695 0.6 -13.7827 -0.2671 1.4352 0 0 0 0
0.694093 0.533333 0.846763 -2.69765 1.4352 0 0 0 0
0.733165 0.566667 6.30573 0.00986943 1.4352 0 0 0 0
0.751919 0.566667 8.63232 4.34167 1.4352 0 0 0 0
0.760921 0.533333 11.6078 0.481646 1.4352 0 0 0 0
0.765242 0.566667 11.8803 5.18874 1.4352 0 0 0 0
0.767316 0.6 12.374 9.38785 1.4352 0 0 0 0
0.768312 0.533333 12.0693 12.8461 1.4352 0 0 0 0
0.861274 0.6 -18.9653 -18.577 1.4352 0 0 0 0
0.950059 0.6 -34.4827 -34.2885 1.4352 0 0 0 0
0.970035 0.666667 -12.4619 -13.3399 1.4352 0 0 0 0
0.620822 0.666667 -1.03616 -3.48367 1.4352 0 0 0 0
0.397326 0.666667 4.44516 5.86686 1.4352 0 0 0 0
0.590717 0.666667 7.14682 8.55843 1.4352 0 0 0 0
0.810126 0.6 -21.4266 -20.7208 1.4352 0 0 0 0
0.931645 0.666667 -35.7133 -35.3604 1.4352 0 0 0 0
0.958987 0.566667 -12.743 -17.958 1.4352 0 0 0 0
0.860314 0.6 -1.60177 -7.97899 1.4352 0 0 0 0
0.812951 0.5 4.23643 1.28828 1.4352 0 0 0 0
0.520288 0.6 7.4491 7.43762 1.4352 0 0 0 0
0.649738 0.5 12.7671 2.75727 1.4352 0 0 0 0
0.711874 0.6 10.9791 8.17211 1.4352 0 0 0 0
0.4556 0.6 10.0852 10.8795 1.4352 0 0 0 0
0.771213 0.7 -19.9574 -19.5602 1.4352 0 0 0 0
0.862728 0.633333 -4.09636 -11.954 1.4352 0 0 0 0
0.552146 0.733333 2.91506 -3.25962 1.4352 0 0 0 0
0.612024 0.733333 -23.5425 -26.6298 1.4352 0 0 0 0
0.767214 0.7 -12.4123 -14.4947 1.4352 0 0 0 0
0.860958 0.733333 -31.2061 -32.2473 1.4352 0 0 0 0
0.916575 0.666667 -24.6423 -12.8073 -6.65184 0 0 0 0
0.586608 0.666667 -5.48152 -8.04841 -6.65184 0 0 0 0
0.375429 0.566667 -8.59182 1.88489 -6.65184 0 0 0 0
0.580206 0.633333 -0.309426 -3.44945 0.478526 0 0 0 0
0.580206 0.533333 -0.154713 -1.72472 0.478526 0 0 0 0
0.371332 0.6 -5.56516 -5.32665 -4.61718 0 0 0 0
0.578239 0.533333 0.84131 -6.50948 -0.0937435 0 0 0 0
0.677555 0.6 4.58732 -7.76863 -0.0937435 0 0 0 0
0.725226 0.566667 8.11558 -3.88431 -1.87499 0 0 0 0
0.848865 0.6 -20.9422 -26.9422 4.5 0 0 0 0
0.679092 0.6 -2.5346 -9.60203 1.4 0 0 0 0
0.543274 0.6 -1.2673 -4.80102 1.4 0 0 0 0
0.543274 0.6 -0.63365 -2.40051 1.4 0 0 0 0
0.725964 0.6 1.44473 -4.53359 1.4 0 0 0 0
0.748463 0.566667 6.02734 -5.24409 1.32 0 0 0 0
0.759262 0.6 -1.98633 -6.65079 1.32 0 0 0 0
0.858667 0.6 -25.9932 -28.3254 1.32 0 0 0 0
0.858667 0.6 -12.9966 -14.1627 1.32 0 0 0 0
0.81216 0.6 -31.4983 -32.0813 0.656002 0 0 0 0
0.649728 0.633333 -14.2081 -19.2802 0.656002 0 0 0 0
0.649728 0.633333 -7.10405 -9.64008 0.656002 0 0 0 0
0.71187 0.633333 7.65487 -10.6236 -2.4752 0 0 0 0
0.71187 0.666667 3.82744 -5.31181 -2.4752 0 0 0 0
0.741697 0.666667 -1.74482 -5.43368 -1.78016 0 0 0 0
0.756015 0.666667 6.30844 1.67505 -1.78016 0 0 0 0
0.756015 0.666667 3.15422 0.837526 -1.78016 0 0 0 0
0.756015 0.666667 1.57711 0.418763 -1.78016 0 0 0 0
0.756015 0.733333 0.788555 0.209381 -1.78016 0 0 0 0
0.756015 0.733333 0.394278 0.104691 -1.78016 0 0 0 0
0.483849 0.8 4.69926 -1.58343 1.37587 0 0 0 0
0.483849 0.7 2.34963 -0.791717 1.37587 0 0 0 0
0.309664 0.7 10.6576 -1.25793 1.5007 0 0 0 0
0.198185 0.7 13.1413 -1.98032 1.5007 0 0 0 0
0.495129 0.7 13.4855 -2.27221 1.5007 0 0 0 0
0.637662 0.633333 13.774 -1.77713 1.5007 0 0 0 0
0.706078 0.633333 13.4087 -0.559618 1.5007 0 0 0 0
0.738917 0.6 16.2438 -0.444283 1.5007 0 0 0 0
0.75468 0.7 15.86 -2.365 1.5007 0 0 0 0
0.762247 0.6 14.7008 0.420065 1.5007 0 0 0 0
0.765878 0.666667 14.2653 -0.831634 1.5007 0 0 0 0
0.767622 0.6 14.4243 -2.49915 1.5007 0 0 0 0
0.768458 0.666667 11.8078 3.09825 1.5007 0 0 0 0
0.861316 0.666667 -19.0961 -23.4509 1.5007 0 0 0 0
0.91679 0.6 -2.10125 -14.156 1.5007 0 0 0 0
0.840059 0.6 6.76187 -9.16133 1.5007 0 0 0 0
0.537638 0.7 10.6726 -7.62121 1.5007 0 0 0 0
0.658066 0.7 12.8884 -5.45534 1.5007 0 0 0 0
0.715872 0.766667 13.4754 -2.72767 1.5007 0 0 0 0
0.458158 0.766667 11.1495 3.79921 1.5007 0 0 0 0
0.293221 0.766667 11.8247 -1.06092 1.5007 0 0 0 0
0.293221 0.833333 5.91237 -0.530461 1.5007 0 0 0 0
0.293221 0.866667 2.95619 -0.265231 1.5007 0 0 0 0
0.293221 0.866667 1.47809 -0.132615 1.5007 0 0 0 0
0.293221 0.866667 0.739046 -0.0663076 1.5007 0 0 0 0
0.293221 0.9 0.369523 -0.0331538 1.5007 0 0 0 0
0.293221 0.9 0.184762 -0.0165769 1.5007 0 0 0 0
0.512597 0.9 -24.9076 -25.0083 1.5007 0 0 0 0
0.410078 0.866667 -6.9593 -14.7019 1.5007 0 0 0 0
0.26245 0.866667 -6.60465 -8.38707 1.5007 0 0 0 0
0.715585 0.766667 -28.3023 -29.1935 1.5007 0 0 0 0
0.743481 0.766667 -39.1512 -39.5968 1.5007 0 0 0 0
0.594785 0.766667 -15.5171 -13.9726 1.5007 0 0 0 0
0.380662 0.733333 -12.5458 -6.17315 1.5007 0 0 0 0
0.582718 0.666667 -2.31971 0.0632609 1.5007 0 0 0 0
0.679705 0.633333 -4.36498 -0.895404 1.5007 0 0 0 0
0.435011 0.666667 -6.54296 3.56883 1.5007 0 0 0 0
0.608805 0.7 -5.77148 4.89047 1.5007 0 0 0 0
0.389635 0.733333 1.92779 -0.543894 1.5007 0 0 0 0
0.249367 0.633333 -0.560494 -2.56696 1.5007 0 0 0 0
0.495757 0.666667 -25.2802 -26.2835 1.5007 0 0 0 0
0.396605 0.666667 -10.4403 -7.17058 1.5007 0 0 0 0
0.590371 0.633333 -2.47493 1.93809 1.5007 0 0 0 0
0.683378 0.666667 2.33396 0.0761884 1.5007 0 0 0 0
0.728021 0.633333 5.68114 -1.74762 1.5007 0 0 0 0
0.84967 0.633333 -22.1594 -25.8738 1.5007 0 0 0 0
0.945881 0.6 -36.0797 -37.9369 1.5007 0 0 0 0
0.967529 0.633333 -10.7482 -19.9553 1.5007 0 0 0 0
0.864414 0.6 1.80676 -11.0689 1.5007 0 0 0 0
0.864414 0.666667 0.903378 -5.53446 1.5007 0 0 0 0
0.814919 0.7 16.7017 -8.35607 -3.99944 0 0 0 0
0.814919 0.633333 8.35084 -4.17804 -3.99944 0 0 0 0
0.712929 0.666667 -20.8246 -27.089 2.20045 0 0 0 0
0.896654 0.6 -35.4123 -38.5445 4.16036 0 0 0 0
0.962796 0.633333 -42.7061 -44.2723 4.16036 0 0 0 0
0.962796 0.6 -21.3531 -22.1361 4.16036 0 0 0 0
0.962796 0.6 -10.6765 -11.0681 4.16036 0 0 0 0
0.986606 0.6 -30.3383 -30.534 -4.87171 0 0 0 0
0.986606 0.633333 -15.1691 -15.267 -4.87171 0 0 0 0
0.986606 0.6 -7.58457 -7.63351 -4.87171 0 0 0 0
0.986606 0.7 -3.79228 -3.81675 -4.87171 0 0 0 0
0.873571 0.7 -26.8961 -26.9084 0.702629 0 0 0 0
0.873571 0.7 -13.4481 -13.4542 0.702629 0 0 0 0
0.819314 0.7 -31.724 -31.7271 0.562103 0 0 0 0
0.655451 0.7 -7.10003 -15.5163 -3.15032 0 0 0 0
0.714617 0.6 2.64618 -12.6689 -4.12025 0 0 0 0
0.84581 0.7 -23.6769 -31.3344 -4.12025 0 0 0 0
0.805989 0.633333 -36.8385 -40.6672 1.5038 0 0 0 0
0.805989 0.6 -18.4192 -20.3336 1.5038 0 0 0 0
0.930156 0.7 -34.2096 -35.1668 1.5038 0 0 0 0
0.744125 0.6 -8.60481 -14.0001 -3.79696 0 0 0 0
0.744125 0.6 -4.3024 -7.00003 -3.79696 0 0 0 0
0.744125 0.6 -2.1512 -3.50002 -3.79696 0 0 0 0
0.5953 0.7 -1.0756 -1.75001 -3.79696 0 0 0 0
0.5953 0.633333 -0.5378 -0.875004 -3.79696 0 0 0 0
0.5953 0.733333 -0.2689 -0.437502 -3.79696 0 0 0 0
0.47624 0.733333 8.05521 -2.05699 2.16243 0 0 0 0
0.582876 0.633333 -20.9724 -26.0285 2.16243 0 0 0 0
0.582876 0.733333 -10.4862 -13.0142 2.16243 0 0 0 0
0.466301 0.733333 -18.8069 -9.34803 2.16243 0 0 0 0
0.466301 0.666667 -9.40346 -4.67402 2.16243 0 0 0 0
0.623824 0.733333 11.3239 1.58927 2.16243 0 0 0 0
0.399248 0.666667 0.548318 -2.65364 -1.67006 0 0 0 0
0.399248 0.633333 0.274159 -1.32682 -1.67006 0 0 0 0
0.399248 0.633333 0.13708 -0.66341 -1.67006 0 0 0 0
0.255518 0.733333 6.45152 0.149064 6.66396 0 0 0 0
0.163532 0.633333 9.8747 0.31963 5.53116 0 0 0 0
0.10466 0.7 11.4478 8.19553 5.53116 0 0 0 0
0.0669826 0.666667 10.6871 8.82749 5.53116 0 0 0 0
0.432152 0.666667 10.3068 7.67462 5.53116 0 0 0 0
0.607433 0.733333 9.38134 9.00035 5.53116 0 0 0 0
0.691568 0.7 8.91861 9.93496 5.53116 0 0 0 0
0.731952 0.666667 9.79019 10.1305 5.53116 0 0 0 0
0.850802 0.733333 -20.1049 -19.9347 5.53116 0 0 0 0
0.910481 0.733333 -4.27926 -7.69464 5.53116 0 0 0 0
0.728385 0.733333 -2.13963 -3.84732 5.53116 0 0 0 0
0.728385 0.666667 -1.06981 -1.92366 5.53116 0 0 0 0
0.728385 0.7 -0.534907 -0.96183 5.53116 0 0 0 0
0.728385 0.633333 -0.267454 -0.480915 5.53116 0 0 0 0
0.728385 0.633333 -0.133727 -0.240458 5.53116 0 0 0 0
0.728385 0.7 -0.0668634 -0.120229 5.53116 0 0 0 0
0.582708 0.7 7.36453 -4.37046 5.53116 0 0 0 1
0.62376 0.6 -21.3177 -27.1852 5.53116 0 0 0 1
0.774256 0.7 -4.12041 -12.4897 1.02493 0 0 0 1
0.774256 0.6 -2.0602 -6.24484 1.02493 0 0 0 1
0.495524 0.7 4.85225 2.04063 -4.58005 0 0 0 1
0.396419 0.7 2.42613 1.02031 -4.58005 0 0 0 1
0.396419 0.6 1.21306 0.510156 -4.58005 0 0 0 1
0.317135 0.6 -9.76581 -8.61589 2.33596 0 0 0 1
0.552225 0.6 2.29795 -16.4403 3.06876 0 0 0 1
0.353424 0.6 9.56734 -18.767 1.85501 0 0 0 1
0.569643 0.6 12.2837 -5.63351 1.85501 0 0 0 1
0.364572 0.6 -3.96455 -13.3636 0.88401 0 0 0 1
0.291657 0.566667 -1.98227 -6.68182 0.88401 0 0 0 1
0.291657 0.6 -0.991137 -3.34091 0.88401 0 0 0 1
0.291657 0.6 -0.495568 -1.67045 0.88401 0 0 0 1
0.291657 0.666667 9.8586 -0.835227 0.88401 0 0 0 1
0.233326 0.6 4.9293 -0.417613 0.88401 0 0 0 1
0.233326 0.6 2.46465 -0.208807 0.88401 0 0 0 1
0.233326 0.666667 1.23232 -0.104403 0.88401 0 0 0 1
0.233326 0.6 0.616162 -0.0522017 0.88401 0 0 0 1
0.233326 0.6 0.308081 -0.0261008 0.88401 0 0 0 1
0.233326 0.7 0.154041 -0.0130504 0.88401 0 0 0 1
0.233326 0.7 0.0770203 -0.00652521 0.88401 0 0 0 1
0.233326 0.7 0.0385102 -0.00326261 0.88401 0 0 0 1
0.233326 0.8 0.0192551 -0.0016313 0.88401 0 0 0 1
0.233326 0.8 0.00962754 -0.000815651 0.88401 0 0 0 1
0.233326 0.7 0.00481377 -0.000407826 0.88401 0 0 0 1
0.233326 0.8 0.00240688 -0.000203913 0.88401 0 0 0 1
0.233326 0.8 0.00120344 -0.000101956 0.88401 0 0 0 1
0.233326 0.8 0.000601721 -5.09782e-005 0.88401 0 0 0 1
0.233326 0.7 0.000300861 -2.54891e-005 0.88401 0 0 0 1
0.233326 0.7 0.00015043 -1.27446e-005 0.88401 0 0 0 1
0.186661 0.7 -24.9999 -13.8158 -6.69279 0 0 0 1
0.489597 0.6 -19.1666 -15.9805 0.0457661 0 0 0 1
0.313342 0.7 -34.5833 -7.99024 0.0457661 0 0 0 1
0.313342 0.6 -17.2917 -3.99512 0.0457661 0 0 0 1
0.313342 0.6 -8.64583 -1.99756 0.0457661 0 0 0 1
0.313342 0.6 -4.32291 -0.99878 0.0457661 0 0 0 1
0.250674 0.7 -11.9271 -10.6184 1.83661 0 0 0 1
0.520323 0.6 4.14284 -8.88065 1.46929 0 0 0 1
0.333007 0.6 11.114 -7.04449 -0.824568 0 0 0 1
0.213124 0.6 -8.86377 -9.02179 0.540346 0 0 0 1
0.70138 0.6 -29.4319 -29.5109 -1.96772 0 0 0 1
0.820828 0.633333 -11.5909 -19.0318 -1.96772 0 0 0 1
0.52533 0.6 2.18325 -8.70066 1.62582 0 0 0 1
0.791295 0.533333 -23.9084 -29.3503 1.10066 0 0 0 1
0.874777 0.6 -5.39169 -24.8604 1.10066 0 0 0 1
0.891936 0.533333 -27.6958 -37.4302 -0.519474 0 0 0 1
0.935161 0.6 -6.52034 -25.1806 -0.0155795 0 0 0 1
0.848877 0.533333 6.05279 -18.4236 -0.812464 0 0 0 1
0.807461 0.6 11.6471 -14.0195 -0.812464 0 0 0 1
0.872549 0.533333 -19.1765 -32.0098 -0.812464 0 0 0 1
0.818823 0.6 -34.5882 -41.0049 -1.84997 0 0 0 1
0.891294 0.566667 -10.0913 -24.3817 0.920023 0 0 0 1
0.742257 0.633333 -30.0457 -37.1909 0.936019 0 0 0 1
0.907212 0.566667 -40.0228 -43.5954 -4.25118 0 0 0 1
0.944327 0.566667 -23.3514 -26.4108 -4.25118 0 0 0 1
0.944327 0.633333 -11.6757 -13.2054 -4.25118 0 0 0 1
0.911966 0.633333 -30.8378 -31.6027 -2.40095 0 0 0 1
0.968308 0.6 -40.4189 -40.8014 1.47924 0 0 0 1
0.774646 0.633333 -11.6257 -23.4412 1.18339 0 0 0 1
0.495774 0.633333 2.15861 -15.8873 1.34671 0 0 0 0
0.637971 0.6 13.0891 -8.83311 1.34671 0 0 0 0
0.706226 0.533333 15.0667 -10.2201 0.277372 0 0 0 0
0.671191 0.6 -17.4666 -30.1101 0.221897 0 0 0 0
0.722172 0.6 -33.7333 -40.055 0.221897 0 0 0 0
0.722172 0.5 -8.01249 -20.0275 0.221897 0 0 0 0
0.746642 0.6 -29.0062 -10.0138 0.221897 0 0 0 0
0.746642 0.5 -7.89851 -5.00688 0.221897 0 0 0 0
0.477851 0.6 1.77991 14.0831 4.37752 0 0 0 0
0.305825 0.5 -9.65692 -0.77095 4.37752 0 0 0 0
0.24466 0.6 2.5695 -0.385475 4.37752 0 0 0 0
0.24466 0.533333 1.28475 -0.192738 4.37752 0 0 0 0
0.517437 0.633333 7.32842 2.63801 0.902014 0 0 0 0
0.598696 0.566667 -21.3358 -23.681 0.902014 0 0 0 0
0.759217 0.6 -4.28492 -18.6953 0.902014 0 0 0 0
0.485899 0.633333 -13.7804 -19.2161 0.902014 0 0 0 0
0.633232 0.6 -16.1987 -18.8822 0.902014 0 0 0 0
0.405268 0.6 0.727178 -16.5245 0.902014 0 0 0 1
0.405268 0.633333 0.363589 -8.26223 0.902014 0 0 0 1
0.324215 0.633333 8.64954 -4.13111 0.902014 0 0 0 1
0.555623 0.533333 10.9914 -12.4822 0.902014 0 0 0 1
0.555623 0.6 5.49572 -6.24111 0.902014 0 0 0 1
0.444498 0.633333 11.2156 -3.12056 0.902014 0 0 0 1
0.444498 0.6 5.6078 -1.56028 0.902014 0 0 0 1
0.355599 0.6 12.0781 -0.780139 0.902014 0 0 0 1
0.570687 0.633333 -4.84805 -10.3901 0.902014 0 0 0 1
0.67393 0.6 3.09068 -4.10808 0.902014 0 0 0 1
0.67393 0.533333 1.54534 -2.05404 0.902014 0 0 0 1
0.539144 0.633333 0.77267 -1.02702 0.902014 0 0 0 1
0.539144 0.533333 10.0638 -0.51351 0.902014 0 0 0 1
0.431315 0.633333 5.03188 -0.256755 0.902014 0 0 0 1
0.431315 0.6 2.51594 -0.128377 0.902014 0 0 0 1
0.431315 0.666667 9.07047 -0.0641887 0.902014 0 0 0 1
0.276042 0.566667 -7.15831 -8.15709 0.902014 0 0 0 1
0.176667 0.666667 -12.8361 -10.8527 0.121611 0 0 0 1
0.4848 0.6 -21.0014 -2.30134 0.121611 0 0 0 1
0.310272 0.6 -20.1781 -8.65067 0.121611 0 0 0 1
0.248218 0.566667 -2.43599 -4.32534 0.121611 0 0 0 1
0.248218 0.6 -1.21799 -2.16267 0.121611 0 0 0 1
0.158859 0.6 -12.3277 -10.847 0.121611 0 0 0 1
0.10167 0.533333 -16.3201 -16.733 0.121611 0 0 0 1
0.0650688 0.6 6.42327 -19.304 0.121611 0 0 0 1
0.041644 0.5 -8.14041 -12.9723 0.697289 0 0 0 1
0.0333152 0.6 2.56245 -6.48616 0.697289 0 0 0 1
0.0213217 0.566667 18.3646 -14.9855 0.757831 0 0 0 1
0.0170574 0.6 16.7344 -7.49275 0.757831 0 0 0 1
0.0136459 0.566667 20.0859 -3.74638 0.757831 0 0 0 1
0.0136459 0.533333 10.043 -1.87319 0.757831 0 0 0 1
0.0136459 0.6 5.02148 -0.936594 0.757831 0 0 0 1
0.0136459 0.633333 2.51074 -0.468297 0.757831 0 0 0 1
0.0136459 0.7 1.25537 -0.234148 0.757831 0 0 0 1
0.0136459 0.733333 0.627685 -0.117074 0.757831 0 0 0 1
0.0136459 0.8 0.313843 -0.0585371 0.757831 0 0 0 1
0.0136459 0.8 0.156921 -0.0292686 0.757831 0 0 0 1
0.0136459 0.9 0.0784607 -0.0146343 0.757831 0 0 0 1
0.0136459 0.9 0.0392303 -0.00731714 0.757831 0 0 0 1
0.0136459 0.9 0.0196152 -0.00365857 0.757831 0 0 0 1
0.0136459 0.9 0.00980758 -0.00182928 0.757831 0 0 0 1
0.0136459 0.9 0.00490379 -0.000914642 0.757831 0 0 0 1
0.0136459 0.9 0.0024519 -0.000457321 0.757831 0 0 0 1
0.0136459 0.9 0.00122595 -0.000228661 0.757831 0 0 0 1
0.0136459 0.9 0.000612974 -0.00011433 0.757831 0 0 0 1
0.0136459 0.9 0.000306487 -5.71652e-005 0.757831 0 0 0 1
0.0136459 0.9 0.000153243 -2.85826e-005 0.757831 0 0 0 1
0.0136459 0.9 7.66217e-005 -1.42913e-005 0.757831 0 0 0 1
0.0109167 0.9 3.83109e-005 -7.14564e-006 0.757831 0 0 0 1
0.0109167 0.8 1.91554e-005 -3.57282e-006 0.757831 0 0 0 1
0.0109167 0.8 9.57772e-006 -1.78641e-006 0.757831 0 0 0 1
0.0109167 0.8 9.89584 -8.93206e-007 0.757831 0 0 0 1
0.404192 0.7 -20.0521 -25 -6.79374 0 0 0 1
0.323354 0.7 -21.1372 -15.625 -6.79374 0 0 0 1
0.524168 0.633333 -35.5686 -32.8125 4.16501 0 0 0 1
0.419334 0.6 -8.40929 -18.5802 1.93201 0 0 0 1
0.561024 0.633333 -29.2046 -34.2901 3.14561 0 0 0 1
0.736615 0.6 -5.22732 -23.395 2.51649 0 0 0 1
0.852145 0.566667 -27.6137 -36.6975 -0.786811 0 0 0 1
0.946772 0.566667 -38.8068 -43.3488 -0.429449 0 0 0 1
0.980838 0.533333 -44.4034 -46.6744 -0.343559 0 0 0 1
0.988503 0.566667 -19.4578 -26.646 -2.07485 0 0 0 1
0.924689 0.533333 -34.7289 -38.323 -1.05988 0 0 0 1
0.954813 0.566667 -27.3645 -26.8228 1.9521 0 0 0 1
0.914986 0.566667 -38.6822 -38.4114 1.9521 0 0 0 1
0.969395 0.6 -44.3411 -44.2057 1.9521 0 0 0 1
0.988982 0.6 -47.1706 -47.1028 -0.638322 0 0 0 1
0.993389 0.6 -16.6887 -30.0169 -0.638322 0 0 0 1
0.993389 0.633333 -8.34436 -15.0085 -0.638322 0 0 0 1
0.876827 0.633333 -14.6561 -12.4149 -1.51066 0 0 0 1
0.820877 0.633333 -1.71578 -10.2253 -0.808526 0 0 0 1
0.876413 0.633333 -25.8579 -30.1127 -0.246821 0 0 0 1
0.955509 0.7 -37.9289 -40.0563 -0.797457 0 0 0 1
0.983983 0.633333 -43.9645 -45.0282 0.962035 0 0 0 1
0.872312 0.666667 -46.9822 -47.5141 0.962035 0 0 0 1
0.81871 0.7 -48.4911 -48.757 0.962035 0 0 0 1
0.891226 0.633333 -43.7223 -24.3785 0.962035 0 0 0 1
0.891226 0.633333 -21.8612 -12.1893 0.962035 0 0 0 1
0.934735 0.7 1.81452 -9.03581 0.962035 0 0 0 1
0.758938 0.633333 -24.0927 -29.5179 -0.0303723 0 0 0 1
0.913218 0.633333 -37.0464 -39.759 -1.6243 0 0 0 1
0.968758 0.566667 -43.5232 -44.8795 -1.29944 0 0 0 1
0.988753 0.6 -46.7616 -47.4397 -0.0395506 0 0 0 1
0.874601 0.5 -48.3808 -48.7199 1.36836 0 0 0 1
0.699681 0.6 -17.3712 -28.5266 -1.10531 0 0 0 1
0.699681 0.533333 -8.68561 -14.2633 -1.10531 0 0 0 1
0.447796 0.6 -14.065 -11.8192 1.31575 0 0 0 1
0.447796 0.533333 -7.03251 -5.90958 1.31575 0 0 0 1
0.447796 0.6 -3.51626 -2.95479 1.31575 0 0 0 1
0.447796 0.6 -1.75813 -1.47739 1.31575 0 0 0 1
0.614942 0.7 6.98151 -4.40679 -0.3474 0 0 0 1
0.614942 0.6 3.49076 -2.20339 -0.3474 0 0 0 1
0.695172 0.7 9.93503 -6.27411 -0.67792 0 0 0 1
0.733683 0.6 11.1843 -6.72922 0.257664 0 0 0 1
0.681734 0.7 -19.4079 -28.3646 0.257664 0 0 0 1
0.681734 0.6 -9.70394 -14.1823 0.257664 0 0 0 1
0.681734 0.6 -4.85197 -7.09115 0.257664 0 0 0 1
0.681734 0.6 -2.42598 -3.54558 0.257664 0 0 0 1
0.681734 0.7 -1.21299 -1.77279 0.257664 0 0 0 1
0.681734 0.6 -0.606496 -0.886394 0.257664 0 0 0 1
0.80904 0.7 14.8958 5.61281 0.206131 0 0 0 1
0.710672 0.6 -17.5521 -22.1936 -2.2351 0 0 0 1
0.710672 0.7 -8.77605 -11.0968 -2.2351 0 0 0 1
0.710672 0.7 -4.38802 -5.5484 -2.2351 0 0 0 1
0.710672 0.7 -2.19401 -2.7742 -2.2351 0 0 0 1
0.710672 0.7 -1.09701 -1.3871 -2.2351 0 0 0 1
0.710672 0.8 -0.548503 -0.69355 -2.2351 0 0 0 1
0.710672 0.8 -0.274252 -0.346775 -2.2351 0 0 0 1
0.710672 0.733333 -0.137126 -0.173387 -2.2351 0 0 0 1
0.826403 0.8 7.07429 -2.40151 1.01192 0 0 0 1
0.878004 0.7 -21.4629 -26.2008 1.01192 0 0 0 1
0.878004 0.7 -10.7314 -13.1004 1.01192 0 0 0 1
0.956081 0.7 -30.3657 -31.5502 1.01192 0 0 0 1
0.984189 0.6 -40.1829 -40.7751 1.01192 0 0 0 1
0.984189 0.6 -20.0914 -20.3875 1.01192 0 0 0 1
0.984189 0.7 -10.0457 -10.1938 1.01192 0 0 0 1
0.787351 0.7 1.52476 -9.83827 1.01192 0 0 0 1
0.629881 0.6 7.8276 -4.91913 1.01192 0 0 0 1
0.629881 0.7 3.9138 -2.45957 1.01192 0 0 0 1
0.503905 0.7 11.6343 -1.22978 1.01192 0 0 0 1
0.403124 0.6 12.925 -0.614892 1.01192 0 0 0 1
0.593499 0.7 13.8605 -8.20218 1.01192 0 0 0 1
0.37984 0.6 -4.00727 -14.8154 1.01192 0 0 0 1
0.303872 0.6 6.06928 -7.40769 1.01192 0 0 0 1
0.194478 0.533333 8.03464 -8.13933 1.01192 0 0 0 1
0.155582 0.6 12.528 -4.06966 1.01192 0 0 0 1
0.0995727 0.566667 -4.2829 -10.238 1.01192 0 0 0 1
0.0796582 0.633333 -2.14145 -5.11898 1.01192 0 0 0 1
0.0796582 0.566667 -1.07072 -2.55949 1.01192 0 0 0 1
0.0637265 0.6 -25.5354 -17.4088 1.01192 0 0 0 1
0.0509812 0.566667 -12.7677 -8.70439 1.01192 0 0 0 1
0.0509812 0.6 -6.38384 -4.35219 1.01192 0 0 0 1
0.430589 0.633333 -28.1919 -15.8858 1.01192 0 0 0 1
0.430589 0.6 -14.096 -7.94289 1.01192 0 0 0 1
0.430589 0.6 -7.04798 -3.97144 1.01192 0 0 0 1
0.430589 0.7 -3.52399 -1.98572 1.01192 0 0 0 1
0.430589 0.7 -1.762 -0.992861 1.01192 0 0 0 1
0.430589 0.7 -0.880998 -0.49643 1.01192 0 0 0 1
0.430589 0.8 -0.440499 -0.248215 1.01192 0 0 0 1
0.430589 0.8 -0.220249 -0.124108 1.01192 0 0 0 1
0.430589 0.9 -0.110125 -0.0620538 1.01192 0 0 0 1
0.430589 0.9 -0.0550623 -0.0310269 1.01192 0 0 0 1
0.430589 0.9 -0.0275312 -0.0155135 1.01192 0 0 0 1
0.430589 0.9 -0.0137656 -0.00775673 1.01192 0 0 0 1
0.275577 0.9 -4.49406 2.9373 0.409539 0 0 0 1
0.275577 0.833333 -2.24703 1.46865 0.409539 0 0 0 1
0.532277 0.833333 -3.04659 10.1093 0.409539 0 0 0 1
0.532277 0.733333 -1.5233 5.05466 0.409539 0 0 0 1
0.655493 0.733333 -2.73533 11.9023 -0.472369 0 0 0 1
0.714637 0.633333 -22.082 4.93603 -0.472369 0 0 0 1
0.845815 0.633333 -36.041 -22.532 -0.472369 0 0 0 1
0.845815 0.533333 -18.0205 -11.266 -0.472369 0 0 0 1
0.944494 0.6 -34.0102 -30.633 -0.472369 0 0 0 1
0.980018 0.5 -42.0051 -40.3165 1.42211 0 0 0 1
0.992806 0.6 -46.0026 -45.1582 2.93768 0 0 0 1
0.99741 0.5 -48.0013 -47.5791 2.93768 0 0 0 1
0.998446 0.6 -26.5575 -25.9447 -6.84985 0 0 0 1
0.927553 0.566667 -38.2787 -37.9724 -0.479882 0 0 0 1
0.956532 0.6 -10.0968 -21.9183 1.21609 0 0 0 1
0.915481 0.566667 -30.0484 -35.9591 -0.627124 0 0 0 1
0.949289 0.533333 -5.83303 -21.2203 -0.5017 0 0 0 1
0.855659 0.5 -8.40432 -13.3365 1.99864 0 0 0 1
0.728573 0.6 -29.2022 -31.6682 -1.00109 0 0 0 1
0.837144 0.5 -12.5801 -18.8763 -1.00109 0 0 0 1
0.535772 0.6 0.28602 -15.2202 -2.00087 0 0 0 1
0.657171 0.5 7.3519 -13.4137 1.1993 0 0 0 1
0.652353 0.6 -21.324 -31.7068 -1.04056 0 0 0 1
0.652353 0.5 -10.662 -15.8534 -1.04056 0 0 0 1
0.652353 0.6 -5.33101 -7.92671 -1.04056 0 0 0 1
0.652353 0.6 -2.66551 -3.96336 -1.04056 0 0 0 1
0.791412 0.7 -15.8676 -8.23168 1.16755 0 0 0 1
0.791412 0.6 -7.93382 -4.11584 1.16755 0 0 0 1
0.506504 0.7 -14.0476 -7.05792 1.16755 0 0 0 1
0.785873 0.6 -32.0238 -28.529 0.934044 0 0 0 0
0.871524 0.7 -7.82223 -16.8507 0.547235 0 0 0 0
0.818331 0.6 15.7503 -9.40191 2.83779 0 0 0 0
0.875679 0.6 -17.1248 -29.701 -0.32977 0 0 0 0
0.925408 0.5 -4.56241 -18.5269 2.93618 0 0 0 0
0.925408 0.6 -2.28121 -9.26347 2.93618 0 0 0 0
0.844196 0.6 3.7507 -9.31924 2.34895 0 0 0 0
0.844196 0.6 1.87535 -4.65962 2.34895 0 0 0 0
0.805214 0.6 -1.80623 -8.39662 2.34895 0 0 0 0
0.786503 0.6 -4.88039 -8.50866 2.34895 0 0 0 0
0.866513 0.6 -27.4402 -29.2543 -0.120842 0 0 0 0
0.866513 0.5 -12.7105 -14.6272 -0.120842 0 0 0 0
0.732741 0.6 -31.3552 -32.3136 -0.0966737 0 0 0 0
0.751716 0.533333 -40.6776 -41.1568 -0.277339 0 0 0 0
0.751716 0.6 -20.3388 -20.5784 -0.277339 0 0 0 0
0.851029 0.6 -12.2527 -17.2745 -0.277339 0 0 0 0
0.808494 0.533333 -31.1264 -8.63725 -0.277339 0 0 0 0
0.646795 0.6 -11.8867 -9.46568 -0.821871 0 0 0 0
0.646795 0.633333 -5.94336 -4.73284 -0.821871 0 0 0 0
0.826277 0.7 -27.9717 -27.3664 -6.6575 0 0 0 0
0.93746 0.6 -38.9858 -38.6832 -0.925998 0 0 0 0
0.962476 0.7 -12.7265 -25.5916 -0.925998 0 0 0 0
0.615985 0.7 0.147148 -10.8427 -0.340798 0 0 0 0
0.615985 0.6 0.0735741 -5.42134 -0.340798 0 0 0 0
0.615985 0.6 0.0367871 -2.71067 -0.340798 0 0 0 0
0.492788 0.7 0.0183935 -1.35533 -0.340798 0 0 0 0
0.492788 0.6 0.00919677 -0.677667 -0.340798 0 0 0 0
0.492788 0.6 0.00459838 -0.338834 -0.340798 0 0 0 0
0.695673 0.7 -24.9977 -0.169417 -0.340798 0 0 0 0
0.695673 0.6 -12.4989 -0.0847084 -0.340798 0 0 0 0
0.695673 0.7 -6.24943 -0.0423542 -0.340798 0 0 0 0
0.695673 0.7 -3.12471 -0.0211771 -0.340798 0 0 0 1
0.695673 0.7 -1.56236 -0.0105886 -0.340798 0 0 0 1
0.695673 0.7 -0.781178 -0.00529428 -0.340798 0 0 0 1
0.817404 0.7 -25.3906 -0.00264714 -0.340798 0 0 0 1
0.890442 0.6 -37.6953 -0.00132357 -0.340798 0 0 0 1
0.934265 0.7 -43.8476 -0.000661785 -0.340798 0 0 0 1
0.934265 0.633333 -21.9238 -0.000330892 -0.340798 0 0 0 1
0.934265 0.6 -10.9619 -0.000165446 -0.340798 0 0 0 1
0.934265 0.6 -5.48096 -8.27231e-005 -0.340798 0 0 0 1
0.960559 0.666667 -27.7405 -4.13615e-005 -0.340798 0 0 0 1
0.960559 0.6 -25.0682 5.85935 -0.340798 0 0 0 1
0.861068 0.666667 -37.5341 2.92968 -0.340798 0 0 0 1
0.861068 0.633333 -12.517 7.71484 -0.340798 0 0 0 1
0.813313 0.666667 -31.2585 3.85742 -0.340798 0 0 0 1
0.813313 0.633333 -9.99539 11.7409 -0.340798 0 0 0 1
0.52052 0.6 -29.9977 5.87046 -0.340798 0 0 0 1
0.712312 0.533333 -10.7033 2.93523 -0.340798 0 0 0 1
0.712312 0.566667 -5.35163 1.46762 -0.340798 0 0 0 1
0.712312 0.533333 -2.67581 0.733808 -0.340798 0 0 0 1
0.712312 0.566667 -1.33791 0.366904 -0.340798 0 0 0 1
0.712312 0.6 -0.668953 0.183452 -0.340798 0 0 0 1
0.712312 0.666667 -0.334477 0.091726 -0.340798 0 0 0 1
0.712312 0.7 -0.167238 0.045863 -0.340798 0 0 0 1
0.56985 0.766667 -25.0836 0.0229315 -0.340798 0 0 0 1
0.56985 0.7 -12.5418 0.0114658 -0.340798 0 0 0 1
0.56985 0.7 -6.2709 0.00573288 -0.340798 0 0 0 1
0.74191 0.733333 10.9717 0.00286644 -0.340798 0 0 0 1
0.74191 0.7 5.48585 0.00143322 -0.340798 0 0 0 1
0.845146 0.7 19.2202 0.000716609 -0.340798 0 0 0 1
0.845146 0.633333 9.6101 0.000358305 -0.340798 0 0 0 1
0.907088 0.6 -20.195 0.000179152 -0.340798 0 0 0 1
0.907088 0.6 -10.0975 8.95762e-005 -0.340798 0 0 0 1
0.944252 0.566667 -30.0487 4.47881e-005 -0.340798 0 0 0 1
0.944252 0.533333 -15.0244 2.2394e-005 -0.340798 0 0 0 1
0.944252 0.566667 -7.51218 1.1197e-005 -0.340798 0 0 0 1
0.979931 0.6 -28.7561 -25 -0.340798 0 0 0 1
0.979931 0.566667 -14.378 -12.5 -0.340798 0 0 0 1
0.979931 0.6 -7.18902 -6.25 -0.340798 0 0 0 1
0.979931 0.666667 -3.59451 -3.125 -0.340798 0 0 0 1
0.979931 0.7 -1.79726 -1.5625 -0.340798 0 0 0 1
0.979931 0.7 -0.898628 -0.78125 -0.340798 0 0 0 1
0.979931 0.8 -0.449314 -0.390625 -0.340798 0 0 0 1
0.979931 0.8 -0.224657 -0.195312 -0.340798 0 0 0 1
0.987959 0.9 5.32245 -4.26432 4.72736 0 0 0 1
0.987959 0.8 2.66123 -2.13216 4.72736 0 0 0 1
0.632293 0.8 6.33061 -0.594383 1.38189 0 0 0 1
0.632293 0.733333 3.16531 -0.297191 1.38189 0 0 0 1
0.703501 0.733333 8.37613 -1.7615 1.70551 0 0 0 1
0.670144 0.633333 -20.8119 -25.8807 0.764409 0 0 0 1
0.670144 0.633333 -10.406 -12.9404 0.764409 0 0 0 1
0.670144 0.633333 -5.20298 -6.47019 0.764409 0 0 0 0
0.881252 0.733333 -27.6015 -28.2351 1.01153 0 0 0 0
0.705002 0.633333 -4.63134 -16.0912 0.409222 0 0 0 0
0.84304 0.7 -27.3157 -33.0456 -2.67262 0 0 0 0
0.804659 0.6 -38.6578 -41.5228 0.461902 0 0 0 0
0.929677 0.6 -44.3289 -45.7614 0.369522 0 0 0 0
0.846245 0.6 -47.1645 -47.8807 -6.50438 0 0 0 0
0.846245 0.6 -23.5822 -23.9404 -6.50438 0 0 0 0
0.846245 0.6 -11.7911 -11.9702 -6.50438 0 0 0 0
0.846245 0.7 -5.89556 -5.98509 -6.50438 0 0 0 0
0.846245 0.7 -2.94778 -2.99254 -6.50438 0 0 0 0
0.846245 0.8 -1.47389 -1.49627 -6.50438 0 0 0 0
0.846245 0.8 -0.736945 -0.748136 -6.50438 0 0 0 1
0.846245 0.8 -0.368472 -0.374068 -6.50438 0 0 0 1
0.846245 0.9 -0.184236 -0.187034 -6.50438 0 0 0 1
0.846245 0.9 -0.0921181 -0.093517 -6.50438 0 0 0 1
0.846245 0.9 -0.046059 -0.0467585 -6.50438 0 0 0 1
0.846245 0.9 -0.0230295 -0.0233792 -6.50438 0 0 0 1
0.846245 0.9 -0.0115148 -0.0116896 -6.50438 0 0 0 1
0.846245 0.9 -0.00575738 -0.00584481 -6.50438 0 0 0 1
0.846245 0.9 -0.00287869 -0.00292241 -6.50438 0 0 0 1
0.846245 0.9 -0.00143935 -0.0014612 -6.50438 0 0 0 1
0.846245 0.9 -0.000719673 -0.000730602 -6.50438 0 0 0 1
0.846245 0.9 -0.000359836 -0.000365301 -6.50438 0 0 0 1
0.846245 0.9 -0.000179918 -0.00018265 -6.50438 0 0 0 1
0.846245 0.9 -8.99591e-005 -9.13252e-005 -6.50438 0 0 0 1
0.846245 0.9 -4.49795e-005 -4.56626e-005 -6.50438 0 0 0 1
0.907747 0.8 10.0543 -2.28313e-005 -6.50438 0 0 0 1
0.726198 0.8 -19.9728 -1.14156e-005 -6.50438 0 0 0 1
0.726198 0.766667 -9.98642 -5.70782e-006 -6.50438 0 0 0 1
0.726198 0.7 -4.99321 -2.85391e-006 -6.50438 0 0 0 1
0.726198 0.666667 -2.4966 -1.42696e-006 -6.50438 0 0 0 1
0.726198 0.6 -1.2483 -7.13478e-007 -6.50438 0 0 0 1
0.726198 0.566667 -0.624151 -3.56739e-007 -6.50438 0 0 0 1
0.726198 0.6 -0.312076 -1.7837e-007 -6.50438 0 0 0 1
0.726198 0.666667 -0.156038 -8.91848e-008 -6.50438 0 0 0 1
0.726198 0.6 -0.0780189 -4.45924e-008 -6.50438 0 0 0 1
0.726198 0.6 -0.0390094 -2.22962e-008 -6.50438 0 0 0 1
0.726198 0.6 -0.0195047 -1.11481e-008 -6.50438 0 0 0 1
0.726198 0.6 -0.00975236 -5.57405e-009 -6.50438 0 0 0 1
0.580958 0.7 -17.9536 -2.78702e-009 -6.50438 0 0 0 1
0.580958 0.6 -8.9768 -1.39351e-009 -6.50438 0 0 0 1
0.580958 0.6 -4.4884 -6.96756e-010 -6.50438 0 0 0 1
0.580958 0.6 -2.2442 -3.48378e-010 -6.50438 0 0 0 1
0.464767 0.7 -14.3433 1.06838 -6.50438 0 0 0 1
0.464767 0.6 -7.17163 0.534188 -6.50438 0 0 0 1
0.464767 0.7 -3.58581 0.267094 -6.50438 0 0 0 1
0.464767 0.7 -1.79291 0.133547 -6.50438 0 0 0 1
0.464767 0.7 -0.896453 0.0667735 -6.50438 0 0 0 1
0.464767 0.8 -0.448227 0.0333868 -6.50438 0 0 0 1
0.67886 0.8 -17.3294 0.0166934 -6.50438 0 0 0 1
0.67886 0.766667 -8.66469 0.00834669 -6.50438 0 0 0 1
0.67886 0.866667 -4.33234 0.00417335 -6.50438 0 0 0 1
0.67886 0.766667 -2.16617 0.00208667 -6.50438 0 0 0 1
0.67886 0.766667 -1.08309 0.00104334 -6.50438 0 0 0 1
0.67886 0.766667 -0.541543 0.000521668 -6.50438 0 0 0 1
0.67886 0.666667 -0.270772 0.000260834 -6.50438 0 0 0 1
0.67886 0.666667 -0.135386 0.000130417 -6.50438 0 0 0 1
0.67886 0.7 -0.0676929 6.52085e-005 -6.50438 0 0 0 1
0.67886 0.7 -0.0338464 3.26043e-005 -6.50438 0 0 0 1
0.67886 0.8 -0.0169232 1.63021e-005 -6.50438 0 0 0 1
0.67886 0.8 -0.00846161 8.15107e-006 -6.50438 0 0 0 1
0.67886 0.8 -0.0042308 4.07553e-006 -6.50438 0 0 0 1
0.67886 0.8 -0.0021154 2.03777e-006 -6.50438 0 0 0 1
0.67886 0.8 -0.0010577 1.01888e-006 -6.50438 0 0 0 1
0.67886 0.9 -0.000528851 5.09442e-007 -6.50438 0 0 0 1
0.67886 0.9 -0.000264425 2.54721e-007 -6.50438 0 0 0 1
0.67886 0.9 -0.000132213 1.2736e-007 -6.50438 0 0 0 1
0.67886 0.9 -6.61063e-005 6.36802e-008 -6.50438 0 0 0 1
0.67886 0.9 -3.30532e-005 3.18401e-008 -6.50438 0 0 0 1
0.67886 0.9 -1.65266e-005 1.59201e-008 -6.50438 0 0 0 1
0.67886 0.9 -8.26329e-006 7.96003e-009 -6.50438 0 0 0 1
0.67886 0.9 -4.13165e-006 3.98001e-009 -6.50438 0 0 0 1
0.67886 0.9 -2.06582e-006 1.99001e-009 -6.50438 0 0 0 1
0.67886 0.9 -1.03291e-006 9.95003e-010 -6.50438 0 0 0 1
0.67886 0.9 -5.16456e-007 4.97502e-010 -6.50438 0 0 0 1
0.67886 0.9 -2.58228e-007 2.48751e-010 -6.50438 0 0 0 1
0.67886 0.9 -1.29114e-007 1.24375e-010 -6.50438 0 0 0 1
0.67886 0.9 -6.4557e-008 6.21877e-011 -6.50438 0 0 0 1
0.725853 0.9 -25 -25 -1.00351 0 0 0 1
0.901307 0.8 -37.5 -37.5 2.1972 0 0 0 1
0.901307 0.8 -18.75 -18.75 2.1972 0 0 0 1
0.901307 0.8 -9.375 -9.375 2.1972 0 0 0 1
0.721046 0.8 2.16734 -6.53935 3.75776 0 0 0 1
0.676881 0.7 -23.9163 -28.2697 0.606205 0 0 0 1
0.541505 0.7 -29.2007 -19.2789 0.606205 0 0 0 1
0.346563 0.666667 -31.7375 -14.6798 -5.91504 0 0 0 1
0.346563 0.666667 -15.8687 -7.33988 -5.91504 0 0 0 1
0.346563 0.766667 -7.93436 -3.66994 -5.91504 0 0 0 1
0.346563 0.766667 -3.96718 -1.83497 -5.91504 0 0 0 1
0.73981 0.766667 -26.9836 -25.9175 -5.91504 0 0 0 1
0.591848 0.766667 -23.3132 -20.548 1.06797 0 0 0 1
0.684087 0.766667 -3.10398 -12.5766 -2.14562 0 0 0 0
0.684087 0.8 -1.55199 -6.28832 -2.14562 0 0 0 0
0.437816 0.8 -7.4325 -9.62564 -5.7165 0 0 0 0
0.766091 0.7 -28.7162 -29.8128 1.4268 0 0 0 0
0.767724 0.7 -39.3581 -39.9064 1.4268 0 0 0 0
0.767724 0.633333 -19.6791 -19.9532 1.4268 0 0 0 0
0.614179 0.666667 -20.3864 -17.7891 1.4268 0 0 0 0
0.393074 0.6 -35.1932 -13.674 1.4268 0 0 0 0
0.251568 0.633333 -10.2437 -5.87544 1.4268 0 0 0 0
0.496602 0.533333 -30.1218 -27.9377 1.4268 0 0 0 0
0.818777 0.6 -40.0609 -38.9689 1.4268 0 0 0 0
0.891266 0.533333 -13.9258 -30.1987 1.4268 0 0 0 0
0.57041 0.6 -31.9629 -19.5348 4.54144 0 0 0 0
0.804278 0.5 -40.9815 -34.7674 4.54144 0 0 0 0
0.804278 0.566667 -20.4907 -17.3837 4.54144 0 0 0 0
0.882567 0.6 -2.9537 -16.5622 4.54144 0 0 0 0
0.882567 0.533333 -1.47685 -8.28111 4.54144 0 0 0 0
0.882567 0.6 -0.738424 -4.14056 4.54144 0 0 0 0
0.823632 0.6 19.6308 -12.0703 4.54144 0 0 0 0
0.877206 0.6 -15.1846 -31.0351 4.54144 0 0 0 0
0.877206 0.6 -7.5923 -15.5176 4.54144 0 0 0 0
0.877206 0.7 -3.79615 -7.75878 4.54144 0 0 0 0
0.877206 0.7 -1.89808 -3.87939 4.54144 0 0 0 0
0.877206 0.8 -0.949038 -1.9397 4.54144 0 0 0 0
0.877206 0.8 -0.474519 -0.969848 4.54144 0 0 0 0
0.955794 0.8 -25.2373 -25.4849 4.54144 0 0 0 0
0.955794 0.7 -12.6186 -12.7425 4.54144 0 0 0 0
0.858781 0.8 -31.3093 -31.3712 4.54144 0 0 0 0
0.858781 0.7 -15.6547 -15.6856 4.54144 0 0 0 0
0.858781 0.7 -7.82733 -7.84281 4.54144 0 0 0 0
0.858781 0.7 -3.91366 -3.9214 4.54144 0 0 0 0
0.858781 0.7 -1.95683 -1.9607 4.54144 0 0 0 0
0.858781 0.7 -0.978416 -0.980351 4.54144 0 0 0 0
0.858781 0.8 -0.489208 -0.490175 4.54144 0 0 0 0
0.858781 0.8 -0.244604 -0.245088 4.54144 0 0 0 0
0.858781 0.9 -0.122302 -0.122544 4.54144 0 0 0 0
0.858781 0.9 -0.061151 -0.0612719 4.54144 0 0 0 0
0.858781 0.9 -0.0305755 -0.030636 4.54144 0 0 0 0
0.858781 0.9 -0.0152878 -0.015318 4.54144 0 0 0 0
0.858781 0.9 -0.00764388 -0.00765899 4.54144 0 0 0 0
0.949161 0.9 -25.0038 -25.0038 -1.36685 0 0 0 0
0.949161 0.866667 -12.5019 -12.5019 -1.36685 0 0 0 0
0.949161 0.866667 -6.25096 -6.25096 -1.36685 0 0 0 0
0.949161 0.866667 -3.12548 -3.12548 -1.36685 0 0 0 0
0.949161 0.866667 -1.56274 -1.56274 -1.36685 0 0 0 0
0.949161 0.866667 -0.781369 -0.78137 -1.36685 0 0 0 0
0.949161 0.866667 -0.390685 -0.390685 -1.36685 0 0 0 0
0.949161 0.866667 -0.195342 -0.195342 -1.36685 0 0 0 0
0.949161 0.9 -0.0976712 -0.0976712 -1.36685 0 0 0 0
0.949161 0.9 -0.0488356 -0.0488356 -1.36685 0 0 0 0
0.949161 0.9 -0.0244178 -0.0244178 -1.36685 0 0 0 0
0.949161 0.9 -0.0122089 -0.0122089 -1.36685 0 0 0 0
0.949161 0.9 -0.00610445 -0.00610445 -1.36685 0 0 0 0
0.949161 0.9 -0.00305222 -0.00305223 -1.36685 0 0 0 0
0.949161 0.9 -0.00152611 -0.00152611 -1.36685 0 0 0 0
0.949161 0.9 -0.000763056 -0.000763056 -1.36685 0 0 0 0
0.949161 0.9 -0.000381528 -0.000381528 -1.36685 0 0 0 0
0.949161 0.9 -0.000190764 -0.000190764 -1.36685 0 0 0 0
0.949161 0.9 -9.5382e-005 -9.5382e-005 -1.36685 0 0 0 0
0.949161 0.9 -4.7691e-005 -4.7691e-005 -1.36685 0 0 0 0
0.949161 0.9 -2.38455e-005 -2.38455e-005 -1.36685 0 0 0 0
0.949161 0.9 -1.19228e-005 -1.19228e-005 -1.36685 0 0 0 0
0.981698 0.9 -25 -25 -1.36685 0 0 0 0
0.981698 0.8 -12.5 -12.5 -1.36685 0 0 0 0
0.989019 0.8 6.29273 -9.10257 -1.36685 0 0 0 0
0.989019 0.766667 3.14637 -4.55128 -1.36685 0 0 0 0
0.989019 0.766667 1.57318 -2.27564 -1.36685 0 0 0 0
0.989019 0.766667 0.786591 -1.13782 -1.36685 0 0 0 0
