605 8 1
0.791215 0.766667 0.393296 -0.56891 -1.36685 0 0 0 0
0.874729 0.666667 -24.8034 -0.284455 -1.36685 0 0 0 0
0.874729 0.766667 -12.4017 -0.142228 -1.36685 0 0 0 0
0.924837 0.666667 -6.6175 9.92889 -1.36685 0 0 0 0
0.924837 0.7 -3.30875 4.96444 -1.36685 0 0 0 0
0.924837 0.666667 -1.65438 2.48222 -1.36685 0 0 0 0
0.73987 0.666667 -17.6241 4.75674 0.106522 0 0 0 0
0.755138 0.6 -6.56203 3.84896 0.106522 0 0 0 0
0.755138 0.7 -3.28102 1.92448 0.106522 0 0 0 0
0.755138 0.6 -1.64051 0.962239 0.106522 0 0 0 0
0.853083 0.7 9.17975 0.48112 0.106522 0 0 0 0
0.682466 0.666667 -20.4101 0.24056 0.106522 0 0 0 0
0.545973 0.666667 -7.16687 0.12028 0.106522 0 0 0 0
0.436778 0.666667 4.5048 0.0601399 0.106522 0 0 0 0
0.662067 0.633333 -22.7476 0.03007 0.106522 0 0 0 0
0.662067 0.633333 -11.3738 0.015035 0.106522 0 0 0 0
0.79724 0.7 -2.82232 3.52314 0.106522 0 0 0 0
0.79724 0.7 -1.41116 1.76157 0.106522 0 0 0 0
0.782675 0.7 -25.7056 -24.1192 1.68522 0 0 0 0
0.869605 0.7 -37.8528 -12.0596 1.68522 0 0 0 0
0.869605 0.666667 -18.9264 -6.0298 1.68522 0 0 0 0
0.695684 0.766667 -9.62402 -1.83069 1.68522 0 0 0 0
0.695684 0.666667 -4.81201 -0.915346 1.68522 0 0 0 0
0.733928 0.7 -27.406 -25.4577 -5.45183 0 0 0 0
0.587143 0.6 -7.03634 -3.97884 2.23854 0 0 0 0
0.587143 0.633333 -3.51817 -1.98942 2.23854 0 0 0 0
0.681828 0.666667 -26.7591 -5.88601 2.19083 0 0 0 0
0.727278 0.633333 -38.3795 -27.943 2.19083 0 0 0 0
0.465458 0.6 -44.1898 -38.9715 3.55267 0 0 0 0
0.62342 0.633333 -32.5116 -28.1598 -2.55787 0 0 0 0
0.62342 0.6 -16.2558 -14.0799 -2.55787 0 0 0 0
0.498736 0.6 -27.5029 -7.03994 -2.55787 0 0 0 0
0.498736 0.6 -13.7514 -3.51997 -2.55787 0 0 0 0
0.319191 0.6 -13.3273 -1.75999 -2.55787 0 0 0 0
0.319191 0.5 -6.66367 -0.879993 -2.55787 0 0 0 0
0.204282 0.6 -28.3318 -0.439996 -2.55787 0 0 0 0
0.204282 0.5 -14.1659 -0.219998 -2.55787 0 0 0 0
0.204282 0.6 -7.08296 -0.109999 -2.55787 0 0 0 0
0.204282 0.566667 -3.54148 -0.0549995 -2.55787 0 0 0 0
0.163426 0.666667 -10.6417 3.76714 4.55371 0 0 0 0
0.104592 0.566667 -15.0865 2.47881 4.55371 0 0 0 0
0.440163 0.666667 -32.5432 -23.7606 -2.55704 0 0 0 0
0.352131 0.6 -27.8702 -10.8272 4.75437 0 0 0 0
0.535218 0.6 -38.9351 -30.4136 3.4035 0 0 0 0
0.428175 0.533333 -31.849 -14.4109 2.9228 0 0 0 0
0.605524 0.633333 -9.01663 -7.20546 2.9228 0 0 0 0
0.484419 0.566667 -24.204 -1.62904 2.9228 0 0 0 0
0.387535 0.6 -21.4672 -1.45089 -0.461762 0 0 0 0
0.248023 0.566667 -35.7336 -0.725443 -0.461762 0 0 0 0
0.198418 0.6 -29.8259 2.01823 2.63059 0 0 0 0
0.697144 0.566667 -39.913 -23.9909 2.63059 0 0 0 0
0.557716 0.6 -19.6658 -11.9954 2.63059 0 0 0 0
0.734629 0.566667 -2.59605 -5.99772 2.63059 0 0 0 0
0.840778 0.633333 11.202 -0.406532 2.63059 0 0 0 0
0.803573 0.533333 -5.5769 2.17769 2.63059 0 0 0 0
0.514287 0.6 -27.7884 1.08884 2.63059 0 0 0 0
0.708572 0.5 -6.54174 0.544422 2.63059 0 0 0 0
0.825143 0.6 6.45817 -2.01927 2.30447 0 0 0 0
0.528092 0.533333 10.8298 -1.00964 2.30447 0 0 0 0
0.422473 0.566667 9.85935 -0.504818 2.30447 0 0 0 0
0.79209 0.533333 -20.0703 -25.2524 2.30447 0 0 0 0
0.875254 0.6 -24.4582 -9.74159 1.84358 0 0 0 0
0.820122 0.533333 -37.2291 -4.87079 1.84358 0 0 0 0
0.656098 0.566667 -35.3909 -1.44856 1.84358 0 0 0 0
0.524878 0.566667 -16.3936 -0.724278 1.84358 0 0 0 0
0.714927 0.533333 -33.1968 -0.362139 1.84358 0 0 0 0
0.571941 0.6 -10.1795 -0.181069 1.84358 0 0 0 0
0.457553 0.5 -15.7343 2.29042 1.84358 0 0 0 0
0.771775 0.6 -32.8671 -23.8548 -2.72514 0 0 0 0
0.61742 0.566667 -27.9896 -9.54644 -2.72514 0 0 0 0
0.395149 0.6 -32.5986 -4.11533 -2.72514 0 0 0 0
0.316119 0.566667 -41.2993 -2.05766 -2.72514 0 0 0 0
0.589671 0.633333 -12.3651 -1.02883 -2.72514 0 0 0 0
0.471737 0.6 -31.1825 -0.514416 -2.72514 0 0 0 0
0.37739 0.566667 -5.39391 -0.257208 -2.72514 0 0 0 0
0.626434 0.633333 -27.697 -25.1286 -2.72514 0 0 0 0
0.640551 0.566667 -38.8485 -37.5643 -2.72514 0 0 0 0
0.512441 0.6 -14.7814 -18.7822 -2.72514 0 0 0 0
0.409952 0.533333 -16.1407 -4.39108 1.61989 0 0 0 0
0.596777 0.6 -14.5359 -1.39144 0.0959119 0 0 0 0
0.477422 0.533333 -28.3886 -0.695722 0.0959119 0 0 0 0
0.477422 0.6 -14.1943 -0.347861 0.0959119 0 0 0 0
0.58333 0.6 -32.0972 -25.1739 0.0959119 0 0 0 0
0.58333 0.6 -16.0486 -12.587 0.0959119 0 0 0 0
0.466664 0.6 -33.0243 -7.09993 -4.72327 0 0 0 0
0.466664 0.5 -16.5121 -3.54997 -4.72327 0 0 0 0
0.298665 0.6 1.35931 -1.69346 -4.72327 0 0 0 0
0.298665 0.5 0.679656 -0.846731 -4.72327 0 0 0 0
0.543359 0.6 6.8231 -1.04837 2.62138 0 0 0 0
0.543359 0.533333 3.41155 -0.524183 2.62138 0 0 0 0
0.34775 0.633333 -10.391 0.0504087 2.09711 0 0 0 0
0.22256 0.566667 -13.3986 1.36449 0.877686 0 0 0 0
0.142438 0.633333 -14.4696 2.18225 1.30215 0 0 0 0
0.0911605 0.6 -12.4767 2.96612 0.441719 0 0 0 0
0.435006 0.7 -31.2384 -23.5169 0.153375 0 0 0 0
0.348005 0.633333 -28.1192 -7.38347 -3.4773 0 0 0 0
0.222723 0.7 -24.784 -1.09433 -3.78184 0 0 0 0
0.142543 0.6 -24.892 1.40596 -3.82547 0 0 0 0
0.0912273 0.666667 8.83778 4.49762 -2.66038 0 0 0 0
0.443789 0.566667 -20.5811 2.79229 -1.1283 0 0 0 0
0.284025 0.633333 0.879657 6.63808 1.09736 0 0 0 0
0.181776 0.6 -16.6435 8.40111 3.47789 0 0 0 0
0.116337 0.566667 -24.9411 6.61991 -0.0176907 0 0 0 0
0.455842 0.566667 -26.5834 4.7162 1.78585 0 0 0 0
0.618804 0.6 -31.4007 3.46104 0.428678 0 0 0 0
0.396035 0.533333 -0.387847 5.69687 -0.457058 0 0 0 0
0.253462 0.566667 -18.1287 3.20558 -3.76565 0 0 0 0
0.162216 0.566667 -21.9676 5.43091 -3.61252 0 0 0 0
0.103818 0.6 -29.3929 -0.617877 -0.0900135 0 0 0 0
0.0664436 0.566667 -32.8008 -0.308938 -0.0900135 0 0 0 0
0.439866 0.6 -5.42283 -0.154469 0.127989 0 0 0 0
0.281514 0.566667 -16.0447 6.17277 -3.09761 0 0 0 0
0.535127 0.566667 -1.89992 5.03951 2.12191 0 0 0 0
0.342481 0.566667 3.80004 1.87637 2.09753 0 0 0 0
0.531513 0.6 -23.1 -24.0618 2.27802 0 0 0 0
0.42521 0.566667 -36.55 -12.0309 2.27802 0 0 0 0
0.340168 0.566667 -30.3583 -4.82498 2.82242 0 0 0 0
0.217708 0.6 -11.6077 -2.41249 2.82242 0 0 0 0
0.174166 0.533333 -12.0539 -1.60947 2.85794 0 0 0 0
0.111466 0.6 -3.56481 -0.804735 2.85794 0 0 0 0
0.453504 0.566667 -26.7824 -25.4024 0.0863485 0 0 0 0
0.617682 0.633333 -38.3912 -37.7012 0.269079 0 0 0 0
0.862365 0.533333 -44.1956 -43.8506 0.415263 0 0 0 0
0.813935 0.633333 -47.0978 -46.9253 1.13221 0 0 0 0
0.651148 0.566667 -17.4592 -24.9332 0.305768 0 0 0 0
0.650041 0.6 -33.7296 -37.4666 -1.75539 0 0 0 0
0.520033 0.633333 -7.32532 -18.7333 -1.75539 0 0 0 0
0.649616 0.633333 -28.6627 -34.3667 0.795692 0 0 0 0
0.519693 0.633333 -10.5523 -17.1833 0.795692 0 0 0 0
0.649452 0.633333 -30.2761 -33.5917 1.23655 0 0 0 0
0.519562 0.633333 -25.0519 -22.2125 1.58924 0 0 0 0
0.64939 0.666667 -5.6926 -11.1062 1.58924 0 0 0 0
0.519512 0.666667 -27.8463 -7.35493 -2.52861 0 0 0 0
0.332488 0.633333 -28.8425 -2.87389 1.57712 0 0 0 0
0.212792 0.633333 -28.0931 -0.841708 1.57712 0 0 0 0
0.136187 0.6 -28.4563 2.96456 -2.13831 0 0 0 0
0.0871596 0.633333 -9.22814 1.56025 0.489354 0 0 0 0
0.0557821 0.6 -13.7807 -1.71987 1.79148 0 0 0 0
0.0357006 0.6 -15.2237 -1.48494 -0.366814 0 0 0 0
0.0228484 0.566667 -20.6327 -1.73453 -0.366814 0 0 0 0
0.410967 0.6 -8.3719 -0.867266 -0.366814 0 0 0 0
0.64658 0.6 -0.126424 -0.433633 -0.366814 0 0 0 0
0.517264 0.633333 -13.2323 0.472717 -0.693451 0 0 0 0
0.788972 0.6 -31.6162 -24.7636 -1.55476 0 0 0 0
0.631178 0.566667 -27.5823 -11.6675 -1.55476 0 0 0 0
0.403954 0.566667 -29.6245 -3.89444 -0.0438086 0 0 0 0
0.25853 0.566667 -20.2969 -3.27298 -5.03505 0 0 0 0
0.165459 0.533333 -17.0362 -2.41774 3.37196 0 0 0 0
0.463536 0.6 -33.5181 -26.2089 -0.10243 0 0 0 0
0.678122 0.566667 -24.2059 -17.5399 -0.10243 0 0 0 0
0.835299 0.6 -37.1029 -33.77 1.91806 0 0 0 0
0.901179 0.6 -43.5515 -16.885 1.91806 0 0 0 0
0.940708 0.666667 -12.2169 -8.44249 0.334445 0 0 0 0
0.85154 0.666667 -10.1263 -4.18013 1.66756 0 0 0 0
0.808739 0.666667 1.92569 -2.09006 1.66756 0 0 0 0
0.885243 0.6 -24.0372 -1.04503 1.66756 0 0 0 0
0.931146 0.633333 -4.92398 -0.522516 1.66756 0 0 0 0
0.958688 0.633333 -16.559 -1.64332 1.13404 0 0 0 0
0.768136 0.633333 -33.2795 -25.8217 -0.292764 0 0 0 0
0.768705 0.633333 -41.6398 -37.9108 -1.03421 0 0 0 0
0.768979 0.633333 -45.8199 -43.9554 0.572631 0 0 0 0
0.615183 0.6 -15 -24.6804 -0.141895 0 0 0 0
0.695288 0.6 -0.921032 -12.3402 -0.141895 0 0 0 0
0.817173 0.6 8.16693 -10.1175 0.286484 0 0 0 0
0.792243 0.533333 11.4553 -7.94335 0.629187 0 0 0 0
0.780277 0.6 15.506 -4.72925 0.10335 0 0 0 0
0.774533 0.533333 9.97523 -2.36463 0.10335 0 0 0 0
0.86472 0.633333 9.98762 -1.18231 0.10335 0 0 0 0
0.951299 0.566667 -20.0062 -25.5912 0.88268 0 0 0 0
0.970779 0.6 0.777148 -16.0445 -0.0938562 0 0 0 0
0.621299 0.566667 11.46 -8.02224 -0.0938562 0 0 0 0
0.863668 0.6 -19.27 -29.0111 -0.275085 0 0 0 0
0.918201 0.566667 -1.57341 -14.5056 -3.62007 0 0 0 0
0.840736 0.566667 7.43798 -8.4012 0.103946 0 0 0 0
0.882132 0.566667 -21.281 -29.2006 1.28316 0 0 0 0
0.929279 0.566667 -0.0635822 -16.386 1.02653 0 0 0 0
0.756843 0.6 -25.0318 -33.193 0.22122 0 0 0 0
0.763285 0.566667 -37.5159 -41.5965 -0.0230239 0 0 0 0
0.914783 0.6 -43.7579 -45.7983 0.581581 0 0 0 0
0.731826 0.6 -14.3132 -25.431 0.581581 0 0 0 0
0.468369 0.633333 -1.14698 -14.1453 0.581581 0 0 0 0
0.624817 0.6 -25.5735 -7.07265 0.581581 0 0 0 0
0.499854 0.666667 -8.18148 -3.53633 0.581581 0 0 0 0
0.399883 0.666667 3.54815 -1.76816 0.581581 0 0 0 0
0.319906 0.666667 7.81221 -0.884081 0.581581 0 0 0 0
0.255925 0.666667 -10.7678 -1.24849 -1.93474 0 0 0 0
0.163792 0.633333 1.43733 -0.624246 -1.93474 0 0 0 0
0.498275 0.666667 6.46191 -0.312123 -1.93474 0 0 0 0
0.698965 0.6 10.3738 -0.714097 -1.54779 0 0 0 0
0.735503 0.633333 -19.8131 -0.357048 -1.54779 0 0 0 0
0.588403 0.566667 -34.9065 -0.178524 -1.54779 0 0 0 0
0.753042 0.633333 -8.16756 -0.0892621 -1.54779 0 0 0 0
0.602433 0.566667 -4.08378 -0.044631 -1.54779 0 0 0 0
0.76146 0.633333 7.49758 -0.0223155 -1.54779 0 0 0 0
0.856876 0.633333 -6.82813 -1.51954 -1.54779 0 0 0 0
0.548401 0.6 -1.76933 -0.75977 -1.54779 0 0 0 0
0.72904 0.6 1.89311 -0.379885 -1.54779 0 0 0 0
0.837424 0.6 -8.26397 -0.189943 -1.54779 0 0 0 0
0.669939 0.633333 -29.132 -0.0949713 -1.54779 0 0 0 0
0.801964 0.633333 -13.9978 -0.0474857 -1.54779 0 0 0 0
0.881178 0.566667 -7.54238 -0.0237428 -1.54779 0 0 0 0
0.704943 0.633333 -28.7712 -0.0118714 -1.54779 0 0 0 0
0.822966 0.633333 -8.31417 -0.00593571 -1.54779 0 0 0 0
0.658372 0.633333 -2.13006 -0.00296785 -1.54779 0 0 0 0
0.526698 0.6 -26.065 -0.00148393 -1.54779 0 0 0 0
0.421358 0.566667 -15.2761 -0.000741963 -1.54779 0 0 0 0
0.337087 0.6 -32.6381 -0.000370982 -1.54779 0 0 0 0
0.269669 0.566667 -41.319 -0.000185491 -1.54779 0 0 0 0
0.215736 0.633333 -45.6595 -9.27454e-005 -1.54779 0 0 0 0
0.503553 0.6 -47.8298 -25 -0.438231 0 0 0 0
0.702132 0.633333 -19.6386 -12.5 -0.438231 0 0 0 0
0.821279 0.666667 -34.8193 -6.25001 -0.438231 0 0 0 0
0.657023 0.7 -10.9702 -6.08553 1.04942 0 0 0 0
0.420495 0.633333 3.76812 -9.70943 0.0395324 0 0 0 0
0.601838 0.7 2.43962 -4.85472 0.0395324 0 0 0 0
0.761103 0.6 -1.75638 -2.42736 0.0395324 0 0 0 0
0.765329 0.6 -25.8782 -26.2137 0.231626 0 0 0 0
0.859198 0.566667 -4.04872 -19.0279 0.385301 0 0 0 0
0.887449 0.6 -27.0244 -34.5139 0.108241 0 0 0 0
0.932469 0.5 -8.4641 -19.0427 0.286592 0 0 0 0
0.908551 0.6 -29.2321 -34.5213 0.229274 0 0 0 0
0.836105 0.5 -39.616 -42.2607 0.383419 0 0 0 0
0.940998 0.6 -44.808 -46.1303 -0.0932647 0 0 0 0
0.752798 0.5 -31.1878 -22.0517 -0.0932647 0 0 0 0
0.851679 0.6 -13.5799 -11.0258 -0.0932647 0 0 0 0
0.681343 0.533333 1.43655 -5.1924 -0.0932647 0 0 0 0
0.727045 0.633333 -24.2817 -27.5962 -0.674612 0 0 0 0
0.748981 0.533333 -37.1409 -38.7981 0.260311 0 0 0 0
0.909633 0.566667 -43.5704 -44.3991 0.208248 0 0 0 0
0.836624 0.533333 -46.7852 -47.1995 -0.0334012 0 0 0 0
0.901974 0.566667 -15.6426 -24.6712 -0.0334012 0 0 0 0
0.746358 0.566667 -32.8213 -37.3356 -1.22672 0 0 0 0
0.908689 0.6 -41.4107 -43.6678 -1.98138 0 0 0 0
0.945213 0.533333 -11.8818 -22.9368 0.614899 0 0 0 0
0.853702 0.633333 -19.2742 -11.2161 0.614899 0 0 0 0
0.885866 0.566667 -34.6371 -30.6081 0.0919188 0 0 0 0
0.708693 0.633333 -42.3186 -15.304 0.0919188 0 0 0 0
0.89513 0.633333 -46.1593 -32.652 0.0919188 0 0 0 0
0.716104 0.633333 -48.0796 -16.326 0.0919188 0 0 0 0
0.829662 0.6 -49.0398 -8.163 0.0919188 0 0 0 0
0.897797 0.633333 -22.3923 -4.0815 0.0919188 0 0 0 0
0.938678 0.7 -23.8633 -7.87408 0.0919188 0 0 0 0
0.850566 0.633333 -28.5078 -10.187 -1.12646 0 0 0 0
0.808271 0.633333 -9.86199 -5.09352 -1.12646 0 0 0 0
0.930978 0.633333 -29.931 -27.5468 -0.701172 0 0 0 0
0.958587 0.666667 -28.5293 -19.6966 -0.760938 0 0 0 0
0.613495 0.666667 -39.2647 -9.84831 -0.760938 0 0 0 0
0.860858 0.666667 -44.6323 -29.9242 -0.760938 0 0 0 0
0.916515 0.633333 -37.3552 -11.6883 -0.760938 0 0 0 0
0.58657 0.666667 -32.4402 -4.51838 -0.760938 0 0 0 0
0.625243 0.666667 -41.2201 -27.2592 -0.760938 0 0 0 0
0.625243 0.633333 -20.6101 -13.6296 -0.760938 0 0 0 0
0.625243 0.733333 -10.305 -6.8148 -0.760938 0 0 0 0
0.625243 0.733333 -5.15252 -3.4074 -0.760938 0 0 0 0
0.625243 0.766667 -2.57626 -1.7037 -0.760938 0 0 0 0
0.625243 0.8 -1.28813 -0.85185 -0.760938 0 0 0 0
0.625243 0.833333 -0.644064 -0.425925 -0.760938 0 0 0 0
0.625243 0.866667 -0.322032 -0.212962 -0.760938 0 0 0 0
0.625243 0.9 -0.161016 -0.106481 -0.760938 0 0 0 0
0.625243 0.9 -0.080508 -0.0532406 -0.760938 0 0 0 0
0.625243 0.9 -0.040254 -0.0266203 -0.760938 0 0 0 0
0.625243 0.9 -0.020127 -0.0133102 -0.760938 0 0 0 0
0.500194 0.9 -25.0101 -0.00665508 -0.760938 0 0 0 0
0.500194 0.833333 -12.505 -0.00332754 -0.760938 0 0 0 0
0.500194 0.833333 -6.25252 -0.00166377 -0.760938 0 0 0 0
0.500194 0.833333 -3.12626 -0.000831884 -0.760938 0 0 0 0
0.500194 0.833333 -1.56313 -0.000415942 -0.760938 0 0 0 0
0.500194 0.833333 -0.781564 -0.000207971 -0.760938 0 0 0 0
0.500194 0.833333 -0.390782 -0.000103986 -0.760938 0 0 0 0
0.500194 0.833333 -0.195391 -5.19928e-005 -0.760938 0 0 0 0
0.500194 0.9 -0.0976956 -2.59964e-005 -0.760938 0 0 0 1
0.500194 0.9 -0.0488478 -1.29982e-005 -0.760938 0 0 0 1
0.500194 0.9 -0.0244239 -6.4991e-006 -0.760938 0 0 0 1
0.500194 0.9 -0.0122119 -3.24955e-006 -0.760938 0 0 0 1
0.500194 0.9 -0.00610597 -1.62477e-006 -0.760938 0 0 0 1
0.500194 0.9 -0.00305299 -8.12387e-007 -0.760938 0 0 0 1
0.500194 0.9 -0.00152649 -4.06194e-007 -0.760938 0 0 0 1
0.500194 0.9 -0.000763247 -2.03097e-007 -0.760938 0 0 0 1
0.500194 0.9 -25.0004 -1.01548e-007 -0.760938 0 0 0 1
0.500194 0.8 -12.5002 -5.07742e-008 -0.760938 0 0 0 1
0.500194 0.8 -6.2501 -2.53871e-008 -0.760938 0 0 0 1
0.500194 0.8 -3.12505 -1.26935e-008 -0.760938 0 0 0 1
0.500194 0.8 -1.56252 -6.34677e-009 -0.760938 0 0 0 1
0.500194 0.8 -0.781262 -3.17339e-009 -0.760938 0 0 0 1
0.500194 0.8 -0.390631 -1.58669e-009 -0.760938 0 0 0 1
0.500194 0.8 -0.195315 -7.93347e-010 -0.760938 0 0 0 1
0.500194 0.9 -0.0976577 -3.96673e-010 -0.760938 0 0 0 1
0.500194 0.9 -0.0488289 -1.98337e-010 -0.760938 0 0 0 1
0.500194 0.9 -0.0244144 -9.91683e-011 -0.760938 0 0 0 1
0.500194 0.9 -0.0122072 -4.95842e-011 -0.760938 0 0 0 1
0.500194 0.9 -0.00610361 -2.47921e-011 -0.760938 0 0 0 1
0.400155 0.9 -0.0030518 -1.2396e-011 -0.760938 0 0 0 1
0.400155 0.8 -0.0015259 -6.19802e-012 -0.760938 0 0 0 1
0.400155 0.8 -0.000762951 -3.09901e-012 -0.760938 0 0 0 1
0.400155 0.8 -0.000381476 -1.54951e-012 -0.760938 0 0 0 1
0.400155 0.8 -0.000190738 -7.74753e-013 -0.760938 0 0 0 1
0.400155 0.8 -9.53689e-005 -3.87376e-013 -0.760938 0 0 0 1
0.400155 0.8 -4.76844e-005 -1.93688e-013 -0.760938 0 0 0 1
0.400155 0.8 -2.38422e-005 -9.68441e-014 -0.760938 0 0 0 1
0.400155 0.9 -1.19211e-005 -4.8422e-014 -0.760938 0 0 0 1
0.400155 0.9 -5.96056e-006 -2.4211e-014 -0.760938 0 0 0 1
0.400155 0.9 -2.98028e-006 -1.21055e-014 -0.760938 0 0 0 1
0.400155 0.9 -1.49014e-006 -6.05276e-015 -0.760938 0 0 0 1
0.400155 0.9 -7.45069e-007 -3.02638e-015 -0.760938 0 0 0 1
0.400155 0.9 -3.72535e-007 -1.51319e-015 -0.760938 0 0 0 1
0.400155 0.9 -1.86267e-007 -7.56594e-016 -0.760938 0 0 0 1
0.400155 0.9 -9.31337e-008 -3.78297e-016 -0.760938 0 0 0 1
0.400155 0.9 -4.65668e-008 -1.89149e-016 -0.760938 0 0 0 1
0.400155 0.9 -2.32834e-008 -9.45743e-017 -0.760938 0 0 0 1
0.400155 0.9 -1.16417e-008 -4.72872e-017 -0.760938 0 0 0 1
0.400155 0.9 -5.82085e-009 -2.36436e-017 -0.760938 0 0 0 1
0.400155 0.9 -2.91043e-009 -1.18218e-017 -0.760938 0 0 0 1
0.400155 0.9 -1.45521e-009 -5.91089e-018 -0.760938 0 0 0 1
0.400155 0.9 -7.27607e-010 -2.95545e-018 -0.760938 0 0 0 1
0.400155 0.9 -3.63803e-010 -1.47772e-018 -0.760938 0 0 0 1
0.400155 0.9 -1.81902e-010 -7.38862e-019 -0.760938 0 0 0 1
0.400155 0.9 -9.09509e-011 -3.69431e-019 -0.760938 0 0 0 1
0.400155 0.9 -4.54754e-011 -1.84715e-019 -0.760938 0 0 0 1
0.400155 0.9 -2.27377e-011 -9.23577e-020 -0.760938 0 0 0 1
0.400155 0.9 -1.13689e-011 -4.61789e-020 -0.760938 0 0 0 1
0.320124 0.9 -12.0968 0.986842 1.59125 0 0 0 1
0.20488 0.833333 -22.2984 3.78289 1.673 0 0 0 1
0.498342 0.8 -22.4395 4.17319 1.673 0 0 0 1
0.639204 0.8 -20.274 2.68183 1.3384 0 0 0 1
0.706818 0.733333 -22.637 4.46592 0.07072 0 0 0 1
0.739273 0.7 -36.3185 2.23296 0.07072 0 0 0 1
0.843564 0.633333 -43.1593 1.11648 0.07072 0 0 0 1
0.906138 0.6 -46.5796 0.55824 0.07072 0 0 0 1
0.724911 0.566667 -48.2898 0.27912 0.07072 0 0 0 1
0.579928 0.666667 -49.1449 0.13956 0.07072 0 0 0 1
0.747957 0.566667 -29.8356 0.06978 0.07072 0 0 0 1
0.848774 0.6 -19.5231 0.03489 0.07072 0 0 0 1
0.909265 0.666667 -14.2487 0.017445 0.07072 0 0 0 0
0.945559 0.7 -8.0859 0.00872249 0.07072 0 0 0 0
0.967335 0.7 -29.0429 0.00436125 0.07072 0 0 0 0
0.773868 0.733333 -16.124 0.00218062 0.07072 0 0 0 0
0.864321 0.666667 -33.062 0.00109031 0.07072 0 0 0 0
0.918593 0.633333 -41.531 0.000545156 0.07072 0 0 0 0
0.951156 0.666667 -21.086 0.000272578 0.07072 0 0 0 0
0.970693 0.666667 5.84404 0.000136289 0.07072 0 0 0 0
0.982416 0.6 -22.078 6.81445e-005 0.07072 0 0 0 1
0.785933 0.6 -36.039 3.40722e-005 0.07072 0 0 0 1
0.87156 0.566667 -43.0195 1.70361e-005 0.07072 0 0 0 1
0.922936 0.633333 -22.7918 8.51806e-006 0.07072 0 0 0 1
0.953761 0.566667 -15.2421 4.25903e-006 0.07072 0 0 0 1
0.763009 0.633333 -13.7108 0.641028 0.07072 0 0 0 1
0.857805 0.533333 -31.8554 0.320514 0.07072 0 0 0 1
0.914683 0.6 -40.9277 0.160257 0.07072 0 0 0 1
0.94881 0.5 -45.4638 0.0801285 0.07072 0 0 0 1
0.969286 0.6 -47.7319 0.0400642 0.07072 0 0 0 1
0.988943 0.6 -48.866 -24.98 -4.74342 0 0 0 1
0.791154 0.6 -29.8817 -12.1695 -4.74342 0 0 0 1
0.779754 0.6 -39.9408 -31.0847 1.60526 0 0 0 1
0.920711 0.566667 -44.9704 -40.5424 0.0842087 0 0 0 1
0.952427 0.6 -22.4852 -19.3096 0.0842087 0 0 0 1
0.857165 0.566667 -36.2426 -34.6548 1.26737 0 0 0 1
0.685732 0.6 -43.1213 -17.3274 1.26737 0 0 0 1
0.811439 0.633333 -46.5607 -8.66371 1.26737 0 0 0 1
0.649151 0.666667 -48.2803 -4.33185 1.26737 0 0 0 1
0.789491 0.6 -49.1402 -3.51728 -4.78611 0 0 0 1
0.867373 0.666667 -49.5701 -26.7586 1.77111 0 0 0 1
0.693899 0.6 -49.785 -16.2019 1.77111 0 0 0 1
0.733071 0.666667 -49.8925 -10.6651 -3.98311 0 0 0 1
0.751874 0.633333 -49.9463 -8.96156 -3.98311 0 0 0 1
0.4812 0.6 -49.9731 -6.09368 -3.98311 0 0 0 1
0.630976 0.566667 -49.9866 -2.38895 -3.58649 0 0 0 1
0.702868 0.566667 -49.9933 -0.87396 -3.58649 0 0 0 1
0.449836 0.566667 -49.9966 -2.85634 -3.58649 0 0 0 1
0.287895 0.566667 -49.9983 -2.67817 -3.58649 0 0 0 1
0.184253 0.566667 -49.9992 -0.935858 0.730811 0 0 0 1
0.117922 0.633333 -49.9996 -1.67761 0.730811 0 0 0 1
0.456602 0.6 -49.9998 -5.24585 0.730811 0 0 0 1
0.575335 0.666667 -49.9999 -27.6229 0.384649 0 0 0 1
0.676161 0.633333 -49.9999 -38.8115 0.384649 0 0 0 1
0.540929 0.666667 -50 -24.5339 1.70772 0 0 0 1
0.607717 0.7 -50 -37.267 2.76618 0 0 0 1
0.486173 0.733333 -7.85713 -21.1335 2.76618 0 0 0 1
0.780018 0.666667 -28.9286 -35.5667 -1.38706 0 0 0 1
0.868011 0.666667 -39.4643 -21.4124 -1.38706 0 0 0 1
0.555527 0.6 -44.7321 -10.0305 2.49035 0 0 0 1
0.799992 0.566667 -47.3661 -30.0153 1.19228 0 0 0 1
0.783996 0.6 -48.683 -40.0076 1.19228 0 0 0 1
0.870398 0.6 -49.3415 -20.0038 1.19228 0 0 0 1
0.922239 0.566667 -49.6708 -10.0019 1.19228 0 0 0 1
0.953343 0.633333 -49.8354 -4.35993 0.153825 0 0 0 1
0.857605 0.533333 -49.9177 -10.9637 -4.07694 0 0 0 1
0.81165 0.6 -49.9588 -5.48187 -4.07694 0 0 0 1
0.81165 0.533333 -24.9794 -2.74094 -4.07694 0 0 0 1
0.81165 0.6 -12.4897 -1.37047 -4.07694 0 0 0 1
0.81165 0.6 -6.24486 -0.685234 -4.07694 0 0 0 1
0.81165 0.7 -3.12243 -0.342617 -4.07694 0 0 0 1
0.81165 0.7 -1.56121 -0.171309 -4.07694 0 0 0 1
0.81165 0.7 -0.780607 -0.0856543 -4.07694 0 0 0 1
0.88699 0.7 -25.3903 -0.0428271 -4.07694 0 0 0 1
0.88699 0.7 -12.6952 -0.0214136 -4.07694 0 0 0 1
0.88699 0.7 -6.34758 -0.0107068 -4.07694 0 0 0 1
0.88699 0.7 -3.17379 -0.00535339 -4.07694 0 0 0 1
0.88699 0.7 -1.58689 -0.0026767 -4.07694 0 0 0 1
0.88699 0.7 -0.793447 -0.00133835 -4.07694 0 0 0 0
0.88699 0.8 -0.396723 -0.000669174 -4.07694 0 0 0 0
0.88699 0.8 -0.198362 -0.000334587 -4.07694 0 0 0 0
0.932194 0.9 -3.20591 -0.000167294 -4.07694 0 0 0 0
0.959316 0.8 -26.603 -2.91675 -3.06155 0 0 0 0
0.860472 0.8 -38.3015 -6.58658 -5.04924 0 0 0 0
0.887816 0.7 -44.1507 -28.2933 -5.04924 0 0 0 0
0.959614 0.7 -47.0754 -39.1466 -0.839393 0 0 0 0
0.975768 0.6 -13.8438 -25.7257 3.92849 0 0 0 0
0.868369 0.6 -31.9219 -12.8628 3.92849 0 0 0 0
0.921021 0.533333 -18.461 -6.75193 3.34279 0 0 0 0
0.589454 0.566667 -14.9448 -3.01882 3.34279 0 0 0 0
0.471563 0.533333 -32.4724 -1.50941 3.34279 0 0 0 0
0.37725 0.6 -41.2362 -0.754705 3.34279 0 0 0 0
0.3018 0.566667 -45.6181 -0.377353 3.34279 0 0 0 0
0.24144 0.633333 -47.809 -0.188676 3.34279 0 0 0 0
0.515891 0.6 -48.9045 -25.0943 3.34279 0 0 0 0
0.412713 0.6 -25.3244 -12.5472 3.34279 0 0 0 0
0.33017 0.6 -37.6622 -6.27358 3.34279 0 0 0 0
0.264136 0.6 -43.8311 -3.13679 3.34279 0 0 0 0
0.526785 0.633333 -46.9155 -26.5684 -1.32577 0 0 0 0
0.716071 0.6 -30.489 -13.2842 -1.32577 0 0 0 0
0.572857 0.6 -40.2445 -6.6421 -1.32577 0 0 0 0
0.743714 0.6 -45.1223 -3.32105 -1.32577 0 0 0 0
0.594971 0.6 -32.0849 0.12519 -1.32577 0 0 0 0
0.475977 0.566667 -15.4327 0.0625948 -1.32577 0 0 0 0
0.628469 0.633333 -32.7164 -24.9687 2.33938 0 0 0 0
0.502775 0.566667 -17.9207 -11.042 2.33938 0 0 0 0
0.40222 0.6 -22.3532 -4.18174 2.33938 0 0 0 0
0.321776 0.633333 -10.262 -2.09087 2.33938 0 0 0 0
0.257421 0.666667 -18.8215 -1.04543 2.33938 0 0 0 0
0.523562 0.633333 -34.4107 -25.5227 2.33938 0 0 0 0
0.41885 0.666667 -3.09246 -15.4399 2.33938 0 0 0 0
0.268064 0.666667 -2.72548 -2.00568 2.33938 0 0 0 0
0.528671 0.633333 -26.3627 -26.0028 -1.92849 0 0 0 0
0.717202 0.666667 -38.1814 -38.0014 -1.92849 0 0 0 0
0.717202 0.6 -19.0907 -19.0007 -1.92849 0 0 0 0
0.717202 0.633333 -9.54534 -9.50035 -1.92849 0 0 0 0
0.717202 0.633333 -4.77267 -4.75018 -1.92849 0 0 0 0
0.717202 0.7 -2.38634 -2.37509 -1.92849 0 0 0 1
0.717202 0.733333 -1.19317 -1.18754 -1.92849 0 0 0 1
0.717202 0.8 -0.596584 -0.593772 -1.92849 0 0 0 1
0.717202 0.8 -0.298292 -0.296886 -1.92849 0 0 0 1
0.717202 0.9 -0.149146 -0.148443 -1.92849 0 0 0 1
0.717202 0.9 -0.074573 -0.0742215 -1.92849 0 0 0 1
0.717202 0.9 -0.0372865 -0.0371108 -1.92849 0 0 0 1
0.717202 0.9 -0.0186432 -0.0185554 -1.92849 0 0 0 1
0.717202 0.9 -0.00932162 -0.00927769 -1.92849 0 0 0 1
0.717202 0.9 -0.00466081 -0.00463885 -1.92849 0 0 0 1
0.717202 0.9 -0.00233041 -0.00231942 -1.92849 0 0 0 1
0.717202 0.9 -0.0011652 -0.00115971 -1.92849 0 0 0 1
0.717202 0.9 -0.000582601 -0.000579856 -1.92849 0 0 0 1
0.717202 0.9 -0.000291301 -0.000289928 -1.92849 0 0 0 1
0.717202 0.9 -0.00014565 -0.000144964 -1.92849 0 0 0 1
0.717202 0.9 -7.28252e-005 -7.2482e-005 -1.92849 0 0 0 1
0.717202 0.9 -3.64126e-005 -3.6241e-005 -1.92849 0 0 0 1
0.717202 0.9 -1.82063e-005 -1.81205e-005 -1.92849 0 0 0 1
0.717202 0.9 -9.10315e-006 -9.06024e-006 -1.92849 0 0 0 1
0.717202 0.9 -4.55157e-006 -4.53012e-006 -1.92849 0 0 0 1
0.717202 0.9 -2.27579e-006 -2.26506e-006 -1.92849 0 0 0 1
0.717202 0.9 -1.13789e-006 -1.13253e-006 -1.92849 0 0 0 1
0.717202 0.9 -5.68947e-007 -5.66265e-007 -1.92849 0 0 0 1
0.717202 0.9 -2.84473e-007 -2.83133e-007 -1.92849 0 0 0 1
0.717202 0.9 -1.42237e-007 -1.41566e-007 -1.92849 0 0 0 1
0.717202 0.9 -7.11183e-008 -7.07832e-008 -1.92849 0 0 0 1
0.717202 0.9 -3.55592e-008 -3.53916e-008 -1.92849 0 0 0 1
0.717202 0.9 -1.77796e-008 -1.76958e-008 -1.92849 0 0 0 1
0.717202 0.9 -8.88979e-009 -8.8479e-009 -1.92849 0 0 0 1
0.717202 0.9 -4.4449e-009 -4.42395e-009 -1.92849 0 0 0 1
0.717202 0.9 -2.22245e-009 -2.21197e-009 -1.92849 0 0 0 1
0.717202 0.9 -1.11122e-009 -1.10599e-009 -1.92849 0 0 0 1
0.717202 0.9 -5.55612e-010 -5.52993e-010 -1.92849 0 0 0 1
0.717202 0.9 -2.77806e-010 -2.76497e-010 -1.92849 0 0 0 1
0.717202 0.9 -1.38903e-010 -1.38248e-010 -1.92849 0 0 0 1
0.717202 0.9 -6.94515e-011 -6.91242e-011 -1.92849 0 0 0 1
0.717202 0.9 -3.47258e-011 -3.45621e-011 -1.92849 0 0 0 1
0.717202 0.9 -1.73629e-011 -1.7281e-011 -1.92849 0 0 0 1
0.717202 0.9 -8.68144e-012 -8.64052e-012 -1.92849 0 0 0 1
0.717202 0.9 -4.34072e-012 -4.32026e-012 -1.92849 0 0 0 1
0.717202 0.9 -2.17036e-012 -2.16013e-012 -1.92849 0 0 0 1
0.717202 0.9 -1.08518e-012 -1.08007e-012 -1.92849 0 0 0 1
0.717202 0.9 -5.4259e-013 -5.40033e-013 -1.92849 0 0 0 0
0.717202 0.9 -2.71295e-013 -2.70016e-013 -1.92849 0 0 0 0
0.675406 0.9 -25 -25 -6.34279 0 0 0 0
0.675406 0.8 -12.5 -12.5 -6.34279 0 0 0 0
0.724195 0.8 -31.25 -31.25 -6.34279 0 0 0 0
0.724195 0.8 -15.625 -15.625 -6.34279 0 0 0 0
0.579356 0.8 -32.8125 -5.3125 2.12576 0 0 0 0
0.370788 0.733333 -32.2396 -5.30777 2.90061 0 0 0 0
0.577978 0.7 -41.1198 9.18822 1.72049 0 0 0 0
0.621944 0.633333 -45.5599 -20.4059 0.976392 0 0 0 0
0.497555 0.7 -13.1371 -10.2029 -1.61889 0 0 0 0
0.318435 0.633333 -11.5028 -4.11463 -1.61889 0 0 0 0
0.254748 0.6 -10.6427 2.37817 -1.61889 0 0 0 0
0.203798 0.533333 -30.3213 9.27732 0.704891 0 0 0 0
0.130431 0.5 -18.7791 4.63866 0.704891 0 0 0 0
0.104345 0.533333 -34.3895 2.31933 0.704891 0 0 0 0
0.0834759 0.5 -42.1948 1.15966 0.704891 0 0 0 0
0.0667807 0.566667 -28.9462 0.579832 0.704891 0 0 0 0
0.0534245 0.5 -39.4731 0.289916 0.704891 0 0 0 0
0.0427396 0.6 -26.7133 2.30013 0.704891 0 0 0 0
0.0341917 0.533333 -17.304 1.15007 0.704891 0 0 0 0
0.416412 0.6 -33.652 -24.425 0.704891 0 0 0 0
0.33313 0.533333 -28.6681 -10.8236 -2.23609 0 0 0 0
0.213203 0.6 -25.1893 -3.76706 0.01113 0 0 0 0
0.13645 0.533333 -18.1868 -1.14824 -1.7911 0 0 0 0
0.0873279 0.566667 -34.0934 -0.574118 -1.7911 0 0 0 0
0.0698623 0.566667 -8.71336 -0.287059 0.167123 0 0 0 0
0.0447119 0.566667 -9.56501 0.550915 0.167123 0 0 0 0
0.0286156 0.566667 -29.7825 0.275457 0.167123 0 0 0 0
0.0228925 0.566667 -39.8913 0.137729 0.167123 0 0 0 0
0.018314 0.566667 -17.3742 0.0688644 0.167123 0 0 0 0
0.0146512 0.6 -33.6871 0.0344322 0.167123 0 0 0 0
0.011721 0.533333 -41.8435 0.0172161 0.167123 0 0 0 0
0.00937676 0.633333 -23.4218 2.15147 0.167123 0 0 0 0
0.405626 0.566667 -36.7109 1.07573 0.167123 0 0 0 0
0.324501 0.666667 -43.3554 0.537866 0.167123 0 0 0 0
0.55576 0.666667 -46.6777 -24.7311 2.9337 0 0 0 0
0.733456 0.666667 -26.3794 -12.3655 2.9337 0 0 0 0
0.586765 0.666667 -16.7611 -6.18277 2.9337 0 0 0 0
0.469412 0.733333 -33.3806 -1.36725 -0.253041 0 0 0 0
0.300424 0.7 -41.6903 -1.54569 0.397567 0 0 0 0
0.192271 0.7 -45.8451 -9.98337 2.71805 0 0 0 0
0.123054 0.7 -47.9226 2.26638 -0.425557 0 0 0 0
0.0787543 0.633333 -32.0168 4.46652 -0.425557 0 0 0 0
0.0630034 0.6 -41.0084 -7.44416 -0.940446 0 0 0 0
0.424193 0.666667 -45.5042 -28.7221 0.247643 0 0 0 0
0.603613 0.6 -47.7521 -39.361 0.198115 0 0 0 0
0.48289 0.6 -48.8761 -22.8055 0.198115 0 0 0 0
0.30905 0.566667 -41.938 -6.16082 -1.24151 0 0 0 0
0.197792 0.566667 -40.9169 6.47841 -1.39321 0 0 0 0
0.49494 0.533333 -45.4585 0.0133992 -1.39321 0 0 0 0
0.590057 0.566667 -47.7292 -24.9933 -0.114565 0 0 0 0
0.754034 0.533333 -48.8646 -16.9084 -0.114565 0 0 0 0
0.482582 0.533333 -49.4323 -3.52997 0.908348 0 0 0 0
0.308852 0.6 -30.5672 6.98502 -0.473322 0 0 0 0
0.197666 0.566667 -40.2836 -2.36687 0.221343 0 0 0 0
0.475904 0.6 -45.1418 -26.1834 -6.62293 0 0 0 0
0.380723 0.566667 -47.5709 -1.66315 -6.62293 0 0 0 0
0.243663 0.633333 -48.7855 -4.99824 -4.29834 0 0 0 0
0.155944 0.566667 -30.2751 8.16265 3.36133 0 0 0 0
0.459883 0.633333 -40.1375 -20.9187 1.48906 0 0 0 0
0.459883 0.566667 -20.0688 -10.4593 1.48906 0 0 0 0
0.620744 0.633333 -35.0344 -30.2297 0.79125 0 0 0 0
0.620744 0.566667 -17.5172 -15.1148 0.79125 0 0 0 0
0.772446 0.633333 -33.7586 -11.073 3.233 0 0 0 0
0.772446 0.566667 -16.8793 -5.53652 3.233 0 0 0 1
0.494366 0.633333 -33.4396 -8.18493 2.7864 0 0 0 1
0.494366 0.566667 -16.7198 -4.09246 2.7864 0 0 0 1
0.494366 0.666667 -8.35991 -2.04623 2.7864 0 0 0 1
0.494366 0.666667 -4.17996 -1.02312 2.7864 0 0 0 1
0.494366 0.766667 -2.08998 -0.511558 2.7864 0 0 0 1
0.494366 0.766667 -1.04499 -0.255779 2.7864 0 0 0 1
0.494366 0.833333 -0.522495 -0.127889 2.7864 0 0 0 1
0.494366 0.833333 -0.261247 -0.0639447 2.7864 0 0 0 1
0.494366 0.9 -0.130624 -0.0319724 2.7864 0 0 0 1
0.494366 0.9 -0.0653118 -0.0159862 2.7864 0 0 0 1
0.494366 0.9 -0.0326559 -0.00799309 2.7864 0 0 0 1
0.494366 0.9 -0.016328 -0.00399655 2.7864 0 0 0 1
0.494366 0.9 -0.00816398 -0.00199827 2.7864 0 0 0 1
0.494366 0.9 -0.00408199 -0.000999137 2.7864 0 0 0 1
0.494366 0.9 -0.00204099 -0.000499568 2.7864 0 0 0 1
0.494366 0.9 -0.0010205 -0.000249784 2.7864 0 0 0 1
0.494366 0.9 -0.000510249 -0.000124892 2.7864 0 0 0 1
0.395492 0.9 -25.0003 -6.2446e-005 2.7864 0 0 0 1
0.395492 0.8 -12.5001 -3.1223e-005 2.7864 0 0 0 1
0.395492 0.8 -6.25006 -1.56115e-005 2.7864 0 0 0 1
0.395492 0.8 -3.12503 -7.80575e-006 2.7864 0 0 0 1
0.395492 0.8 -1.56252 -3.90288e-006 2.7864 0 0 0 1
0.395492 0.8 -0.781258 -1.95144e-006 2.7864 0 0 0 1
0.395492 0.8 -0.390629 -9.75719e-007 2.7864 0 0 0 1
0.395492 0.8 -0.195314 -4.8786e-007 2.7864 0 0 0 1
0.395492 0.9 -0.0976572 -2.4393e-007 2.7864 0 0 0 1
0.395492 0.9 -0.0488286 -1.21965e-007 2.7864 0 0 0 1
0.395492 0.9 -0.0244143 -6.09825e-008 2.7864 0 0 0 1
0.395492 0.9 -0.0122072 -3.04912e-008 2.7864 0 0 0 1
0.395492 0.9 -0.00610358 -1.52456e-008 2.7864 0 0 0 1
0.395492 0.9 -0.00305179 -7.62281e-009 2.7864 0 0 0 1
0.395492 0.9 -0.00152589 -3.8114e-009 2.7864 0 0 0 1
0.395492 0.9 -0.000762947 -1.9057e-009 2.7864 0 0 0 1
0.395492 0.9 -0.000381474 -9.52851e-010 2.7864 0 0 0 1
0.395492 0.9 -0.000190737 -4.76425e-010 2.7864 0 0 0 1
0.395492 0.9 -9.53684e-005 -2.38213e-010 2.7864 0 0 0 1
0.395492 0.9 -4.76842e-005 -1.19106e-010 2.7864 0 0 0 1
0.395492 0.9 -2.38421e-005 -5.95532e-011 2.7864 0 0 0 1
0.395492 0.9 -1.19211e-005 -2.97766e-011 2.7864 0 0 0 1
0.395492 0.9 -5.96053e-006 -1.48883e-011 2.7864 0 0 0 1
0.395492 0.9 -2.98026e-006 -7.44415e-012 2.7864 0 0 0 1
0.395492 0.9 -1.49013e-006 -3.72207e-012 2.7864 0 0 0 1
0.395492 0.9 -7.45066e-007 -1.86104e-012 2.7864 0 0 0 1
0.395492 0.9 -3.72533e-007 -9.30518e-013 2.7864 0 0 0 1
0.395492 0.9 -1.86266e-007 -4.65259e-013 2.7864 0 0 0 1
0.253115 0.9 -25 -3.52564 3.42912 0 0 0 1
0.253115 0.8 -12.5 -1.76282 3.42912 0 0 0 1
0.497196 0.8 -31.25 -25.8814 3.42912 0 0 0 1
0.397757 0.733333 -12.0994 -16.4663 1.9433 0 0 0 1
0.590923 0.7 -31.0497 -7.21966 -4.24536 0 0 0 1
0.378191 0.633333 -13.4415 8.89017 -4.24536 0 0 0 1
0.378191 0.633333 -6.72075 4.44509 -4.24536 0 0 0 1
0.581532 0.633333 -18.163 2.22254 -4.24536 0 0 0 1
0.748919 0.7 -5.13414 1.11127 -4.24536 0 0 0 1
0.909611 0.633333 -27.5671 -24.4444 -4.24536 0 0 0 1
0.727689 0.633333 -38.7835 -12.2222 -4.24536 0 0 0 1
0.582151 0.666667 -34.2355 -4.54859 1.40371 0 0 0 1
0.623546 0.666667 -42.1178 -27.2743 -0.877032 0 0 0 1
0.699302 0.666667 -46.0589 -38.6371 -0.901626 0 0 0 1
0.735665 0.666667 -48.0294 -44.3186 -0.901626 0 0 0 1
